# time = 75.5769
# Grid Poins = 256    variable_0    variable_1    variable_2    variable_3    variable_4    variable_5    variable_6
   9.5000121501e+02   1.1650042376e-01   0.0000000000e+00   4.9999756998e-01   0.0000000000e+00   0.0000000000e+00   3.8350200625e-01
   9.5000121501e+02   1.1650042376e-01   0.0000000000e+00   4.9999756998e-01   0.0000000000e+00   0.0000000000e+00   3.8350200625e-01
   9.5000121501e+02   1.1650042376e-01   0.0000000000e+00   4.9999756998e-01   0.0000000000e+00   0.0000000000e+00   3.8350200625e-01
   9.5000121501e+02   1.1650042376e-01   0.0000000000e+00   4.9999756998e-01   0.0000000000e+00   0.0000000000e+00   3.8350200625e-01
   9.5000173993e+02   1.1650066837e-01   0.0000000000e+00   4.9999652015e-01   0.0000000000e+00   0.0000000000e+00   3.8350281148e-01
   9.5000173993e+02   1.1650066837e-01   0.0000000000e+00   4.9999652015e-01   0.0000000000e+00   0.0000000000e+00   3.8350281148e-01
   9.5000173993e+02   1.1650066837e-01   0.0000000000e+00   4.9999652015e-01   0.0000000000e+00   0.0000000000e+00   3.8350281148e-01
   9.5000173993e+02   1.1650066837e-01   0.0000000000e+00   4.9999652015e-01   0.0000000000e+00   0.0000000000e+00   3.8350281148e-01
   9.5000199465e+02   1.1650078708e-01   0.0000000000e+00   4.9999601070e-01   0.0000000000e+00   0.0000000000e+00   3.8350320222e-01
   9.5000199465e+02   1.1650078708e-01   0.0000000000e+00   4.9999601070e-01   0.0000000000e+00   0.0000000000e+00   3.8350320222e-01
   9.5000199465e+02   1.1650078708e-01   0.0000000000e+00   4.9999601070e-01   0.0000000000e+00   0.0000000000e+00   3.8350320222e-01
   9.5000199465e+02   1.1650078708e-01   0.0000000000e+00   4.9999601070e-01   0.0000000000e+00   0.0000000000e+00   3.8350320222e-01
   9.5000173993e+02   1.1650066837e-01   0.0000000000e+00   4.9999652015e-01   0.0000000000e+00   0.0000000000e+00   3.8350281148e-01
   9.5000173993e+02   1.1650066837e-01   0.0000000000e+00   4.9999652015e-01   0.0000000000e+00   0.0000000000e+00   3.8350281148e-01
   9.5000173993e+02   1.1650066837e-01   0.0000000000e+00   4.9999652015e-01   0.0000000000e+00   0.0000000000e+00   3.8350281148e-01
   9.5000173993e+02   1.1650066837e-01   0.0000000000e+00   4.9999652015e-01   0.0000000000e+00   0.0000000000e+00   3.8350281148e-01
   9.4999995941e+02   1.1649983866e-01   0.0000000000e+00   5.0000008118e-01   0.0000000000e+00   0.0000000000e+00   3.8350008016e-01
   9.4999995941e+02   1.1649983866e-01   0.0000000000e+00   5.0000008118e-01   0.0000000000e+00   0.0000000000e+00   3.8350008016e-01
   9.4999995941e+02   1.1649983866e-01   0.0000000000e+00   5.0000008118e-01   0.0000000000e+00   0.0000000000e+00   3.8350008016e-01
   9.4999995941e+02   1.1649983866e-01   0.0000000000e+00   5.0000008118e-01   0.0000000000e+00   0.0000000000e+00   3.8350008016e-01
   9.4999995941e+02   1.1649983866e-01   0.0000000000e+00   5.0000008118e-01   0.0000000000e+00   0.0000000000e+00   3.8350008016e-01
   9.4999995941e+02   1.1649983866e-01   0.0000000000e+00   5.0000008118e-01   0.0000000000e+00   0.0000000000e+00   3.8350008016e-01
   9.4999995941e+02   1.1649983866e-01   0.0000000000e+00   5.0000008118e-01   0.0000000000e+00   0.0000000000e+00   3.8350008016e-01
   9.4999995941e+02   1.1649983866e-01   0.0000000000e+00   5.0000008118e-01   0.0000000000e+00   0.0000000000e+00   3.8350008016e-01
   9.4999993650e+02   1.1649982798e-01   0.0000000000e+00   5.0000012700e-01   0.0000000000e+00   0.0000000000e+00   3.8350004502e-01
   9.4999993650e+02   1.1649982798e-01   0.0000000000e+00   5.0000012700e-01   0.0000000000e+00   0.0000000000e+00   3.8350004502e-01
   9.4999993650e+02   1.1649982798e-01   0.0000000000e+00   5.0000012700e-01   0.0000000000e+00   0.0000000000e+00   3.8350004502e-01
   9.4999993650e+02   1.1649982798e-01   0.0000000000e+00   5.0000012700e-01   0.0000000000e+00   0.0000000000e+00   3.8350004502e-01
   9.4999993650e+02   1.1649982798e-01   0.0000000000e+00   5.0000012700e-01   0.0000000000e+00   0.0000000000e+00   3.8350004502e-01
   9.4999993650e+02   1.1649982798e-01   0.0000000000e+00   5.0000012700e-01   0.0000000000e+00   0.0000000000e+00   3.8350004502e-01
   9.4999993650e+02   1.1649982798e-01   0.0000000000e+00   5.0000012700e-01   0.0000000000e+00   0.0000000000e+00   3.8350004502e-01
   9.4999993650e+02   1.1649982798e-01   0.0000000000e+00   5.0000012700e-01   0.0000000000e+00   0.0000000000e+00   3.8350004502e-01
   9.5000171691e+02   1.1650065765e-01   0.0000000000e+00   4.9999656618e-01   0.0000000000e+00   0.0000000000e+00   3.8350277617e-01
   9.5000171691e+02   1.1650065765e-01   0.0000000000e+00   4.9999656618e-01   0.0000000000e+00   0.0000000000e+00   3.8350277617e-01
   9.5000171691e+02   1.1650065765e-01   0.0000000000e+00   4.9999656618e-01   0.0000000000e+00   0.0000000000e+00   3.8350277617e-01
   9.5000171691e+02   1.1650065765e-01   0.0000000000e+00   4.9999656618e-01   0.0000000000e+00   0.0000000000e+00   3.8350277617e-01
   9.5000164219e+02   1.1650062283e-01   0.0000000000e+00   4.9999671562e-01   0.0000000000e+00   0.0000000000e+00   3.8350266155e-01
   9.5000164219e+02   1.1650062283e-01   0.0000000000e+00   4.9999671562e-01   0.0000000000e+00   0.0000000000e+00   3.8350266155e-01
   9.5000164219e+02   1.1650062283e-01   0.0000000000e+00   4.9999671562e-01   0.0000000000e+00   0.0000000000e+00   3.8350266155e-01
   9.5000164219e+02   1.1650062283e-01   0.0000000000e+00   4.9999671562e-01   0.0000000000e+00   0.0000000000e+00   3.8350266155e-01
   9.5000139501e+02   1.1650050764e-01   0.0000000000e+00   4.9999720999e-01   0.0000000000e+00   0.0000000000e+00   3.8350228237e-01
   9.5000139501e+02   1.1650050764e-01   0.0000000000e+00   4.9999720999e-01   0.0000000000e+00   0.0000000000e+00   3.8350228237e-01
   9.5000139501e+02   1.1650050764e-01   0.0000000000e+00   4.9999720999e-01   0.0000000000e+00   0.0000000000e+00   3.8350228237e-01
   9.5000139501e+02   1.1650050764e-01   0.0000000000e+00   4.9999720999e-01   0.0000000000e+00   0.0000000000e+00   3.8350228237e-01
   9.5000139501e+02   1.1650050764e-01   0.0000000000e+00   4.9999720999e-01   0.0000000000e+00   0.0000000000e+00   3.8350228237e-01
   9.5000139501e+02   1.1650050764e-01   0.0000000000e+00   4.9999720999e-01   0.0000000000e+00   0.0000000000e+00   3.8350228237e-01
   9.5000139501e+02   1.1650050764e-01   0.0000000000e+00   4.9999720999e-01   0.0000000000e+00   0.0000000000e+00   3.8350228237e-01
   9.5000139501e+02   1.1650050764e-01   0.0000000000e+00   4.9999720999e-01   0.0000000000e+00   0.0000000000e+00   3.8350228237e-01
   9.4999997362e+02   1.1649984528e-01   0.0000000000e+00   5.0000005277e-01   0.0000000000e+00   0.0000000000e+00   3.8350010196e-01
   9.4999997362e+02   1.1649984528e-01   0.0000000000e+00   5.0000005277e-01   0.0000000000e+00   0.0000000000e+00   3.8350010196e-01
   9.4999997362e+02   1.1649984528e-01   0.0000000000e+00   5.0000005277e-01   0.0000000000e+00   0.0000000000e+00   3.8350010196e-01
   9.4999997362e+02   1.1649984528e-01   0.0000000000e+00   5.0000005277e-01   0.0000000000e+00   0.0000000000e+00   3.8350010196e-01
   9.4999906762e+02   1.1649942308e-01   0.0000000000e+00   5.0000186476e-01   0.0000000000e+00   0.0000000000e+00   3.8349871216e-01
   9.4999906762e+02   1.1649942308e-01   0.0000000000e+00   5.0000186476e-01   0.0000000000e+00   0.0000000000e+00   3.8349871216e-01
   9.4999906762e+02   1.1649942308e-01   0.0000000000e+00   5.0000186476e-01   0.0000000000e+00   0.0000000000e+00   3.8349871216e-01
   9.4999906762e+02   1.1649942308e-01   0.0000000000e+00   5.0000186476e-01   0.0000000000e+00   0.0000000000e+00   3.8349871216e-01
   9.4999952062e+02   1.1649963418e-01   0.0000000000e+00   5.0000095876e-01   0.0000000000e+00   0.0000000000e+00   3.8349940706e-01
   9.4999952062e+02   1.1649963418e-01   0.0000000000e+00   5.0000095876e-01   0.0000000000e+00   0.0000000000e+00   3.8349940706e-01
   9.4999952062e+02   1.1649963418e-01   0.0000000000e+00   5.0000095876e-01   0.0000000000e+00   0.0000000000e+00   3.8349940706e-01
   9.4999952062e+02   1.1649963418e-01   0.0000000000e+00   5.0000095876e-01   0.0000000000e+00   0.0000000000e+00   3.8349940706e-01
   9.4999997362e+02   1.1649984528e-01   0.0000000000e+00   5.0000005277e-01   0.0000000000e+00   0.0000000000e+00   3.8350010196e-01
   9.4999997362e+02   1.1649984528e-01   0.0000000000e+00   5.0000005277e-01   0.0000000000e+00   0.0000000000e+00   3.8350010196e-01
   9.4999906762e+02   1.1649942308e-01   0.0000000000e+00   5.0000186476e-01   0.0000000000e+00   0.0000000000e+00   3.8349871216e-01
   9.4999906762e+02   1.1649942308e-01   0.0000000000e+00   5.0000186476e-01   0.0000000000e+00   0.0000000000e+00   3.8349871216e-01
   9.4999964638e+02   1.1649969279e-01   0.0000000000e+00   5.0000070723e-01   0.0000000000e+00   0.0000000000e+00   3.8349959998e-01
   9.4999964638e+02   1.1649969279e-01   0.0000000000e+00   5.0000070723e-01   0.0000000000e+00   0.0000000000e+00   3.8349959998e-01
   9.4999964638e+02   1.1649969279e-01   0.0000000000e+00   5.0000070723e-01   0.0000000000e+00   0.0000000000e+00   3.8349959998e-01
   9.4999964638e+02   1.1649969279e-01   0.0000000000e+00   5.0000070723e-01   0.0000000000e+00   0.0000000000e+00   3.8349959998e-01
   9.4999962800e+02   1.1649968422e-01   0.0000000000e+00   5.0000074400e-01   0.0000000000e+00   0.0000000000e+00   3.8349957179e-01
   9.4999962800e+02   1.1649968422e-01   0.0000000000e+00   5.0000074400e-01   0.0000000000e+00   0.0000000000e+00   3.8349957179e-01
   9.4999962800e+02   1.1649968422e-01   0.0000000000e+00   5.0000074400e-01   0.0000000000e+00   0.0000000000e+00   3.8349957179e-01
   9.4999962800e+02   1.1649968422e-01   0.0000000000e+00   5.0000074400e-01   0.0000000000e+00   0.0000000000e+00   3.8349957179e-01
   9.4999968682e+02   1.1649971163e-01   0.0000000000e+00   5.0000062635e-01   0.0000000000e+00   0.0000000000e+00   3.8349966202e-01
   9.4999968682e+02   1.1649971163e-01   0.0000000000e+00   5.0000062635e-01   0.0000000000e+00   0.0000000000e+00   3.8349966202e-01
   9.4999968682e+02   1.1649971163e-01   0.0000000000e+00   5.0000062635e-01   0.0000000000e+00   0.0000000000e+00   3.8349966202e-01
   9.4999968682e+02   1.1649971163e-01   0.0000000000e+00   5.0000062635e-01   0.0000000000e+00   0.0000000000e+00   3.8349966202e-01
   9.4999966844e+02   1.1649970306e-01   0.0000000000e+00   5.0000066312e-01   0.0000000000e+00   0.0000000000e+00   3.8349963382e-01
   9.4999966844e+02   1.1649970306e-01   0.0000000000e+00   5.0000066312e-01   0.0000000000e+00   0.0000000000e+00   3.8349963382e-01
   9.4999966844e+02   1.1649970306e-01   0.0000000000e+00   5.0000066312e-01   0.0000000000e+00   0.0000000000e+00   3.8349963382e-01
   9.4999966844e+02   1.1649970306e-01   0.0000000000e+00   5.0000066312e-01   0.0000000000e+00   0.0000000000e+00   3.8349963382e-01
   9.4999974666e+02   1.1649973951e-01   0.0000000000e+00   5.0000050669e-01   0.0000000000e+00   0.0000000000e+00   3.8349975380e-01
   9.4999974666e+02   1.1649973951e-01   0.0000000000e+00   5.0000050669e-01   0.0000000000e+00   0.0000000000e+00   3.8349975380e-01
   9.4999974666e+02   1.1649973951e-01   0.0000000000e+00   5.0000050669e-01   0.0000000000e+00   0.0000000000e+00   3.8349975380e-01
   9.4999974666e+02   1.1649973951e-01   0.0000000000e+00   5.0000050669e-01   0.0000000000e+00   0.0000000000e+00   3.8349975380e-01
   9.4999974666e+02   1.1649973951e-01   0.0000000000e+00   5.0000050669e-01   0.0000000000e+00   0.0000000000e+00   3.8349975380e-01
   9.4999974666e+02   1.1649973951e-01   0.0000000000e+00   5.0000050669e-01   0.0000000000e+00   0.0000000000e+00   3.8349975380e-01
   9.4999974666e+02   1.1649973951e-01   0.0000000000e+00   5.0000050669e-01   0.0000000000e+00   0.0000000000e+00   3.8349975380e-01
   9.4999974666e+02   1.1649973951e-01   0.0000000000e+00   5.0000050669e-01   0.0000000000e+00   0.0000000000e+00   3.8349975380e-01
   9.4999974666e+02   1.1649973951e-01   0.0000000000e+00   5.0000050669e-01   0.0000000000e+00   0.0000000000e+00   3.8349975380e-01
   9.4999974666e+02   1.1649973951e-01   0.0000000000e+00   5.0000050669e-01   0.0000000000e+00   0.0000000000e+00   3.8349975380e-01
   9.4999974666e+02   1.1649973951e-01   0.0000000000e+00   5.0000050669e-01   0.0000000000e+00   0.0000000000e+00   3.8349975380e-01
   9.4999974666e+02   1.1649973951e-01   0.0000000000e+00   5.0000050669e-01   0.0000000000e+00   0.0000000000e+00   3.8349975380e-01
   9.4999974666e+02   1.1649973951e-01   0.0000000000e+00   5.0000050669e-01   0.0000000000e+00   0.0000000000e+00   3.8349975380e-01
   9.4999974666e+02   1.1649973951e-01   0.0000000000e+00   5.0000050669e-01   0.0000000000e+00   0.0000000000e+00   3.8349975380e-01
   9.4999974666e+02   1.1649973951e-01   0.0000000000e+00   5.0000050669e-01   0.0000000000e+00   0.0000000000e+00   3.8349975380e-01
   9.4999974666e+02   1.1649973951e-01   0.0000000000e+00   5.0000050669e-01   0.0000000000e+00   0.0000000000e+00   3.8349975380e-01
   9.4999932353e+02   1.1649954233e-01   0.0000000000e+00   5.0000135295e-01   0.0000000000e+00   0.0000000000e+00   3.8349910472e-01
   9.4999932353e+02   1.1649954233e-01   0.0000000000e+00   5.0000135295e-01   0.0000000000e+00   0.0000000000e+00   3.8349910472e-01
   9.4999932353e+02   1.1649954233e-01   0.0000000000e+00   5.0000135295e-01   0.0000000000e+00   0.0000000000e+00   3.8349910472e-01
   9.4999932353e+02   1.1649954233e-01   0.0000000000e+00   5.0000135295e-01   0.0000000000e+00   0.0000000000e+00   3.8349910472e-01
   9.4999945443e+02   1.1649960333e-01   0.0000000000e+00   5.0000109114e-01   0.0000000000e+00   0.0000000000e+00   3.8349930552e-01
   9.4999945443e+02   1.1649960333e-01   0.0000000000e+00   5.0000109114e-01   0.0000000000e+00   0.0000000000e+00   3.8349930552e-01
   9.4999945443e+02   1.1649960333e-01   0.0000000000e+00   5.0000109114e-01   0.0000000000e+00   0.0000000000e+00   3.8349930552e-01
   9.4999945443e+02   1.1649960333e-01   0.0000000000e+00   5.0000109114e-01   0.0000000000e+00   0.0000000000e+00   3.8349930552e-01
   9.4999974759e+02   1.1649973995e-01   0.0000000000e+00   5.0000050482e-01   0.0000000000e+00   0.0000000000e+00   3.8349975524e-01
   9.4999974759e+02   1.1649973995e-01   0.0000000000e+00   5.0000050482e-01   0.0000000000e+00   0.0000000000e+00   3.8349975524e-01
   9.4999974759e+02   1.1649973995e-01   0.0000000000e+00   5.0000050482e-01   0.0000000000e+00   0.0000000000e+00   3.8349975524e-01
   9.4999974759e+02   1.1649973995e-01   0.0000000000e+00   5.0000050482e-01   0.0000000000e+00   0.0000000000e+00   3.8349975524e-01
   9.4999974763e+02   1.1649973997e-01   0.0000000000e+00   5.0000050473e-01   0.0000000000e+00   0.0000000000e+00   3.8349975530e-01
   9.4999974763e+02   1.1649973997e-01   0.0000000000e+00   5.0000050473e-01   0.0000000000e+00   0.0000000000e+00   3.8349975530e-01
   9.4999974763e+02   1.1649973997e-01   0.0000000000e+00   5.0000050473e-01   0.0000000000e+00   0.0000000000e+00   3.8349975530e-01
   9.4999974763e+02   1.1649973997e-01   0.0000000000e+00   5.0000050473e-01   0.0000000000e+00   0.0000000000e+00   3.8349975530e-01
   9.4999974761e+02   1.1649973996e-01   0.0000000000e+00   5.0000050477e-01   0.0000000000e+00   0.0000000000e+00   3.8349975527e-01
   9.4999974761e+02   1.1649973996e-01   0.0000000000e+00   5.0000050477e-01   0.0000000000e+00   0.0000000000e+00   3.8349975527e-01
   9.4999974761e+02   1.1649973996e-01   0.0000000000e+00   5.0000050477e-01   0.0000000000e+00   0.0000000000e+00   3.8349975527e-01
   9.4999974761e+02   1.1649973996e-01   0.0000000000e+00   5.0000050477e-01   0.0000000000e+00   0.0000000000e+00   3.8349975527e-01
   9.4999945443e+02   1.1649960333e-01   0.0000000000e+00   5.0000109114e-01   0.0000000000e+00   0.0000000000e+00   3.8349930552e-01
   9.4999945443e+02   1.1649960333e-01   0.0000000000e+00   5.0000109114e-01   0.0000000000e+00   0.0000000000e+00   3.8349930552e-01
   9.4999945443e+02   1.1649960333e-01   0.0000000000e+00   5.0000109114e-01   0.0000000000e+00   0.0000000000e+00   3.8349930552e-01
   9.4999945443e+02   1.1649960333e-01   0.0000000000e+00   5.0000109114e-01   0.0000000000e+00   0.0000000000e+00   3.8349930552e-01
   9.4999974752e+02   1.1649973992e-01   0.0000000000e+00   5.0000050496e-01   0.0000000000e+00   0.0000000000e+00   3.8349975513e-01
   9.4999974752e+02   1.1649973992e-01   0.0000000000e+00   5.0000050496e-01   0.0000000000e+00   0.0000000000e+00   3.8349975513e-01
   9.4999958533e+02   1.1649966434e-01   0.0000000000e+00   5.0000082933e-01   0.0000000000e+00   0.0000000000e+00   3.8349950633e-01
   9.4999958533e+02   1.1649966434e-01   0.0000000000e+00   5.0000082933e-01   0.0000000000e+00   0.0000000000e+00   3.8349950633e-01
   9.4999958533e+02   1.1649966434e-01   0.0000000000e+00   5.0000082933e-01   0.0000000000e+00   0.0000000000e+00   3.8349950633e-01
   9.4999958533e+02   1.1649966434e-01   0.0000000000e+00   5.0000082933e-01   0.0000000000e+00   0.0000000000e+00   3.8349950633e-01
   9.4999974770e+02   1.1649974000e-01   0.0000000000e+00   5.0000050459e-01   0.0000000000e+00   0.0000000000e+00   3.8349975541e-01
   9.4999974770e+02   1.1649974000e-01   0.0000000000e+00   5.0000050459e-01   0.0000000000e+00   0.0000000000e+00   3.8349975541e-01
   9.4999928046e+02   1.1649952227e-01   0.0000000000e+00   5.0000143907e-01   0.0000000000e+00   0.0000000000e+00   3.8349903866e-01
   9.4999928046e+02   1.1649952227e-01   0.0000000000e+00   5.0000143907e-01   0.0000000000e+00   0.0000000000e+00   3.8349903866e-01
   9.4999928046e+02   1.1649952227e-01   0.0000000000e+00   5.0000143907e-01   0.0000000000e+00   0.0000000000e+00   3.8349903866e-01
   9.4999928046e+02   1.1649952227e-01   0.0000000000e+00   5.0000143907e-01   0.0000000000e+00   0.0000000000e+00   3.8349903866e-01
   9.4999928046e+02   1.1649952227e-01   0.0000000000e+00   5.0000143907e-01   0.0000000000e+00   0.0000000000e+00   3.8349903866e-01
   9.4999928046e+02   1.1649952227e-01   0.0000000000e+00   5.0000143907e-01   0.0000000000e+00   0.0000000000e+00   3.8349903866e-01
   9.4999928046e+02   1.1649952227e-01   0.0000000000e+00   5.0000143907e-01   0.0000000000e+00   0.0000000000e+00   3.8349903866e-01
   9.4999928046e+02   1.1649952227e-01   0.0000000000e+00   5.0000143907e-01   0.0000000000e+00   0.0000000000e+00   3.8349903866e-01
   9.5000032259e+02   1.1650000790e-01   0.0000000000e+00   4.9999935482e-01   0.0000000000e+00   0.0000000000e+00   3.8350063729e-01
   9.5000032259e+02   1.1650000790e-01   0.0000000000e+00   4.9999935482e-01   0.0000000000e+00   0.0000000000e+00   3.8350063729e-01
   9.5000029611e+02   1.1649999556e-01   0.0000000000e+00   4.9999940778e-01   0.0000000000e+00   0.0000000000e+00   3.8350059666e-01
   9.5000029611e+02   1.1649999556e-01   0.0000000000e+00   4.9999940778e-01   0.0000000000e+00   0.0000000000e+00   3.8350059666e-01
   9.5000032259e+02   1.1650000790e-01   0.0000000000e+00   4.9999935482e-01   0.0000000000e+00   0.0000000000e+00   3.8350063729e-01
   9.5000032259e+02   1.1650000790e-01   0.0000000000e+00   4.9999935482e-01   0.0000000000e+00   0.0000000000e+00   3.8350063729e-01
   9.5000045500e+02   1.1650006960e-01   0.0000000000e+00   4.9999909001e-01   0.0000000000e+00   0.0000000000e+00   3.8350084040e-01
   9.5000045500e+02   1.1650006960e-01   0.0000000000e+00   4.9999909001e-01   0.0000000000e+00   0.0000000000e+00   3.8350084040e-01
   9.4999954762e+02   1.1649964676e-01   0.0000000000e+00   5.0000090477e-01   0.0000000000e+00   0.0000000000e+00   3.8349944847e-01
   9.4999954762e+02   1.1649964676e-01   0.0000000000e+00   5.0000090477e-01   0.0000000000e+00   0.0000000000e+00   3.8349944847e-01
   9.4999954762e+02   1.1649964676e-01   0.0000000000e+00   5.0000090477e-01   0.0000000000e+00   0.0000000000e+00   3.8349944847e-01
   9.4999954762e+02   1.1649964676e-01   0.0000000000e+00   5.0000090477e-01   0.0000000000e+00   0.0000000000e+00   3.8349944847e-01
   9.4999981477e+02   1.1649977125e-01   0.0000000000e+00   5.0000037046e-01   0.0000000000e+00   0.0000000000e+00   3.8349985828e-01
   9.4999981477e+02   1.1649977125e-01   0.0000000000e+00   5.0000037046e-01   0.0000000000e+00   0.0000000000e+00   3.8349985828e-01
   9.5000034907e+02   1.1650002024e-01   0.0000000000e+00   4.9999930186e-01   0.0000000000e+00   0.0000000000e+00   3.8350067791e-01
   9.5000034907e+02   1.1650002024e-01   0.0000000000e+00   4.9999930186e-01   0.0000000000e+00   0.0000000000e+00   3.8350067791e-01
   9.4999981477e+02   1.1649977125e-01   0.0000000000e+00   5.0000037046e-01   0.0000000000e+00   0.0000000000e+00   3.8349985828e-01
   9.4999981477e+02   1.1649977125e-01   0.0000000000e+00   5.0000037046e-01   0.0000000000e+00   0.0000000000e+00   3.8349985828e-01
   9.4999981477e+02   1.1649977125e-01   0.0000000000e+00   5.0000037046e-01   0.0000000000e+00   0.0000000000e+00   3.8349985828e-01
   9.4999981477e+02   1.1649977125e-01   0.0000000000e+00   5.0000037046e-01   0.0000000000e+00   0.0000000000e+00   3.8349985828e-01
   9.4999981477e+02   1.1649977125e-01   0.0000000000e+00   5.0000037046e-01   0.0000000000e+00   0.0000000000e+00   3.8349985828e-01
   9.4999981477e+02   1.1649977125e-01   0.0000000000e+00   5.0000037046e-01   0.0000000000e+00   0.0000000000e+00   3.8349985828e-01
   9.4999981477e+02   1.1649977125e-01   0.0000000000e+00   5.0000037046e-01   0.0000000000e+00   0.0000000000e+00   3.8349985828e-01
   9.4999981477e+02   1.1649977125e-01   0.0000000000e+00   5.0000037046e-01   0.0000000000e+00   0.0000000000e+00   3.8349985828e-01
   9.4999944777e+02   1.1649960023e-01   0.0000000000e+00   5.0000110446e-01   0.0000000000e+00   0.0000000000e+00   3.8349929531e-01
   9.4999944777e+02   1.1649960023e-01   0.0000000000e+00   5.0000110446e-01   0.0000000000e+00   0.0000000000e+00   3.8349929531e-01
   9.4999944777e+02   1.1649960023e-01   0.0000000000e+00   5.0000110446e-01   0.0000000000e+00   0.0000000000e+00   3.8349929531e-01
   9.4999944777e+02   1.1649960023e-01   0.0000000000e+00   5.0000110446e-01   0.0000000000e+00   0.0000000000e+00   3.8349929531e-01
   9.4999985078e+02   1.1649978804e-01   0.0000000000e+00   5.0000029843e-01   0.0000000000e+00   0.0000000000e+00   3.8349991353e-01
   9.4999985078e+02   1.1649978804e-01   0.0000000000e+00   5.0000029843e-01   0.0000000000e+00   0.0000000000e+00   3.8349991353e-01
   9.4999985078e+02   1.1649978804e-01   0.0000000000e+00   5.0000029843e-01   0.0000000000e+00   0.0000000000e+00   3.8349991353e-01
   9.4999985078e+02   1.1649978804e-01   0.0000000000e+00   5.0000029843e-01   0.0000000000e+00   0.0000000000e+00   3.8349991353e-01
   9.4999944777e+02   1.1649960023e-01   0.0000000000e+00   5.0000110446e-01   0.0000000000e+00   0.0000000000e+00   3.8349929531e-01
   9.4999944777e+02   1.1649960023e-01   0.0000000000e+00   5.0000110446e-01   0.0000000000e+00   0.0000000000e+00   3.8349929531e-01
   9.4999985078e+02   1.1649978804e-01   0.0000000000e+00   5.0000029843e-01   0.0000000000e+00   0.0000000000e+00   3.8349991353e-01
   9.4999985078e+02   1.1649978804e-01   0.0000000000e+00   5.0000029843e-01   0.0000000000e+00   0.0000000000e+00   3.8349991353e-01
   9.4999985078e+02   1.1649978804e-01   0.0000000000e+00   5.0000029843e-01   0.0000000000e+00   0.0000000000e+00   3.8349991353e-01
   9.4999985078e+02   1.1649978804e-01   0.0000000000e+00   5.0000029843e-01   0.0000000000e+00   0.0000000000e+00   3.8349991353e-01
   9.4999944777e+02   1.1649960023e-01   0.0000000000e+00   5.0000110446e-01   0.0000000000e+00   0.0000000000e+00   3.8349929531e-01
   9.4999944777e+02   1.1649960023e-01   0.0000000000e+00   5.0000110446e-01   0.0000000000e+00   0.0000000000e+00   3.8349929531e-01
   9.5000016375e+02   1.1649993388e-01   0.0000000000e+00   4.9999967249e-01   0.0000000000e+00   0.0000000000e+00   3.8350039363e-01
   9.5000016375e+02   1.1649993388e-01   0.0000000000e+00   4.9999967249e-01   0.0000000000e+00   0.0000000000e+00   3.8350039363e-01
   9.5000016375e+02   1.1649993388e-01   0.0000000000e+00   4.9999967249e-01   0.0000000000e+00   0.0000000000e+00   3.8350039363e-01
   9.5000016375e+02   1.1649993388e-01   0.0000000000e+00   4.9999967249e-01   0.0000000000e+00   0.0000000000e+00   3.8350039363e-01
   9.5000016375e+02   1.1649993388e-01   0.0000000000e+00   4.9999967249e-01   0.0000000000e+00   0.0000000000e+00   3.8350039363e-01
   9.5000016375e+02   1.1649993388e-01   0.0000000000e+00   4.9999967249e-01   0.0000000000e+00   0.0000000000e+00   3.8350039363e-01
   9.5000016375e+02   1.1649993388e-01   0.0000000000e+00   4.9999967249e-01   0.0000000000e+00   0.0000000000e+00   3.8350039363e-01
   9.5000016375e+02   1.1649993388e-01   0.0000000000e+00   4.9999967249e-01   0.0000000000e+00   0.0000000000e+00   3.8350039363e-01
   9.4999947088e+02   1.1649961100e-01   0.0000000000e+00   5.0000105825e-01   0.0000000000e+00   0.0000000000e+00   3.8349933075e-01
   9.4999947088e+02   1.1649961100e-01   0.0000000000e+00   5.0000105825e-01   0.0000000000e+00   0.0000000000e+00   3.8349933075e-01
   9.4999947088e+02   1.1649961100e-01   0.0000000000e+00   5.0000105825e-01   0.0000000000e+00   0.0000000000e+00   3.8349933075e-01
   9.4999947088e+02   1.1649961100e-01   0.0000000000e+00   5.0000105825e-01   0.0000000000e+00   0.0000000000e+00   3.8349933075e-01
   9.4999999383e+02   1.1649985469e-01   0.0000000000e+00   5.0000001234e-01   0.0000000000e+00   0.0000000000e+00   3.8350013297e-01
   9.4999999383e+02   1.1649985469e-01   0.0000000000e+00   5.0000001234e-01   0.0000000000e+00   0.0000000000e+00   3.8350013297e-01
   9.4999999383e+02   1.1649985469e-01   0.0000000000e+00   5.0000001234e-01   0.0000000000e+00   0.0000000000e+00   3.8350013297e-01
   9.4999999383e+02   1.1649985469e-01   0.0000000000e+00   5.0000001234e-01   0.0000000000e+00   0.0000000000e+00   3.8350013297e-01
   9.5000007214e+02   1.1649989119e-01   0.0000000000e+00   4.9999985571e-01   0.0000000000e+00   0.0000000000e+00   3.8350025310e-01
   9.5000007214e+02   1.1649989119e-01   0.0000000000e+00   4.9999985571e-01   0.0000000000e+00   0.0000000000e+00   3.8350025310e-01
   9.5000007214e+02   1.1649989119e-01   0.0000000000e+00   4.9999985571e-01   0.0000000000e+00   0.0000000000e+00   3.8350025310e-01
   9.5000007214e+02   1.1649989119e-01   0.0000000000e+00   4.9999985571e-01   0.0000000000e+00   0.0000000000e+00   3.8350025310e-01
   9.4999985078e+02   1.1649978804e-01   0.0000000000e+00   5.0000029843e-01   0.0000000000e+00   0.0000000000e+00   3.8349991353e-01
   9.4999985078e+02   1.1649978804e-01   0.0000000000e+00   5.0000029843e-01   0.0000000000e+00   0.0000000000e+00   3.8349991353e-01
   9.4999985078e+02   1.1649978804e-01   0.0000000000e+00   5.0000029843e-01   0.0000000000e+00   0.0000000000e+00   3.8349991353e-01
   9.4999985078e+02   1.1649978804e-01   0.0000000000e+00   5.0000029843e-01   0.0000000000e+00   0.0000000000e+00   3.8349991353e-01
   9.4999985236e+02   1.1649978877e-01   0.0000000000e+00   5.0000029528e-01   0.0000000000e+00   0.0000000000e+00   3.8349991595e-01
   9.4999985236e+02   1.1649978877e-01   0.0000000000e+00   5.0000029528e-01   0.0000000000e+00   0.0000000000e+00   3.8349991595e-01
   9.4999985236e+02   1.1649978877e-01   0.0000000000e+00   5.0000029528e-01   0.0000000000e+00   0.0000000000e+00   3.8349991595e-01
   9.4999985236e+02   1.1649978877e-01   0.0000000000e+00   5.0000029528e-01   0.0000000000e+00   0.0000000000e+00   3.8349991595e-01
   9.4999983560e+02   1.1649978096e-01   0.0000000000e+00   5.0000032881e-01   0.0000000000e+00   0.0000000000e+00   3.8349989024e-01
   9.4999983560e+02   1.1649978096e-01   0.0000000000e+00   5.0000032881e-01   0.0000000000e+00   0.0000000000e+00   3.8349989024e-01
   9.4999983560e+02   1.1649978096e-01   0.0000000000e+00   5.0000032881e-01   0.0000000000e+00   0.0000000000e+00   3.8349989024e-01
   9.4999983560e+02   1.1649978096e-01   0.0000000000e+00   5.0000032881e-01   0.0000000000e+00   0.0000000000e+00   3.8349989024e-01
   9.5000008544e+02   1.1649989738e-01   0.0000000000e+00   4.9999982912e-01   0.0000000000e+00   0.0000000000e+00   3.8350027349e-01
   9.5000008544e+02   1.1649989738e-01   0.0000000000e+00   4.9999982912e-01   0.0000000000e+00   0.0000000000e+00   3.8350027349e-01
   9.4999999383e+02   1.1649985469e-01   0.0000000000e+00   5.0000001234e-01   0.0000000000e+00   0.0000000000e+00   3.8350013297e-01
   9.4999999383e+02   1.1649985469e-01   0.0000000000e+00   5.0000001234e-01   0.0000000000e+00   0.0000000000e+00   3.8350013297e-01
   9.4999999383e+02   1.1649985469e-01   0.0000000000e+00   5.0000001234e-01   0.0000000000e+00   0.0000000000e+00   3.8350013297e-01
   9.4999999383e+02   1.1649985469e-01   0.0000000000e+00   5.0000001234e-01   0.0000000000e+00   0.0000000000e+00   3.8350013297e-01
   9.5000005885e+02   1.1649988499e-01   0.0000000000e+00   4.9999988230e-01   0.0000000000e+00   0.0000000000e+00   3.8350023271e-01
   9.5000005885e+02   1.1649988499e-01   0.0000000000e+00   4.9999988230e-01   0.0000000000e+00   0.0000000000e+00   3.8350023271e-01
   9.4999985078e+02   1.1649978804e-01   0.0000000000e+00   5.0000029843e-01   0.0000000000e+00   0.0000000000e+00   3.8349991353e-01
   9.4999985078e+02   1.1649978804e-01   0.0000000000e+00   5.0000029843e-01   0.0000000000e+00   0.0000000000e+00   3.8349991353e-01
   9.5000072923e+02   1.1650019739e-01   0.0000000000e+00   4.9999854155e-01   0.0000000000e+00   0.0000000000e+00   3.8350126106e-01
   9.5000072923e+02   1.1650019739e-01   0.0000000000e+00   4.9999854155e-01   0.0000000000e+00   0.0000000000e+00   3.8350126106e-01
   9.5000029000e+02   1.1649999271e-01   0.0000000000e+00   4.9999941999e-01   0.0000000000e+00   0.0000000000e+00   3.8350058730e-01
   9.5000029000e+02   1.1649999271e-01   0.0000000000e+00   4.9999941999e-01   0.0000000000e+00   0.0000000000e+00   3.8350058730e-01
   9.5000029000e+02   1.1649999271e-01   0.0000000000e+00   4.9999941999e-01   0.0000000000e+00   0.0000000000e+00   3.8350058730e-01
   9.5000029000e+02   1.1649999271e-01   0.0000000000e+00   4.9999941999e-01   0.0000000000e+00   0.0000000000e+00   3.8350058730e-01
   9.4999974124e+02   1.1649973699e-01   0.0000000000e+00   5.0000051751e-01   0.0000000000e+00   0.0000000000e+00   3.8349974550e-01
   9.4999974124e+02   1.1649973699e-01   0.0000000000e+00   5.0000051751e-01   0.0000000000e+00   0.0000000000e+00   3.8349974550e-01
   9.4999974124e+02   1.1649973699e-01   0.0000000000e+00   5.0000051751e-01   0.0000000000e+00   0.0000000000e+00   3.8349974550e-01
   9.4999974124e+02   1.1649973699e-01   0.0000000000e+00   5.0000051751e-01   0.0000000000e+00   0.0000000000e+00   3.8349974550e-01
   9.4999969386e+02   1.1649971491e-01   0.0000000000e+00   5.0000061229e-01   0.0000000000e+00   0.0000000000e+00   3.8349967281e-01
   9.4999969386e+02   1.1649971491e-01   0.0000000000e+00   5.0000061229e-01   0.0000000000e+00   0.0000000000e+00   3.8349967281e-01
   9.4999975337e+02   1.1649974264e-01   0.0000000000e+00   5.0000049326e-01   0.0000000000e+00   0.0000000000e+00   3.8349976410e-01
   9.4999975337e+02   1.1649974264e-01   0.0000000000e+00   5.0000049326e-01   0.0000000000e+00   0.0000000000e+00   3.8349976410e-01
   9.4999963754e+02   1.1649968866e-01   0.0000000000e+00   5.0000072493e-01   0.0000000000e+00   0.0000000000e+00   3.8349958641e-01
   9.4999963754e+02   1.1649968866e-01   0.0000000000e+00   5.0000072493e-01   0.0000000000e+00   0.0000000000e+00   3.8349958641e-01
   9.4999963754e+02   1.1649968866e-01   0.0000000000e+00   5.0000072493e-01   0.0000000000e+00   0.0000000000e+00   3.8349958641e-01
   9.4999963754e+02   1.1649968866e-01   0.0000000000e+00   5.0000072493e-01   0.0000000000e+00   0.0000000000e+00   3.8349958641e-01
   9.4999963754e+02   1.1649968866e-01   0.0000000000e+00   5.0000072493e-01   0.0000000000e+00   0.0000000000e+00   3.8349958641e-01
   9.4999963754e+02   1.1649968866e-01   0.0000000000e+00   5.0000072493e-01   0.0000000000e+00   0.0000000000e+00   3.8349958641e-01
   9.4999963754e+02   1.1649968866e-01   0.0000000000e+00   5.0000072493e-01   0.0000000000e+00   0.0000000000e+00   3.8349958641e-01
   9.4999963754e+02   1.1649968866e-01   0.0000000000e+00   5.0000072493e-01   0.0000000000e+00   0.0000000000e+00   3.8349958641e-01
   9.4999976769e+02   1.1649974931e-01   0.0000000000e+00   5.0000046462e-01   0.0000000000e+00   0.0000000000e+00   3.8349978607e-01
   9.4999976769e+02   1.1649974931e-01   0.0000000000e+00   5.0000046462e-01   0.0000000000e+00   0.0000000000e+00   3.8349978607e-01
   9.4999976769e+02   1.1649974931e-01   0.0000000000e+00   5.0000046462e-01   0.0000000000e+00   0.0000000000e+00   3.8349978607e-01
   9.4999976769e+02   1.1649974931e-01   0.0000000000e+00   5.0000046462e-01   0.0000000000e+00   0.0000000000e+00   3.8349978607e-01
   9.4999976769e+02   1.1649974931e-01   0.0000000000e+00   5.0000046462e-01   0.0000000000e+00   0.0000000000e+00   3.8349978607e-01
   9.4999976769e+02   1.1649974931e-01   0.0000000000e+00   5.0000046462e-01   0.0000000000e+00   0.0000000000e+00   3.8349978607e-01
   9.4999976769e+02   1.1649974931e-01   0.0000000000e+00   5.0000046462e-01   0.0000000000e+00   0.0000000000e+00   3.8349978607e-01
   9.4999976769e+02   1.1649974931e-01   0.0000000000e+00   5.0000046462e-01   0.0000000000e+00   0.0000000000e+00   3.8349978607e-01
   9.4999971149e+02   1.1649972312e-01   0.0000000000e+00   5.0000057702e-01   0.0000000000e+00   0.0000000000e+00   3.8349969985e-01
   9.4999971149e+02   1.1649972312e-01   0.0000000000e+00   5.0000057702e-01   0.0000000000e+00   0.0000000000e+00   3.8349969985e-01
   9.4999971149e+02   1.1649972312e-01   0.0000000000e+00   5.0000057702e-01   0.0000000000e+00   0.0000000000e+00   3.8349969985e-01
   9.4999971149e+02   1.1649972312e-01   0.0000000000e+00   5.0000057702e-01   0.0000000000e+00   0.0000000000e+00   3.8349969985e-01
   9.4999971149e+02   1.1649972312e-01   0.0000000000e+00   5.0000057702e-01   0.0000000000e+00   0.0000000000e+00   3.8349969985e-01
   9.4999971149e+02   1.1649972312e-01   0.0000000000e+00   5.0000057702e-01   0.0000000000e+00   0.0000000000e+00   3.8349969985e-01
   9.4999971149e+02   1.1649972312e-01   0.0000000000e+00   5.0000057702e-01   0.0000000000e+00   0.0000000000e+00   3.8349969985e-01
   9.4999971149e+02   1.1649972312e-01   0.0000000000e+00   5.0000057702e-01   0.0000000000e+00   0.0000000000e+00   3.8349969985e-01