# time = 10.907
# Grid Poins = 256    variable_0    variable_1    variable_2    variable_3    variable_4    variable_5    variable_6
   8.8128691614e+02   8.4479599637e-02   0.0000000000e+00   6.3742616773e-01   0.0000000000e+00   0.0000000000e+00   2.7809423264e-01
   8.8128691614e+02   8.4479599637e-02   0.0000000000e+00   6.3742616773e-01   0.0000000000e+00   0.0000000000e+00   2.7809423264e-01
   8.8128691614e+02   8.4479599637e-02   0.0000000000e+00   6.3742616773e-01   0.0000000000e+00   0.0000000000e+00   2.7809423264e-01
   8.8128691614e+02   8.4479599637e-02   0.0000000000e+00   6.3742616773e-01   0.0000000000e+00   0.0000000000e+00   2.7809423264e-01
   8.8128691614e+02   8.4479599637e-02   0.0000000000e+00   6.3742616773e-01   0.0000000000e+00   0.0000000000e+00   2.7809423264e-01
   8.8128691614e+02   8.4479599637e-02   0.0000000000e+00   6.3742616773e-01   0.0000000000e+00   0.0000000000e+00   2.7809423264e-01
   8.8128691614e+02   8.4479599637e-02   0.0000000000e+00   6.3742616773e-01   0.0000000000e+00   0.0000000000e+00   2.7809423264e-01
   8.8128691614e+02   8.4479599637e-02   0.0000000000e+00   6.3742616773e-01   0.0000000000e+00   0.0000000000e+00   2.7809423264e-01
   8.7889612913e+02   8.3365494255e-02   0.0000000000e+00   6.4220774174e-01   0.0000000000e+00   0.0000000000e+00   2.7442676401e-01
   8.7889612913e+02   8.3365494255e-02   0.0000000000e+00   6.4220774174e-01   0.0000000000e+00   0.0000000000e+00   2.7442676401e-01
   8.7889612913e+02   8.3365494255e-02   0.0000000000e+00   6.4220774174e-01   0.0000000000e+00   0.0000000000e+00   2.7442676401e-01
   8.7889612913e+02   8.3365494255e-02   0.0000000000e+00   6.4220774174e-01   0.0000000000e+00   0.0000000000e+00   2.7442676401e-01
   8.7131727934e+02   7.9833754569e-02   0.0000000000e+00   6.5736544132e-01   0.0000000000e+00   0.0000000000e+00   2.6280080411e-01
   8.7131727934e+02   7.9833754569e-02   0.0000000000e+00   6.5736544132e-01   0.0000000000e+00   0.0000000000e+00   2.6280080411e-01
   8.7131727934e+02   7.9833754569e-02   0.0000000000e+00   6.5736544132e-01   0.0000000000e+00   0.0000000000e+00   2.6280080411e-01
   8.7131727934e+02   7.9833754569e-02   0.0000000000e+00   6.5736544132e-01   0.0000000000e+00   0.0000000000e+00   2.6280080411e-01
   8.8388318270e+02   8.5689458378e-02   0.0000000000e+00   6.3223363459e-01   0.0000000000e+00   0.0000000000e+00   2.8207690703e-01
   8.8388318270e+02   8.5689458378e-02   0.0000000000e+00   6.3223363459e-01   0.0000000000e+00   0.0000000000e+00   2.8207690703e-01
   8.9099003077e+02   8.9001245526e-02   0.0000000000e+00   6.1801993847e-01   0.0000000000e+00   0.0000000000e+00   2.9297881601e-01
   8.9099003077e+02   8.9001245526e-02   0.0000000000e+00   6.1801993847e-01   0.0000000000e+00   0.0000000000e+00   2.9297881601e-01
   8.8506765738e+02   8.6241422903e-02   0.0000000000e+00   6.2986468524e-01   0.0000000000e+00   0.0000000000e+00   2.8389389186e-01
   8.8506765738e+02   8.6241422903e-02   0.0000000000e+00   6.2986468524e-01   0.0000000000e+00   0.0000000000e+00   2.8389389186e-01
   8.8506765738e+02   8.6241422903e-02   0.0000000000e+00   6.2986468524e-01   0.0000000000e+00   0.0000000000e+00   2.8389389186e-01
   8.8506765738e+02   8.6241422903e-02   0.0000000000e+00   6.2986468524e-01   0.0000000000e+00   0.0000000000e+00   2.8389389186e-01
   8.9026440382e+02   8.8663103783e-02   0.0000000000e+00   6.1947119236e-01   0.0000000000e+00   0.0000000000e+00   2.9186570386e-01
   8.9026440382e+02   8.8663103783e-02   0.0000000000e+00   6.1947119236e-01   0.0000000000e+00   0.0000000000e+00   2.9186570386e-01
   8.9026440382e+02   8.8663103783e-02   0.0000000000e+00   6.1947119236e-01   0.0000000000e+00   0.0000000000e+00   2.9186570386e-01
   8.9026440382e+02   8.8663103783e-02   0.0000000000e+00   6.1947119236e-01   0.0000000000e+00   0.0000000000e+00   2.9186570386e-01
   8.9026440382e+02   8.8663103783e-02   0.0000000000e+00   6.1947119236e-01   0.0000000000e+00   0.0000000000e+00   2.9186570386e-01
   8.9026440382e+02   8.8663103783e-02   0.0000000000e+00   6.1947119236e-01   0.0000000000e+00   0.0000000000e+00   2.9186570386e-01
   8.9026440382e+02   8.8663103783e-02   0.0000000000e+00   6.1947119236e-01   0.0000000000e+00   0.0000000000e+00   2.9186570386e-01
   8.9026440382e+02   8.8663103783e-02   0.0000000000e+00   6.1947119236e-01   0.0000000000e+00   0.0000000000e+00   2.9186570386e-01
   8.9151808880e+02   8.9247320270e-02   0.0000000000e+00   6.1696382239e-01   0.0000000000e+00   0.0000000000e+00   2.9378885734e-01
   8.9151808880e+02   8.9247320270e-02   0.0000000000e+00   6.1696382239e-01   0.0000000000e+00   0.0000000000e+00   2.9378885734e-01
   8.9151808880e+02   8.9247320270e-02   0.0000000000e+00   6.1696382239e-01   0.0000000000e+00   0.0000000000e+00   2.9378885734e-01
   8.9151808880e+02   8.9247320270e-02   0.0000000000e+00   6.1696382239e-01   0.0000000000e+00   0.0000000000e+00   2.9378885734e-01
   9.4733615108e+02   1.1525850549e-01   0.0000000000e+00   5.0532769784e-01   0.0000000000e+00   0.0000000000e+00   3.7941379667e-01
   9.4733615108e+02   1.1525850549e-01   0.0000000000e+00   5.0532769784e-01   0.0000000000e+00   0.0000000000e+00   3.7941379667e-01
   9.4733615108e+02   1.1525850549e-01   0.0000000000e+00   5.0532769784e-01   0.0000000000e+00   0.0000000000e+00   3.7941379667e-01
   9.4733615108e+02   1.1525850549e-01   0.0000000000e+00   5.0532769784e-01   0.0000000000e+00   0.0000000000e+00   3.7941379667e-01
   9.1942711994e+02   1.0225291288e-01   0.0000000000e+00   5.6114576012e-01   0.0000000000e+00   0.0000000000e+00   3.3660132700e-01
   9.1942711994e+02   1.0225291288e-01   0.0000000000e+00   5.6114576012e-01   0.0000000000e+00   0.0000000000e+00   3.3660132700e-01
   9.1942711994e+02   1.0225291288e-01   0.0000000000e+00   5.6114576012e-01   0.0000000000e+00   0.0000000000e+00   3.3660132700e-01
   9.1942711994e+02   1.0225291288e-01   0.0000000000e+00   5.6114576012e-01   0.0000000000e+00   0.0000000000e+00   3.3660132700e-01
   9.4733615108e+02   1.1525850549e-01   0.0000000000e+00   5.0532769784e-01   0.0000000000e+00   0.0000000000e+00   3.7941379667e-01
   9.4733615108e+02   1.1525850549e-01   0.0000000000e+00   5.0532769784e-01   0.0000000000e+00   0.0000000000e+00   3.7941379667e-01
   8.9151808880e+02   8.9247320270e-02   0.0000000000e+00   6.1696382239e-01   0.0000000000e+00   0.0000000000e+00   2.9378885734e-01
   8.9151808880e+02   8.9247320270e-02   0.0000000000e+00   6.1696382239e-01   0.0000000000e+00   0.0000000000e+00   2.9378885734e-01
   9.3713641986e+02   1.1050543655e-01   0.0000000000e+00   5.2572716027e-01   0.0000000000e+00   0.0000000000e+00   3.6376740317e-01
   9.3713641986e+02   1.1050543655e-01   0.0000000000e+00   5.2572716027e-01   0.0000000000e+00   0.0000000000e+00   3.6376740317e-01
   9.3713641986e+02   1.1050543655e-01   0.0000000000e+00   5.2572716027e-01   0.0000000000e+00   0.0000000000e+00   3.6376740317e-01
   9.3713641986e+02   1.1050543655e-01   0.0000000000e+00   5.2572716027e-01   0.0000000000e+00   0.0000000000e+00   3.6376740317e-01
   9.3713641986e+02   1.1050543655e-01   0.0000000000e+00   5.2572716027e-01   0.0000000000e+00   0.0000000000e+00   3.6376740317e-01
   9.3713641986e+02   1.1050543655e-01   0.0000000000e+00   5.2572716027e-01   0.0000000000e+00   0.0000000000e+00   3.6376740317e-01
   9.3713641986e+02   1.1050543655e-01   0.0000000000e+00   5.2572716027e-01   0.0000000000e+00   0.0000000000e+00   3.6376740317e-01
   9.3713641986e+02   1.1050543655e-01   0.0000000000e+00   5.2572716027e-01   0.0000000000e+00   0.0000000000e+00   3.6376740317e-01
   9.3713641986e+02   1.1050543655e-01   0.0000000000e+00   5.2572716027e-01   0.0000000000e+00   0.0000000000e+00   3.6376740317e-01
   9.3713641986e+02   1.1050543655e-01   0.0000000000e+00   5.2572716027e-01   0.0000000000e+00   0.0000000000e+00   3.6376740317e-01
   9.3713641986e+02   1.1050543655e-01   0.0000000000e+00   5.2572716027e-01   0.0000000000e+00   0.0000000000e+00   3.6376740317e-01
   9.3713641986e+02   1.1050543655e-01   0.0000000000e+00   5.2572716027e-01   0.0000000000e+00   0.0000000000e+00   3.6376740317e-01
   9.3713641986e+02   1.1050543655e-01   0.0000000000e+00   5.2572716027e-01   0.0000000000e+00   0.0000000000e+00   3.6376740317e-01
   9.3713641986e+02   1.1050543655e-01   0.0000000000e+00   5.2572716027e-01   0.0000000000e+00   0.0000000000e+00   3.6376740317e-01
   9.3713641986e+02   1.1050543655e-01   0.0000000000e+00   5.2572716027e-01   0.0000000000e+00   0.0000000000e+00   3.6376740317e-01
   9.3713641986e+02   1.1050543655e-01   0.0000000000e+00   5.2572716027e-01   0.0000000000e+00   0.0000000000e+00   3.6376740317e-01
   9.1221829951e+02   9.8893606666e-02   0.0000000000e+00   5.7556340098e-01   0.0000000000e+00   0.0000000000e+00   3.2554299235e-01
   9.1221829951e+02   9.8893606666e-02   0.0000000000e+00   5.7556340098e-01   0.0000000000e+00   0.0000000000e+00   3.2554299235e-01
   9.1221829951e+02   9.8893606666e-02   0.0000000000e+00   5.7556340098e-01   0.0000000000e+00   0.0000000000e+00   3.2554299235e-01
   9.1221829951e+02   9.8893606666e-02   0.0000000000e+00   5.7556340098e-01   0.0000000000e+00   0.0000000000e+00   3.2554299235e-01
   9.1025235113e+02   9.7977475840e-02   0.0000000000e+00   5.7949529774e-01   0.0000000000e+00   0.0000000000e+00   3.2252722641e-01
   9.1025235113e+02   9.7977475840e-02   0.0000000000e+00   5.7949529774e-01   0.0000000000e+00   0.0000000000e+00   3.2252722641e-01
   9.1418424789e+02   9.9809737491e-02   0.0000000000e+00   5.7163150422e-01   0.0000000000e+00   0.0000000000e+00   3.2855875829e-01
   9.1418424789e+02   9.9809737491e-02   0.0000000000e+00   5.7163150422e-01   0.0000000000e+00   0.0000000000e+00   3.2855875829e-01
   9.9369881749e+02   1.3686348162e-01   0.0000000000e+00   4.1260236502e-01   0.0000000000e+00   0.0000000000e+00   4.5053415336e-01
   9.9369881749e+02   1.3686348162e-01   0.0000000000e+00   4.1260236502e-01   0.0000000000e+00   0.0000000000e+00   4.5053415336e-01
   9.9369881749e+02   1.3686348162e-01   0.0000000000e+00   4.1260236502e-01   0.0000000000e+00   0.0000000000e+00   4.5053415336e-01
   9.9369881749e+02   1.3686348162e-01   0.0000000000e+00   4.1260236502e-01   0.0000000000e+00   0.0000000000e+00   4.5053415336e-01
   9.9369881749e+02   1.3686348162e-01   0.0000000000e+00   4.1260236502e-01   0.0000000000e+00   0.0000000000e+00   4.5053415336e-01
   9.9369881749e+02   1.3686348162e-01   0.0000000000e+00   4.1260236502e-01   0.0000000000e+00   0.0000000000e+00   4.5053415336e-01
   9.9369881749e+02   1.3686348162e-01   0.0000000000e+00   4.1260236502e-01   0.0000000000e+00   0.0000000000e+00   4.5053415336e-01
   9.9369881749e+02   1.3686348162e-01   0.0000000000e+00   4.1260236502e-01   0.0000000000e+00   0.0000000000e+00   4.5053415336e-01
   9.1270978660e+02   9.9122639372e-02   0.0000000000e+00   5.7458042679e-01   0.0000000000e+00   0.0000000000e+00   3.2629693383e-01
   9.1270978660e+02   9.9122639372e-02   0.0000000000e+00   5.7458042679e-01   0.0000000000e+00   0.0000000000e+00   3.2629693383e-01
   9.1270978660e+02   9.9122639372e-02   0.0000000000e+00   5.7458042679e-01   0.0000000000e+00   0.0000000000e+00   3.2629693383e-01
   9.1270978660e+02   9.9122639372e-02   0.0000000000e+00   5.7458042679e-01   0.0000000000e+00   0.0000000000e+00   3.2629693383e-01
   9.8623220325e+02   1.3338404364e-01   0.0000000000e+00   4.2753559351e-01   0.0000000000e+00   0.0000000000e+00   4.3908036285e-01
   9.8623220325e+02   1.3338404364e-01   0.0000000000e+00   4.2753559351e-01   0.0000000000e+00   0.0000000000e+00   4.3908036285e-01
   9.8623220325e+02   1.3338404364e-01   0.0000000000e+00   4.2753559351e-01   0.0000000000e+00   0.0000000000e+00   4.3908036285e-01
   9.8623220325e+02   1.3338404364e-01   0.0000000000e+00   4.2753559351e-01   0.0000000000e+00   0.0000000000e+00   4.3908036285e-01
   9.8623220325e+02   1.3338404364e-01   0.0000000000e+00   4.2753559351e-01   0.0000000000e+00   0.0000000000e+00   4.3908036285e-01
   9.8623220325e+02   1.3338404364e-01   0.0000000000e+00   4.2753559351e-01   0.0000000000e+00   0.0000000000e+00   4.3908036285e-01
   9.8623220325e+02   1.3338404364e-01   0.0000000000e+00   4.2753559351e-01   0.0000000000e+00   0.0000000000e+00   4.3908036285e-01
   9.8623220325e+02   1.3338404364e-01   0.0000000000e+00   4.2753559351e-01   0.0000000000e+00   0.0000000000e+00   4.3908036285e-01
   9.1172681241e+02   9.8664573959e-02   0.0000000000e+00   5.7654637517e-01   0.0000000000e+00   0.0000000000e+00   3.2478905087e-01
   9.1172681241e+02   9.8664573959e-02   0.0000000000e+00   5.7654637517e-01   0.0000000000e+00   0.0000000000e+00   3.2478905087e-01
   9.1172681241e+02   9.8664573959e-02   0.0000000000e+00   5.7654637517e-01   0.0000000000e+00   0.0000000000e+00   3.2478905087e-01
   9.1172681241e+02   9.8664573959e-02   0.0000000000e+00   5.7654637517e-01   0.0000000000e+00   0.0000000000e+00   3.2478905087e-01
   9.2215364873e+02   1.0352347374e-01   0.0000000000e+00   5.5569270253e-01   0.0000000000e+00   0.0000000000e+00   3.4078382372e-01
   9.2215364873e+02   1.0352347374e-01   0.0000000000e+00   5.5569270253e-01   0.0000000000e+00   0.0000000000e+00   3.4078382372e-01
   9.2215364873e+02   1.0352347374e-01   0.0000000000e+00   5.5569270253e-01   0.0000000000e+00   0.0000000000e+00   3.4078382372e-01
   9.2215364873e+02   1.0352347374e-01   0.0000000000e+00   5.5569270253e-01   0.0000000000e+00   0.0000000000e+00   3.4078382372e-01
   9.2215364873e+02   1.0352347374e-01   0.0000000000e+00   5.5569270253e-01   0.0000000000e+00   0.0000000000e+00   3.4078382372e-01
   9.2215364873e+02   1.0352347374e-01   0.0000000000e+00   5.5569270253e-01   0.0000000000e+00   0.0000000000e+00   3.4078382372e-01
   9.2215364873e+02   1.0352347374e-01   0.0000000000e+00   5.5569270253e-01   0.0000000000e+00   0.0000000000e+00   3.4078382372e-01
   9.2215364873e+02   1.0352347374e-01   0.0000000000e+00   5.5569270253e-01   0.0000000000e+00   0.0000000000e+00   3.4078382372e-01
   9.2215364873e+02   1.0352347374e-01   0.0000000000e+00   5.5569270253e-01   0.0000000000e+00   0.0000000000e+00   3.4078382372e-01
   9.2215364873e+02   1.0352347374e-01   0.0000000000e+00   5.5569270253e-01   0.0000000000e+00   0.0000000000e+00   3.4078382372e-01
   9.2215364873e+02   1.0352347374e-01   0.0000000000e+00   5.5569270253e-01   0.0000000000e+00   0.0000000000e+00   3.4078382372e-01
   9.2215364873e+02   1.0352347374e-01   0.0000000000e+00   5.5569270253e-01   0.0000000000e+00   0.0000000000e+00   3.4078382372e-01
   9.2215364873e+02   1.0352347374e-01   0.0000000000e+00   5.5569270253e-01   0.0000000000e+00   0.0000000000e+00   3.4078382372e-01
   9.2215364873e+02   1.0352347374e-01   0.0000000000e+00   5.5569270253e-01   0.0000000000e+00   0.0000000000e+00   3.4078382372e-01
   9.2215364873e+02   1.0352347374e-01   0.0000000000e+00   5.5569270253e-01   0.0000000000e+00   0.0000000000e+00   3.4078382372e-01
   9.2215364873e+02   1.0352347374e-01   0.0000000000e+00   5.5569270253e-01   0.0000000000e+00   0.0000000000e+00   3.4078382372e-01
   9.6567441225e+02   1.2380412475e-01   0.0000000000e+00   4.6865117550e-01   0.0000000000e+00   0.0000000000e+00   4.0754469975e-01
   9.6567441225e+02   1.2380412475e-01   0.0000000000e+00   4.6865117550e-01   0.0000000000e+00   0.0000000000e+00   4.0754469975e-01
   9.6567441225e+02   1.2380412475e-01   0.0000000000e+00   4.6865117550e-01   0.0000000000e+00   0.0000000000e+00   4.0754469975e-01
   9.6567441225e+02   1.2380412475e-01   0.0000000000e+00   4.6865117550e-01   0.0000000000e+00   0.0000000000e+00   4.0754469975e-01
   9.6567441225e+02   1.2380412475e-01   0.0000000000e+00   4.6865117550e-01   0.0000000000e+00   0.0000000000e+00   4.0754469975e-01
   9.6567441225e+02   1.2380412475e-01   0.0000000000e+00   4.6865117550e-01   0.0000000000e+00   0.0000000000e+00   4.0754469975e-01
   9.6567441225e+02   1.2380412475e-01   0.0000000000e+00   4.6865117550e-01   0.0000000000e+00   0.0000000000e+00   4.0754469975e-01
   9.6567441225e+02   1.2380412475e-01   0.0000000000e+00   4.6865117550e-01   0.0000000000e+00   0.0000000000e+00   4.0754469975e-01
   9.8093570471e+02   1.3091587834e-01   0.0000000000e+00   4.3812859058e-01   0.0000000000e+00   0.0000000000e+00   4.3095553108e-01
   9.8093570471e+02   1.3091587834e-01   0.0000000000e+00   4.3812859058e-01   0.0000000000e+00   0.0000000000e+00   4.3095553108e-01
   9.8093570471e+02   1.3091587834e-01   0.0000000000e+00   4.3812859058e-01   0.0000000000e+00   0.0000000000e+00   4.3095553108e-01
   9.8093570471e+02   1.3091587834e-01   0.0000000000e+00   4.3812859058e-01   0.0000000000e+00   0.0000000000e+00   4.3095553108e-01
   9.8093570471e+02   1.3091587834e-01   0.0000000000e+00   4.3812859058e-01   0.0000000000e+00   0.0000000000e+00   4.3095553108e-01
   9.8093570471e+02   1.3091587834e-01   0.0000000000e+00   4.3812859058e-01   0.0000000000e+00   0.0000000000e+00   4.3095553108e-01
   9.8093570471e+02   1.3091587834e-01   0.0000000000e+00   4.3812859058e-01   0.0000000000e+00   0.0000000000e+00   4.3095553108e-01
   9.8093570471e+02   1.3091587834e-01   0.0000000000e+00   4.3812859058e-01   0.0000000000e+00   0.0000000000e+00   4.3095553108e-01
   9.2338247299e+02   1.0409610515e-01   0.0000000000e+00   5.5323505402e-01   0.0000000000e+00   0.0000000000e+00   3.4266884084e-01
   9.2338247299e+02   1.0409610515e-01   0.0000000000e+00   5.5323505402e-01   0.0000000000e+00   0.0000000000e+00   3.4266884084e-01
   9.2338247299e+02   1.0409610515e-01   0.0000000000e+00   5.5323505402e-01   0.0000000000e+00   0.0000000000e+00   3.4266884084e-01
   9.2338247299e+02   1.0409610515e-01   0.0000000000e+00   5.5323505402e-01   0.0000000000e+00   0.0000000000e+00   3.4266884084e-01
   8.8729186058e+02   8.7277900327e-02   0.0000000000e+00   6.2541627884e-01   0.0000000000e+00   0.0000000000e+00   2.8730582083e-01
   8.8729186058e+02   8.7277900327e-02   0.0000000000e+00   6.2541627884e-01   0.0000000000e+00   0.0000000000e+00   2.8730582083e-01
   8.8729186058e+02   8.7277900327e-02   0.0000000000e+00   6.2541627884e-01   0.0000000000e+00   0.0000000000e+00   2.8730582083e-01
   8.8729186058e+02   8.7277900327e-02   0.0000000000e+00   6.2541627884e-01   0.0000000000e+00   0.0000000000e+00   2.8730582083e-01
   1.0927192688e+03   1.8300695552e-01   0.0000000000e+00   2.1456146240e-01   0.0000000000e+00   0.0000000000e+00   6.0243158208e-01
   1.0927192688e+03   1.8300695552e-01   0.0000000000e+00   2.1456146240e-01   0.0000000000e+00   0.0000000000e+00   6.0243158208e-01
   1.0927192688e+03   1.8300695552e-01   0.0000000000e+00   2.1456146240e-01   0.0000000000e+00   0.0000000000e+00   6.0243158208e-01
   1.0927192688e+03   1.8300695552e-01   0.0000000000e+00   2.1456146240e-01   0.0000000000e+00   0.0000000000e+00   6.0243158208e-01
   8.8729186058e+02   8.7277900327e-02   0.0000000000e+00   6.2541627884e-01   0.0000000000e+00   0.0000000000e+00   2.8730582083e-01
   8.8729186058e+02   8.7277900327e-02   0.0000000000e+00   6.2541627884e-01   0.0000000000e+00   0.0000000000e+00   2.8730582083e-01
   8.8729186058e+02   8.7277900327e-02   0.0000000000e+00   6.2541627884e-01   0.0000000000e+00   0.0000000000e+00   2.8730582083e-01
   8.8729186058e+02   8.7277900327e-02   0.0000000000e+00   6.2541627884e-01   0.0000000000e+00   0.0000000000e+00   2.8730582083e-01
   1.0080508709e+03   1.4355153033e-01   0.0000000000e+00   3.8389825821e-01   0.0000000000e+00   0.0000000000e+00   4.7255021146e-01
   1.0080508709e+03   1.4355153033e-01   0.0000000000e+00   3.8389825821e-01   0.0000000000e+00   0.0000000000e+00   4.7255021146e-01
   8.9133877754e+02   8.9163761325e-02   0.0000000000e+00   6.1732244492e-01   0.0000000000e+00   0.0000000000e+00   2.9351379376e-01
   8.9133877754e+02   8.9163761325e-02   0.0000000000e+00   6.1732244492e-01   0.0000000000e+00   0.0000000000e+00   2.9351379376e-01
   9.4969482422e+02   1.1635764583e-01   0.0000000000e+00   5.0061035156e-01   0.0000000000e+00   0.0000000000e+00   3.8303200261e-01
   9.4969482422e+02   1.1635764583e-01   0.0000000000e+00   5.0061035156e-01   0.0000000000e+00   0.0000000000e+00   3.8303200261e-01
   9.4969482422e+02   1.1635764583e-01   0.0000000000e+00   5.0061035156e-01   0.0000000000e+00   0.0000000000e+00   3.8303200261e-01
   9.4969482422e+02   1.1635764583e-01   0.0000000000e+00   5.0061035156e-01   0.0000000000e+00   0.0000000000e+00   3.8303200261e-01
   9.4969482422e+02   1.1635764583e-01   0.0000000000e+00   5.0061035156e-01   0.0000000000e+00   0.0000000000e+00   3.8303200261e-01
   9.4969482422e+02   1.1635764583e-01   0.0000000000e+00   5.0061035156e-01   0.0000000000e+00   0.0000000000e+00   3.8303200261e-01
   9.4969482422e+02   1.1635764583e-01   0.0000000000e+00   5.0061035156e-01   0.0000000000e+00   0.0000000000e+00   3.8303200261e-01
   9.4969482422e+02   1.1635764583e-01   0.0000000000e+00   5.0061035156e-01   0.0000000000e+00   0.0000000000e+00   3.8303200261e-01
   1.0080508709e+03   1.4355153033e-01   0.0000000000e+00   3.8389825821e-01   0.0000000000e+00   0.0000000000e+00   4.7255021146e-01
   1.0080508709e+03   1.4355153033e-01   0.0000000000e+00   3.8389825821e-01   0.0000000000e+00   0.0000000000e+00   4.7255021146e-01
   8.9133877754e+02   8.9163761325e-02   0.0000000000e+00   6.1732244492e-01   0.0000000000e+00   0.0000000000e+00   2.9351379376e-01
   8.9133877754e+02   8.9163761325e-02   0.0000000000e+00   6.1732244492e-01   0.0000000000e+00   0.0000000000e+00   2.9351379376e-01
   1.0869595528e+03   1.8032293113e-01   0.0000000000e+00   2.2608089447e-01   0.0000000000e+00   0.0000000000e+00   5.9359617440e-01
   1.0869595528e+03   1.8032293113e-01   0.0000000000e+00   2.2608089447e-01   0.0000000000e+00   0.0000000000e+00   5.9359617440e-01
   9.8489685059e+02   1.3276177006e-01   0.0000000000e+00   4.3020629883e-01   0.0000000000e+00   0.0000000000e+00   4.3703193111e-01
   9.8489685059e+02   1.3276177006e-01   0.0000000000e+00   4.3020629883e-01   0.0000000000e+00   0.0000000000e+00   4.3703193111e-01
   1.0869595528e+03   1.8032293113e-01   0.0000000000e+00   2.2608089447e-01   0.0000000000e+00   0.0000000000e+00   5.9359617440e-01
   1.0869595528e+03   1.8032293113e-01   0.0000000000e+00   2.2608089447e-01   0.0000000000e+00   0.0000000000e+00   5.9359617440e-01
   1.1209804535e+03   1.9617665149e-01   0.0000000000e+00   1.5803909302e-01   0.0000000000e+00   0.0000000000e+00   6.4578425550e-01
   1.1209804535e+03   1.9617665149e-01   0.0000000000e+00   1.5803909302e-01   0.0000000000e+00   0.0000000000e+00   6.4578425550e-01
   1.0529386520e+03   1.6446921077e-01   0.0000000000e+00   2.9412269592e-01   0.0000000000e+00   0.0000000000e+00   5.4140809330e-01
   1.0529386520e+03   1.6446921077e-01   0.0000000000e+00   2.9412269592e-01   0.0000000000e+00   0.0000000000e+00   5.4140809330e-01
   1.1209804535e+03   1.9617665149e-01   0.0000000000e+00   1.5803909302e-01   0.0000000000e+00   0.0000000000e+00   6.4578425550e-01
   1.1209804535e+03   1.9617665149e-01   0.0000000000e+00   1.5803909302e-01   0.0000000000e+00   0.0000000000e+00   6.4578425550e-01
   9.8489685059e+02   1.3276177006e-01   0.0000000000e+00   4.3020629883e-01   0.0000000000e+00   0.0000000000e+00   4.3703193111e-01
   9.8489685059e+02   1.3276177006e-01   0.0000000000e+00   4.3020629883e-01   0.0000000000e+00   0.0000000000e+00   4.3703193111e-01
   9.8489685059e+02   1.3276177006e-01   0.0000000000e+00   4.3020629883e-01   0.0000000000e+00   0.0000000000e+00   4.3703193111e-01
   9.8489685059e+02   1.3276177006e-01   0.0000000000e+00   4.3020629883e-01   0.0000000000e+00   0.0000000000e+00   4.3703193111e-01
   9.7697187662e+02   1.2906873671e-01   0.0000000000e+00   4.4605624676e-01   0.0000000000e+00   0.0000000000e+00   4.2487501653e-01
   9.7697187662e+02   1.2906873671e-01   0.0000000000e+00   4.4605624676e-01   0.0000000000e+00   0.0000000000e+00   4.2487501653e-01
   9.7697187662e+02   1.2906873671e-01   0.0000000000e+00   4.4605624676e-01   0.0000000000e+00   0.0000000000e+00   4.2487501653e-01
   9.7697187662e+02   1.2906873671e-01   0.0000000000e+00   4.4605624676e-01   0.0000000000e+00   0.0000000000e+00   4.2487501653e-01
   9.7697187662e+02   1.2906873671e-01   0.0000000000e+00   4.4605624676e-01   0.0000000000e+00   0.0000000000e+00   4.2487501653e-01
   9.7697187662e+02   1.2906873671e-01   0.0000000000e+00   4.4605624676e-01   0.0000000000e+00   0.0000000000e+00   4.2487501653e-01
   9.7697187662e+02   1.2906873671e-01   0.0000000000e+00   4.4605624676e-01   0.0000000000e+00   0.0000000000e+00   4.2487501653e-01
   9.7697187662e+02   1.2906873671e-01   0.0000000000e+00   4.4605624676e-01   0.0000000000e+00   0.0000000000e+00   4.2487501653e-01
   1.0377229646e+03   1.5737870909e-01   0.0000000000e+00   3.2455407083e-01   0.0000000000e+00   0.0000000000e+00   5.1806722008e-01
   1.0377229646e+03   1.5737870909e-01   0.0000000000e+00   3.2455407083e-01   0.0000000000e+00   0.0000000000e+00   5.1806722008e-01
   1.0377229646e+03   1.5737870909e-01   0.0000000000e+00   3.2455407083e-01   0.0000000000e+00   0.0000000000e+00   5.1806722008e-01
   1.0377229646e+03   1.5737870909e-01   0.0000000000e+00   3.2455407083e-01   0.0000000000e+00   0.0000000000e+00   5.1806722008e-01
   1.0447574675e+03   1.6065678344e-01   0.0000000000e+00   3.1048506498e-01   0.0000000000e+00   0.0000000000e+00   5.2885815157e-01
   1.0447574675e+03   1.6065678344e-01   0.0000000000e+00   3.1048506498e-01   0.0000000000e+00   0.0000000000e+00   5.2885815157e-01
   1.0363160640e+03   1.5672309422e-01   0.0000000000e+00   3.2736787200e-01   0.0000000000e+00   0.0000000000e+00   5.1590903378e-01
   1.0363160640e+03   1.5672309422e-01   0.0000000000e+00   3.2736787200e-01   0.0000000000e+00   0.0000000000e+00   5.1590903378e-01
   9.7028934658e+02   1.2595468152e-01   0.0000000000e+00   4.5942130685e-01   0.0000000000e+00   0.0000000000e+00   4.1462401164e-01
   9.7028934658e+02   1.2595468152e-01   0.0000000000e+00   4.5942130685e-01   0.0000000000e+00   0.0000000000e+00   4.1462401164e-01
   9.7028934658e+02   1.2595468152e-01   0.0000000000e+00   4.5942130685e-01   0.0000000000e+00   0.0000000000e+00   4.1462401164e-01
   9.7028934658e+02   1.2595468152e-01   0.0000000000e+00   4.5942130685e-01   0.0000000000e+00   0.0000000000e+00   4.1462401164e-01
   9.6875076443e+02   1.2523770311e-01   0.0000000000e+00   4.6249847114e-01   0.0000000000e+00   0.0000000000e+00   4.1226382575e-01
   9.6875076443e+02   1.2523770311e-01   0.0000000000e+00   4.6249847114e-01   0.0000000000e+00   0.0000000000e+00   4.1226382575e-01
   9.6875076443e+02   1.2523770311e-01   0.0000000000e+00   4.6249847114e-01   0.0000000000e+00   0.0000000000e+00   4.1226382575e-01
   9.6875076443e+02   1.2523770311e-01   0.0000000000e+00   4.6249847114e-01   0.0000000000e+00   0.0000000000e+00   4.1226382575e-01
   9.6307896525e+02   1.2259464792e-01   0.0000000000e+00   4.7384206951e-01   0.0000000000e+00   0.0000000000e+00   4.0356328257e-01
   9.6307896525e+02   1.2259464792e-01   0.0000000000e+00   4.7384206951e-01   0.0000000000e+00   0.0000000000e+00   4.0356328257e-01
   9.6307896525e+02   1.2259464792e-01   0.0000000000e+00   4.7384206951e-01   0.0000000000e+00   0.0000000000e+00   4.0356328257e-01
   9.6307896525e+02   1.2259464792e-01   0.0000000000e+00   4.7384206951e-01   0.0000000000e+00   0.0000000000e+00   4.0356328257e-01
   9.6737302542e+02   1.2459567752e-01   0.0000000000e+00   4.6525394917e-01   0.0000000000e+00   0.0000000000e+00   4.1015037332e-01
   9.6737302542e+02   1.2459567752e-01   0.0000000000e+00   4.6525394917e-01   0.0000000000e+00   0.0000000000e+00   4.1015037332e-01
   9.6737302542e+02   1.2459567752e-01   0.0000000000e+00   4.6525394917e-01   0.0000000000e+00   0.0000000000e+00   4.1015037332e-01
   9.6737302542e+02   1.2459567752e-01   0.0000000000e+00   4.6525394917e-01   0.0000000000e+00   0.0000000000e+00   4.1015037332e-01
   9.6398314536e+02   1.2301599534e-01   0.0000000000e+00   4.7203370929e-01   0.0000000000e+00   0.0000000000e+00   4.0495029537e-01
   9.6398314536e+02   1.2301599534e-01   0.0000000000e+00   4.7203370929e-01   0.0000000000e+00   0.0000000000e+00   4.0495029537e-01
   9.6398314536e+02   1.2301599534e-01   0.0000000000e+00   4.7203370929e-01   0.0000000000e+00   0.0000000000e+00   4.0495029537e-01
   9.6398314536e+02   1.2301599534e-01   0.0000000000e+00   4.7203370929e-01   0.0000000000e+00   0.0000000000e+00   4.0495029537e-01
   9.5500720739e+02   1.1883321336e-01   0.0000000000e+00   4.8998558521e-01   0.0000000000e+00   0.0000000000e+00   3.9118120142e-01
   9.5500720739e+02   1.1883321336e-01   0.0000000000e+00   4.8998558521e-01   0.0000000000e+00   0.0000000000e+00   3.9118120142e-01
   9.5500720739e+02   1.1883321336e-01   0.0000000000e+00   4.8998558521e-01   0.0000000000e+00   0.0000000000e+00   3.9118120142e-01
   9.5500720739e+02   1.1883321336e-01   0.0000000000e+00   4.8998558521e-01   0.0000000000e+00   0.0000000000e+00   3.9118120142e-01
   9.6250620931e+02   1.2232774399e-01   0.0000000000e+00   4.7498758137e-01   0.0000000000e+00   0.0000000000e+00   4.0268467464e-01
   9.6250620931e+02   1.2232774399e-01   0.0000000000e+00   4.7498758137e-01   0.0000000000e+00   0.0000000000e+00   4.0268467464e-01
   9.5500720739e+02   1.1883321336e-01   0.0000000000e+00   4.8998558521e-01   0.0000000000e+00   0.0000000000e+00   3.9118120142e-01
   9.5500720739e+02   1.1883321336e-01   0.0000000000e+00   4.8998558521e-01   0.0000000000e+00   0.0000000000e+00   3.9118120142e-01
   9.7000521123e+02   1.2582227461e-01   0.0000000000e+00   4.5998957753e-01   0.0000000000e+00   0.0000000000e+00   4.1418814786e-01
   9.7000521123e+02   1.2582227461e-01   0.0000000000e+00   4.5998957753e-01   0.0000000000e+00   0.0000000000e+00   4.1418814786e-01
   9.6250620931e+02   1.2232774399e-01   0.0000000000e+00   4.7498758137e-01   0.0000000000e+00   0.0000000000e+00   4.0268467464e-01
   9.6250620931e+02   1.2232774399e-01   0.0000000000e+00   4.7498758137e-01   0.0000000000e+00   0.0000000000e+00   4.0268467464e-01
   9.4180516414e+02   1.1268106873e-01   0.0000000000e+00   5.1638967171e-01   0.0000000000e+00   0.0000000000e+00   3.7092925956e-01
   9.4180516414e+02   1.1268106873e-01   0.0000000000e+00   5.1638967171e-01   0.0000000000e+00   0.0000000000e+00   3.7092925956e-01
   9.4180516414e+02   1.1268106873e-01   0.0000000000e+00   5.1638967171e-01   0.0000000000e+00   0.0000000000e+00   3.7092925956e-01
   9.4180516414e+02   1.1268106873e-01   0.0000000000e+00   5.1638967171e-01   0.0000000000e+00   0.0000000000e+00   3.7092925956e-01
   9.4180516414e+02   1.1268106873e-01   0.0000000000e+00   5.1638967171e-01   0.0000000000e+00   0.0000000000e+00   3.7092925956e-01
   9.4180516414e+02   1.1268106873e-01   0.0000000000e+00   5.1638967171e-01   0.0000000000e+00   0.0000000000e+00   3.7092925956e-01
   9.4180516414e+02   1.1268106873e-01   0.0000000000e+00   5.1638967171e-01   0.0000000000e+00   0.0000000000e+00   3.7092925956e-01
   9.4180516414e+02   1.1268106873e-01   0.0000000000e+00   5.1638967171e-01   0.0000000000e+00   0.0000000000e+00   3.7092925956e-01
   9.5080426969e+02   1.1687464679e-01   0.0000000000e+00   4.9839146063e-01   0.0000000000e+00   0.0000000000e+00   3.8473389259e-01
   9.5080426969e+02   1.1687464679e-01   0.0000000000e+00   4.9839146063e-01   0.0000000000e+00   0.0000000000e+00   3.8473389259e-01
   9.5080426969e+02   1.1687464679e-01   0.0000000000e+00   4.9839146063e-01   0.0000000000e+00   0.0000000000e+00   3.8473389259e-01
   9.5080426969e+02   1.1687464679e-01   0.0000000000e+00   4.9839146063e-01   0.0000000000e+00   0.0000000000e+00   3.8473389259e-01
   9.5080426969e+02   1.1687464679e-01   0.0000000000e+00   4.9839146063e-01   0.0000000000e+00   0.0000000000e+00   3.8473389259e-01
   9.5080426969e+02   1.1687464679e-01   0.0000000000e+00   4.9839146063e-01   0.0000000000e+00   0.0000000000e+00   3.8473389259e-01
   9.5080426969e+02   1.1687464679e-01   0.0000000000e+00   4.9839146063e-01   0.0000000000e+00   0.0000000000e+00   3.8473389259e-01
   9.5080426969e+02   1.1687464679e-01   0.0000000000e+00   4.9839146063e-01   0.0000000000e+00   0.0000000000e+00   3.8473389259e-01
   9.5080426969e+02   1.1687464679e-01   0.0000000000e+00   4.9839146063e-01   0.0000000000e+00   0.0000000000e+00   3.8473389259e-01
   9.5080426969e+02   1.1687464679e-01   0.0000000000e+00   4.9839146063e-01   0.0000000000e+00   0.0000000000e+00   3.8473389259e-01
   9.5080426969e+02   1.1687464679e-01   0.0000000000e+00   4.9839146063e-01   0.0000000000e+00   0.0000000000e+00   3.8473389259e-01
   9.5080426969e+02   1.1687464679e-01   0.0000000000e+00   4.9839146063e-01   0.0000000000e+00   0.0000000000e+00   3.8473389259e-01
   9.5080426969e+02   1.1687464679e-01   0.0000000000e+00   4.9839146063e-01   0.0000000000e+00   0.0000000000e+00   3.8473389259e-01
   9.5080426969e+02   1.1687464679e-01   0.0000000000e+00   4.9839146063e-01   0.0000000000e+00   0.0000000000e+00   3.8473389259e-01
   9.5080426969e+02   1.1687464679e-01   0.0000000000e+00   4.9839146063e-01   0.0000000000e+00   0.0000000000e+00   3.8473389259e-01
   9.5080426969e+02   1.1687464679e-01   0.0000000000e+00   4.9839146063e-01   0.0000000000e+00   0.0000000000e+00   3.8473389259e-01
   9.4180516414e+02   1.1268106873e-01   0.0000000000e+00   5.1638967171e-01   0.0000000000e+00   0.0000000000e+00   3.7092925956e-01
   9.4180516414e+02   1.1268106873e-01   0.0000000000e+00   5.1638967171e-01   0.0000000000e+00   0.0000000000e+00   3.7092925956e-01
   9.4180516414e+02   1.1268106873e-01   0.0000000000e+00   5.1638967171e-01   0.0000000000e+00   0.0000000000e+00   3.7092925956e-01
   9.4180516414e+02   1.1268106873e-01   0.0000000000e+00   5.1638967171e-01   0.0000000000e+00   0.0000000000e+00   3.7092925956e-01
   9.4180516414e+02   1.1268106873e-01   0.0000000000e+00   5.1638967171e-01   0.0000000000e+00   0.0000000000e+00   3.7092925956e-01
   9.4180516414e+02   1.1268106873e-01   0.0000000000e+00   5.1638967171e-01   0.0000000000e+00   0.0000000000e+00   3.7092925956e-01
   9.4180516414e+02   1.1268106873e-01   0.0000000000e+00   5.1638967171e-01   0.0000000000e+00   0.0000000000e+00   3.7092925956e-01
   9.4180516414e+02   1.1268106873e-01   0.0000000000e+00   5.1638967171e-01   0.0000000000e+00   0.0000000000e+00   3.7092925956e-01