# time = 46.6001
# Grid Poins = 256    variable_0    variable_1    variable_2    variable_3    variable_4    variable_5    variable_6
   9.4984574240e+02   1.1642797361e-01   0.0000000000e+00   5.0030851521e-01   0.0000000000e+00   0.0000000000e+00   3.8326351118e-01
   9.4984574240e+02   1.1642797361e-01   0.0000000000e+00   5.0030851521e-01   0.0000000000e+00   0.0000000000e+00   3.8326351118e-01
   9.4984574240e+02   1.1642797361e-01   0.0000000000e+00   5.0030851521e-01   0.0000000000e+00   0.0000000000e+00   3.8326351118e-01
   9.4984574240e+02   1.1642797361e-01   0.0000000000e+00   5.0030851521e-01   0.0000000000e+00   0.0000000000e+00   3.8326351118e-01
   9.4979049948e+02   1.1640223045e-01   0.0000000000e+00   5.0041900104e-01   0.0000000000e+00   0.0000000000e+00   3.8317876852e-01
   9.4979049948e+02   1.1640223045e-01   0.0000000000e+00   5.0041900104e-01   0.0000000000e+00   0.0000000000e+00   3.8317876852e-01
   9.4979049948e+02   1.1640223045e-01   0.0000000000e+00   5.0041900104e-01   0.0000000000e+00   0.0000000000e+00   3.8317876852e-01
   9.4979049948e+02   1.1640223045e-01   0.0000000000e+00   5.0041900104e-01   0.0000000000e+00   0.0000000000e+00   3.8317876852e-01
   9.4989344445e+02   1.1645020274e-01   0.0000000000e+00   5.0021311111e-01   0.0000000000e+00   0.0000000000e+00   3.8333668615e-01
   9.4989344445e+02   1.1645020274e-01   0.0000000000e+00   5.0021311111e-01   0.0000000000e+00   0.0000000000e+00   3.8333668615e-01
   9.4981906577e+02   1.1641554232e-01   0.0000000000e+00   5.0036186845e-01   0.0000000000e+00   0.0000000000e+00   3.8322258922e-01
   9.4981906577e+02   1.1641554232e-01   0.0000000000e+00   5.0036186845e-01   0.0000000000e+00   0.0000000000e+00   3.8322258922e-01
   9.4985625511e+02   1.1643287253e-01   0.0000000000e+00   5.0028748978e-01   0.0000000000e+00   0.0000000000e+00   3.8327963769e-01
   9.4985625511e+02   1.1643287253e-01   0.0000000000e+00   5.0028748978e-01   0.0000000000e+00   0.0000000000e+00   3.8327963769e-01
   9.4985625511e+02   1.1643287253e-01   0.0000000000e+00   5.0028748978e-01   0.0000000000e+00   0.0000000000e+00   3.8327963769e-01
   9.4985625511e+02   1.1643287253e-01   0.0000000000e+00   5.0028748978e-01   0.0000000000e+00   0.0000000000e+00   3.8327963769e-01
   9.4989344445e+02   1.1645020274e-01   0.0000000000e+00   5.0021311111e-01   0.0000000000e+00   0.0000000000e+00   3.8333668615e-01
   9.4989344445e+02   1.1645020274e-01   0.0000000000e+00   5.0021311111e-01   0.0000000000e+00   0.0000000000e+00   3.8333668615e-01
   9.4989344445e+02   1.1645020274e-01   0.0000000000e+00   5.0021311111e-01   0.0000000000e+00   0.0000000000e+00   3.8333668615e-01
   9.4989344445e+02   1.1645020274e-01   0.0000000000e+00   5.0021311111e-01   0.0000000000e+00   0.0000000000e+00   3.8333668615e-01
   9.4990620756e+02   1.1645615035e-01   0.0000000000e+00   5.0018758489e-01   0.0000000000e+00   0.0000000000e+00   3.8335626477e-01
   9.4990620756e+02   1.1645615035e-01   0.0000000000e+00   5.0018758489e-01   0.0000000000e+00   0.0000000000e+00   3.8335626477e-01
   9.4990620756e+02   1.1645615035e-01   0.0000000000e+00   5.0018758489e-01   0.0000000000e+00   0.0000000000e+00   3.8335626477e-01
   9.4990620756e+02   1.1645615035e-01   0.0000000000e+00   5.0018758489e-01   0.0000000000e+00   0.0000000000e+00   3.8335626477e-01
   9.4979572173e+02   1.1640466401e-01   0.0000000000e+00   5.0040855654e-01   0.0000000000e+00   0.0000000000e+00   3.8318677945e-01
   9.4979572173e+02   1.1640466401e-01   0.0000000000e+00   5.0040855654e-01   0.0000000000e+00   0.0000000000e+00   3.8318677945e-01
   9.4981602570e+02   1.1641412565e-01   0.0000000000e+00   5.0036794859e-01   0.0000000000e+00   0.0000000000e+00   3.8321792575e-01
   9.4981602570e+02   1.1641412565e-01   0.0000000000e+00   5.0036794859e-01   0.0000000000e+00   0.0000000000e+00   3.8321792575e-01
   9.4986937895e+02   1.1643898823e-01   0.0000000000e+00   5.0026124210e-01   0.0000000000e+00   0.0000000000e+00   3.8329976966e-01
   9.4986937895e+02   1.1643898823e-01   0.0000000000e+00   5.0026124210e-01   0.0000000000e+00   0.0000000000e+00   3.8329976966e-01
   9.4979572173e+02   1.1640466401e-01   0.0000000000e+00   5.0040855654e-01   0.0000000000e+00   0.0000000000e+00   3.8318677945e-01
   9.4979572173e+02   1.1640466401e-01   0.0000000000e+00   5.0040855654e-01   0.0000000000e+00   0.0000000000e+00   3.8318677945e-01
   9.4990575856e+02   1.1645594111e-01   0.0000000000e+00   5.0018848289e-01   0.0000000000e+00   0.0000000000e+00   3.8335557600e-01
   9.4990575856e+02   1.1645594111e-01   0.0000000000e+00   5.0018848289e-01   0.0000000000e+00   0.0000000000e+00   3.8335557600e-01
   9.4990575856e+02   1.1645594111e-01   0.0000000000e+00   5.0018848289e-01   0.0000000000e+00   0.0000000000e+00   3.8335557600e-01
   9.4990575856e+02   1.1645594111e-01   0.0000000000e+00   5.0018848289e-01   0.0000000000e+00   0.0000000000e+00   3.8335557600e-01
   9.4987786787e+02   1.1644294407e-01   0.0000000000e+00   5.0024426426e-01   0.0000000000e+00   0.0000000000e+00   3.8331279168e-01
   9.4987786787e+02   1.1644294407e-01   0.0000000000e+00   5.0024426426e-01   0.0000000000e+00   0.0000000000e+00   3.8331279168e-01
   9.4982208651e+02   1.1641694998e-01   0.0000000000e+00   5.0035582699e-01   0.0000000000e+00   0.0000000000e+00   3.8322722303e-01
   9.4982208651e+02   1.1641694998e-01   0.0000000000e+00   5.0035582699e-01   0.0000000000e+00   0.0000000000e+00   3.8322722303e-01
   9.4990575856e+02   1.1645594111e-01   0.0000000000e+00   5.0018848289e-01   0.0000000000e+00   0.0000000000e+00   3.8335557600e-01
   9.4990575856e+02   1.1645594111e-01   0.0000000000e+00   5.0018848289e-01   0.0000000000e+00   0.0000000000e+00   3.8335557600e-01
   9.4990575856e+02   1.1645594111e-01   0.0000000000e+00   5.0018848289e-01   0.0000000000e+00   0.0000000000e+00   3.8335557600e-01
   9.4990575856e+02   1.1645594111e-01   0.0000000000e+00   5.0018848289e-01   0.0000000000e+00   0.0000000000e+00   3.8335557600e-01
   9.4987786787e+02   1.1644294407e-01   0.0000000000e+00   5.0024426426e-01   0.0000000000e+00   0.0000000000e+00   3.8331279168e-01
   9.4987786787e+02   1.1644294407e-01   0.0000000000e+00   5.0024426426e-01   0.0000000000e+00   0.0000000000e+00   3.8331279168e-01
   9.4982208651e+02   1.1641694998e-01   0.0000000000e+00   5.0035582699e-01   0.0000000000e+00   0.0000000000e+00   3.8322722303e-01
   9.4982208651e+02   1.1641694998e-01   0.0000000000e+00   5.0035582699e-01   0.0000000000e+00   0.0000000000e+00   3.8322722303e-01
   9.5006406319e+02   1.1652971098e-01   0.0000000000e+00   4.9987187363e-01   0.0000000000e+00   0.0000000000e+00   3.8359841539e-01
   9.5006406319e+02   1.1652971098e-01   0.0000000000e+00   4.9987187363e-01   0.0000000000e+00   0.0000000000e+00   3.8359841539e-01
   9.5006406319e+02   1.1652971098e-01   0.0000000000e+00   4.9987187363e-01   0.0000000000e+00   0.0000000000e+00   3.8359841539e-01
   9.5006406319e+02   1.1652971098e-01   0.0000000000e+00   4.9987187363e-01   0.0000000000e+00   0.0000000000e+00   3.8359841539e-01
   9.5006162353e+02   1.1652857410e-01   0.0000000000e+00   4.9987675295e-01   0.0000000000e+00   0.0000000000e+00   3.8359467296e-01
   9.5006162353e+02   1.1652857410e-01   0.0000000000e+00   4.9987675295e-01   0.0000000000e+00   0.0000000000e+00   3.8359467296e-01
   9.5006162353e+02   1.1652857410e-01   0.0000000000e+00   4.9987675295e-01   0.0000000000e+00   0.0000000000e+00   3.8359467296e-01
   9.5006162353e+02   1.1652857410e-01   0.0000000000e+00   4.9987675295e-01   0.0000000000e+00   0.0000000000e+00   3.8359467296e-01
   9.5010404259e+02   1.1654834136e-01   0.0000000000e+00   4.9979191482e-01   0.0000000000e+00   0.0000000000e+00   3.8365974382e-01
   9.5010404259e+02   1.1654834136e-01   0.0000000000e+00   4.9979191482e-01   0.0000000000e+00   0.0000000000e+00   3.8365974382e-01
   9.5010404259e+02   1.1654834136e-01   0.0000000000e+00   4.9979191482e-01   0.0000000000e+00   0.0000000000e+00   3.8365974382e-01
   9.5010404259e+02   1.1654834136e-01   0.0000000000e+00   4.9979191482e-01   0.0000000000e+00   0.0000000000e+00   3.8365974382e-01
   9.5010404259e+02   1.1654834136e-01   0.0000000000e+00   4.9979191482e-01   0.0000000000e+00   0.0000000000e+00   3.8365974382e-01
   9.5010404259e+02   1.1654834136e-01   0.0000000000e+00   4.9979191482e-01   0.0000000000e+00   0.0000000000e+00   3.8365974382e-01
   9.5010404259e+02   1.1654834136e-01   0.0000000000e+00   4.9979191482e-01   0.0000000000e+00   0.0000000000e+00   3.8365974382e-01
   9.5010404259e+02   1.1654834136e-01   0.0000000000e+00   4.9979191482e-01   0.0000000000e+00   0.0000000000e+00   3.8365974382e-01
   9.4985535961e+02   1.1643245523e-01   0.0000000000e+00   5.0028928078e-01   0.0000000000e+00   0.0000000000e+00   3.8327826399e-01
   9.4985535961e+02   1.1643245523e-01   0.0000000000e+00   5.0028928078e-01   0.0000000000e+00   0.0000000000e+00   3.8327826399e-01
   9.4985535961e+02   1.1643245523e-01   0.0000000000e+00   5.0028928078e-01   0.0000000000e+00   0.0000000000e+00   3.8327826399e-01
   9.4985535961e+02   1.1643245523e-01   0.0000000000e+00   5.0028928078e-01   0.0000000000e+00   0.0000000000e+00   3.8327826399e-01
   9.4985535961e+02   1.1643245523e-01   0.0000000000e+00   5.0028928078e-01   0.0000000000e+00   0.0000000000e+00   3.8327826399e-01
   9.4985535961e+02   1.1643245523e-01   0.0000000000e+00   5.0028928078e-01   0.0000000000e+00   0.0000000000e+00   3.8327826399e-01
   9.4985535961e+02   1.1643245523e-01   0.0000000000e+00   5.0028928078e-01   0.0000000000e+00   0.0000000000e+00   3.8327826399e-01
   9.4985535961e+02   1.1643245523e-01   0.0000000000e+00   5.0028928078e-01   0.0000000000e+00   0.0000000000e+00   3.8327826399e-01
   9.4985535961e+02   1.1643245523e-01   0.0000000000e+00   5.0028928078e-01   0.0000000000e+00   0.0000000000e+00   3.8327826399e-01
   9.4985535961e+02   1.1643245523e-01   0.0000000000e+00   5.0028928078e-01   0.0000000000e+00   0.0000000000e+00   3.8327826399e-01
   9.4985535961e+02   1.1643245523e-01   0.0000000000e+00   5.0028928078e-01   0.0000000000e+00   0.0000000000e+00   3.8327826399e-01
   9.4985535961e+02   1.1643245523e-01   0.0000000000e+00   5.0028928078e-01   0.0000000000e+00   0.0000000000e+00   3.8327826399e-01
   9.4985535961e+02   1.1643245523e-01   0.0000000000e+00   5.0028928078e-01   0.0000000000e+00   0.0000000000e+00   3.8327826399e-01
   9.4985535961e+02   1.1643245523e-01   0.0000000000e+00   5.0028928078e-01   0.0000000000e+00   0.0000000000e+00   3.8327826399e-01
   9.4985535961e+02   1.1643245523e-01   0.0000000000e+00   5.0028928078e-01   0.0000000000e+00   0.0000000000e+00   3.8327826399e-01
   9.4985535961e+02   1.1643245523e-01   0.0000000000e+00   5.0028928078e-01   0.0000000000e+00   0.0000000000e+00   3.8327826399e-01
   9.4982732809e+02   1.1641939256e-01   0.0000000000e+00   5.0034534382e-01   0.0000000000e+00   0.0000000000e+00   3.8323526362e-01
   9.4982732809e+02   1.1641939256e-01   0.0000000000e+00   5.0034534382e-01   0.0000000000e+00   0.0000000000e+00   3.8323526362e-01
   9.4982732809e+02   1.1641939256e-01   0.0000000000e+00   5.0034534382e-01   0.0000000000e+00   0.0000000000e+00   3.8323526362e-01
   9.4982732809e+02   1.1641939256e-01   0.0000000000e+00   5.0034534382e-01   0.0000000000e+00   0.0000000000e+00   3.8323526362e-01
   9.4983049001e+02   1.1642086601e-01   0.0000000000e+00   5.0033901999e-01   0.0000000000e+00   0.0000000000e+00   3.8324011400e-01
   9.4983049001e+02   1.1642086601e-01   0.0000000000e+00   5.0033901999e-01   0.0000000000e+00   0.0000000000e+00   3.8324011400e-01
   9.4983049001e+02   1.1642086601e-01   0.0000000000e+00   5.0033901999e-01   0.0000000000e+00   0.0000000000e+00   3.8324011400e-01
   9.4983049001e+02   1.1642086601e-01   0.0000000000e+00   5.0033901999e-01   0.0000000000e+00   0.0000000000e+00   3.8324011400e-01
   9.4982890905e+02   1.1642012928e-01   0.0000000000e+00   5.0034218190e-01   0.0000000000e+00   0.0000000000e+00   3.8323768881e-01
   9.4982890905e+02   1.1642012928e-01   0.0000000000e+00   5.0034218190e-01   0.0000000000e+00   0.0000000000e+00   3.8323768881e-01
   9.4982890905e+02   1.1642012928e-01   0.0000000000e+00   5.0034218190e-01   0.0000000000e+00   0.0000000000e+00   3.8323768881e-01
   9.4982890905e+02   1.1642012928e-01   0.0000000000e+00   5.0034218190e-01   0.0000000000e+00   0.0000000000e+00   3.8323768881e-01
   9.4982574713e+02   1.1641865583e-01   0.0000000000e+00   5.0034850574e-01   0.0000000000e+00   0.0000000000e+00   3.8323283843e-01
   9.4982574713e+02   1.1641865583e-01   0.0000000000e+00   5.0034850574e-01   0.0000000000e+00   0.0000000000e+00   3.8323283843e-01
   9.4982574713e+02   1.1641865583e-01   0.0000000000e+00   5.0034850574e-01   0.0000000000e+00   0.0000000000e+00   3.8323283843e-01
   9.4982574713e+02   1.1641865583e-01   0.0000000000e+00   5.0034850574e-01   0.0000000000e+00   0.0000000000e+00   3.8323283843e-01
   9.4994358276e+02   1.1647356717e-01   0.0000000000e+00   5.0011283447e-01   0.0000000000e+00   0.0000000000e+00   3.8341359836e-01
   9.4994358276e+02   1.1647356717e-01   0.0000000000e+00   5.0011283447e-01   0.0000000000e+00   0.0000000000e+00   3.8341359836e-01
   9.4994358276e+02   1.1647356717e-01   0.0000000000e+00   5.0011283447e-01   0.0000000000e+00   0.0000000000e+00   3.8341359836e-01
   9.4994358276e+02   1.1647356717e-01   0.0000000000e+00   5.0011283447e-01   0.0000000000e+00   0.0000000000e+00   3.8341359836e-01
   9.4994358276e+02   1.1647356717e-01   0.0000000000e+00   5.0011283447e-01   0.0000000000e+00   0.0000000000e+00   3.8341359836e-01
   9.4994358276e+02   1.1647356717e-01   0.0000000000e+00   5.0011283447e-01   0.0000000000e+00   0.0000000000e+00   3.8341359836e-01
   9.4994358276e+02   1.1647356717e-01   0.0000000000e+00   5.0011283447e-01   0.0000000000e+00   0.0000000000e+00   3.8341359836e-01
   9.4994358276e+02   1.1647356717e-01   0.0000000000e+00   5.0011283447e-01   0.0000000000e+00   0.0000000000e+00   3.8341359836e-01
   9.4997039241e+02   1.1648606045e-01   0.0000000000e+00   5.0005921518e-01   0.0000000000e+00   0.0000000000e+00   3.8345472437e-01
   9.4997039241e+02   1.1648606045e-01   0.0000000000e+00   5.0005921518e-01   0.0000000000e+00   0.0000000000e+00   3.8345472437e-01
   9.4997039241e+02   1.1648606045e-01   0.0000000000e+00   5.0005921518e-01   0.0000000000e+00   0.0000000000e+00   3.8345472437e-01
   9.4997039241e+02   1.1648606045e-01   0.0000000000e+00   5.0005921518e-01   0.0000000000e+00   0.0000000000e+00   3.8345472437e-01
   9.4997039241e+02   1.1648606045e-01   0.0000000000e+00   5.0005921518e-01   0.0000000000e+00   0.0000000000e+00   3.8345472437e-01
   9.4997039241e+02   1.1648606045e-01   0.0000000000e+00   5.0005921518e-01   0.0000000000e+00   0.0000000000e+00   3.8345472437e-01
   9.4997039241e+02   1.1648606045e-01   0.0000000000e+00   5.0005921518e-01   0.0000000000e+00   0.0000000000e+00   3.8345472437e-01
   9.4997039241e+02   1.1648606045e-01   0.0000000000e+00   5.0005921518e-01   0.0000000000e+00   0.0000000000e+00   3.8345472437e-01
   9.5006433465e+02   1.1652983748e-01   0.0000000000e+00   4.9987133070e-01   0.0000000000e+00   0.0000000000e+00   3.8359883182e-01
   9.5006433465e+02   1.1652983748e-01   0.0000000000e+00   4.9987133070e-01   0.0000000000e+00   0.0000000000e+00   3.8359883182e-01
   9.5004815746e+02   1.1652229892e-01   0.0000000000e+00   4.9990368508e-01   0.0000000000e+00   0.0000000000e+00   3.8357401600e-01
   9.5004815746e+02   1.1652229892e-01   0.0000000000e+00   4.9990368508e-01   0.0000000000e+00   0.0000000000e+00   3.8357401600e-01
   9.5005624606e+02   1.1652606820e-01   0.0000000000e+00   4.9988750789e-01   0.0000000000e+00   0.0000000000e+00   3.8358642391e-01
   9.5005624606e+02   1.1652606820e-01   0.0000000000e+00   4.9988750789e-01   0.0000000000e+00   0.0000000000e+00   3.8358642391e-01
   9.5005624606e+02   1.1652606820e-01   0.0000000000e+00   4.9988750789e-01   0.0000000000e+00   0.0000000000e+00   3.8358642391e-01
   9.5005624606e+02   1.1652606820e-01   0.0000000000e+00   4.9988750789e-01   0.0000000000e+00   0.0000000000e+00   3.8358642391e-01
   9.5006433465e+02   1.1652983748e-01   0.0000000000e+00   4.9987133070e-01   0.0000000000e+00   0.0000000000e+00   3.8359883182e-01
   9.5006433465e+02   1.1652983748e-01   0.0000000000e+00   4.9987133070e-01   0.0000000000e+00   0.0000000000e+00   3.8359883182e-01
   9.5006433465e+02   1.1652983748e-01   0.0000000000e+00   4.9987133070e-01   0.0000000000e+00   0.0000000000e+00   3.8359883182e-01
   9.5006433465e+02   1.1652983748e-01   0.0000000000e+00   4.9987133070e-01   0.0000000000e+00   0.0000000000e+00   3.8359883182e-01
   9.5005624606e+02   1.1652606820e-01   0.0000000000e+00   4.9988750789e-01   0.0000000000e+00   0.0000000000e+00   3.8358642391e-01
   9.5005624606e+02   1.1652606820e-01   0.0000000000e+00   4.9988750789e-01   0.0000000000e+00   0.0000000000e+00   3.8358642391e-01
   9.5004006886e+02   1.1651852964e-01   0.0000000000e+00   4.9991986227e-01   0.0000000000e+00   0.0000000000e+00   3.8356160809e-01
   9.5004006886e+02   1.1651852964e-01   0.0000000000e+00   4.9991986227e-01   0.0000000000e+00   0.0000000000e+00   3.8356160809e-01
   9.5009556921e+02   1.1654439277e-01   0.0000000000e+00   4.9980886157e-01   0.0000000000e+00   0.0000000000e+00   3.8364674566e-01
   9.5009556921e+02   1.1654439277e-01   0.0000000000e+00   4.9980886157e-01   0.0000000000e+00   0.0000000000e+00   3.8364674566e-01
   9.5009556921e+02   1.1654439277e-01   0.0000000000e+00   4.9980886157e-01   0.0000000000e+00   0.0000000000e+00   3.8364674566e-01
   9.5009556921e+02   1.1654439277e-01   0.0000000000e+00   4.9980886157e-01   0.0000000000e+00   0.0000000000e+00   3.8364674566e-01
   9.5009556921e+02   1.1654439277e-01   0.0000000000e+00   4.9980886157e-01   0.0000000000e+00   0.0000000000e+00   3.8364674566e-01
   9.5009556921e+02   1.1654439277e-01   0.0000000000e+00   4.9980886157e-01   0.0000000000e+00   0.0000000000e+00   3.8364674566e-01
   9.5009556921e+02   1.1654439277e-01   0.0000000000e+00   4.9980886157e-01   0.0000000000e+00   0.0000000000e+00   3.8364674566e-01
   9.5009556921e+02   1.1654439277e-01   0.0000000000e+00   4.9980886157e-01   0.0000000000e+00   0.0000000000e+00   3.8364674566e-01
   9.5007859624e+02   1.1653648337e-01   0.0000000000e+00   4.9984280751e-01   0.0000000000e+00   0.0000000000e+00   3.8362070911e-01
   9.5007859624e+02   1.1653648337e-01   0.0000000000e+00   4.9984280751e-01   0.0000000000e+00   0.0000000000e+00   3.8362070911e-01
   9.5007859624e+02   1.1653648337e-01   0.0000000000e+00   4.9984280751e-01   0.0000000000e+00   0.0000000000e+00   3.8362070911e-01
   9.5007859624e+02   1.1653648337e-01   0.0000000000e+00   4.9984280751e-01   0.0000000000e+00   0.0000000000e+00   3.8362070911e-01
   9.5007859624e+02   1.1653648337e-01   0.0000000000e+00   4.9984280751e-01   0.0000000000e+00   0.0000000000e+00   3.8362070911e-01
   9.5007859624e+02   1.1653648337e-01   0.0000000000e+00   4.9984280751e-01   0.0000000000e+00   0.0000000000e+00   3.8362070911e-01
   9.5007859624e+02   1.1653648337e-01   0.0000000000e+00   4.9984280751e-01   0.0000000000e+00   0.0000000000e+00   3.8362070911e-01
   9.5007859624e+02   1.1653648337e-01   0.0000000000e+00   4.9984280751e-01   0.0000000000e+00   0.0000000000e+00   3.8362070911e-01
   9.5009747219e+02   1.1654527956e-01   0.0000000000e+00   4.9980505561e-01   0.0000000000e+00   0.0000000000e+00   3.8364966483e-01
   9.5009747219e+02   1.1654527956e-01   0.0000000000e+00   4.9980505561e-01   0.0000000000e+00   0.0000000000e+00   3.8364966483e-01
   9.5018690325e+02   1.1658695438e-01   0.0000000000e+00   4.9962619351e-01   0.0000000000e+00   0.0000000000e+00   3.8378685212e-01
   9.5018690325e+02   1.1658695438e-01   0.0000000000e+00   4.9962619351e-01   0.0000000000e+00   0.0000000000e+00   3.8378685212e-01
   9.5014218772e+02   1.1656611697e-01   0.0000000000e+00   4.9971562456e-01   0.0000000000e+00   0.0000000000e+00   3.8371825847e-01
   9.5014218772e+02   1.1656611697e-01   0.0000000000e+00   4.9971562456e-01   0.0000000000e+00   0.0000000000e+00   3.8371825847e-01
   9.5014218772e+02   1.1656611697e-01   0.0000000000e+00   4.9971562456e-01   0.0000000000e+00   0.0000000000e+00   3.8371825847e-01
   9.5014218772e+02   1.1656611697e-01   0.0000000000e+00   4.9971562456e-01   0.0000000000e+00   0.0000000000e+00   3.8371825847e-01
   9.5012611639e+02   1.1655862773e-01   0.0000000000e+00   4.9974776723e-01   0.0000000000e+00   0.0000000000e+00   3.8369360504e-01
   9.5012611639e+02   1.1655862773e-01   0.0000000000e+00   4.9974776723e-01   0.0000000000e+00   0.0000000000e+00   3.8369360504e-01
   9.5012611639e+02   1.1655862773e-01   0.0000000000e+00   4.9974776723e-01   0.0000000000e+00   0.0000000000e+00   3.8369360504e-01
   9.5012611639e+02   1.1655862773e-01   0.0000000000e+00   4.9974776723e-01   0.0000000000e+00   0.0000000000e+00   3.8369360504e-01
   9.5012611639e+02   1.1655862773e-01   0.0000000000e+00   4.9974776723e-01   0.0000000000e+00   0.0000000000e+00   3.8369360504e-01
   9.5012611639e+02   1.1655862773e-01   0.0000000000e+00   4.9974776723e-01   0.0000000000e+00   0.0000000000e+00   3.8369360504e-01
   9.5012611639e+02   1.1655862773e-01   0.0000000000e+00   4.9974776723e-01   0.0000000000e+00   0.0000000000e+00   3.8369360504e-01
   9.5012611639e+02   1.1655862773e-01   0.0000000000e+00   4.9974776723e-01   0.0000000000e+00   0.0000000000e+00   3.8369360504e-01
   9.5004369121e+02   1.1652021765e-01   0.0000000000e+00   4.9991261757e-01   0.0000000000e+00   0.0000000000e+00   3.8356716478e-01
   9.5004369121e+02   1.1652021765e-01   0.0000000000e+00   4.9991261757e-01   0.0000000000e+00   0.0000000000e+00   3.8356716478e-01
   9.5004369121e+02   1.1652021765e-01   0.0000000000e+00   4.9991261757e-01   0.0000000000e+00   0.0000000000e+00   3.8356716478e-01
   9.5004369121e+02   1.1652021765e-01   0.0000000000e+00   4.9991261757e-01   0.0000000000e+00   0.0000000000e+00   3.8356716478e-01
   9.5004369121e+02   1.1652021765e-01   0.0000000000e+00   4.9991261757e-01   0.0000000000e+00   0.0000000000e+00   3.8356716478e-01
   9.5004369121e+02   1.1652021765e-01   0.0000000000e+00   4.9991261757e-01   0.0000000000e+00   0.0000000000e+00   3.8356716478e-01
   9.5004369121e+02   1.1652021765e-01   0.0000000000e+00   4.9991261757e-01   0.0000000000e+00   0.0000000000e+00   3.8356716478e-01
   9.5004369121e+02   1.1652021765e-01   0.0000000000e+00   4.9991261757e-01   0.0000000000e+00   0.0000000000e+00   3.8356716478e-01
   9.5011788498e+02   1.1655479190e-01   0.0000000000e+00   4.9976423003e-01   0.0000000000e+00   0.0000000000e+00   3.8368097806e-01
   9.5011788498e+02   1.1655479190e-01   0.0000000000e+00   4.9976423003e-01   0.0000000000e+00   0.0000000000e+00   3.8368097806e-01
   9.5011788498e+02   1.1655479190e-01   0.0000000000e+00   4.9976423003e-01   0.0000000000e+00   0.0000000000e+00   3.8368097806e-01
   9.5011788498e+02   1.1655479190e-01   0.0000000000e+00   4.9976423003e-01   0.0000000000e+00   0.0000000000e+00   3.8368097806e-01
   9.5007325345e+02   1.1653399363e-01   0.0000000000e+00   4.9985349311e-01   0.0000000000e+00   0.0000000000e+00   3.8361251326e-01
   9.5007325345e+02   1.1653399363e-01   0.0000000000e+00   4.9985349311e-01   0.0000000000e+00   0.0000000000e+00   3.8361251326e-01
   9.5007325345e+02   1.1653399363e-01   0.0000000000e+00   4.9985349311e-01   0.0000000000e+00   0.0000000000e+00   3.8361251326e-01
   9.5007325345e+02   1.1653399363e-01   0.0000000000e+00   4.9985349311e-01   0.0000000000e+00   0.0000000000e+00   3.8361251326e-01
   9.5014766902e+02   1.1656867125e-01   0.0000000000e+00   4.9970466197e-01   0.0000000000e+00   0.0000000000e+00   3.8372666679e-01
   9.5014766902e+02   1.1656867125e-01   0.0000000000e+00   4.9970466197e-01   0.0000000000e+00   0.0000000000e+00   3.8372666679e-01
   9.5014766902e+02   1.1656867125e-01   0.0000000000e+00   4.9970466197e-01   0.0000000000e+00   0.0000000000e+00   3.8372666679e-01
   9.5014766902e+02   1.1656867125e-01   0.0000000000e+00   4.9970466197e-01   0.0000000000e+00   0.0000000000e+00   3.8372666679e-01
   9.5014057746e+02   1.1656536658e-01   0.0000000000e+00   4.9971884509e-01   0.0000000000e+00   0.0000000000e+00   3.8371578833e-01
   9.5014057746e+02   1.1656536658e-01   0.0000000000e+00   4.9971884509e-01   0.0000000000e+00   0.0000000000e+00   3.8371578833e-01
   9.5015476058e+02   1.1657197591e-01   0.0000000000e+00   4.9969047884e-01   0.0000000000e+00   0.0000000000e+00   3.8373754524e-01
   9.5015476058e+02   1.1657197591e-01   0.0000000000e+00   4.9969047884e-01   0.0000000000e+00   0.0000000000e+00   3.8373754524e-01
   9.5019984150e+02   1.1659298360e-01   0.0000000000e+00   4.9960031700e-01   0.0000000000e+00   0.0000000000e+00   3.8380669941e-01
   9.5019984150e+02   1.1659298360e-01   0.0000000000e+00   4.9960031700e-01   0.0000000000e+00   0.0000000000e+00   3.8380669941e-01
   9.5019984150e+02   1.1659298360e-01   0.0000000000e+00   4.9960031700e-01   0.0000000000e+00   0.0000000000e+00   3.8380669941e-01
   9.5019984150e+02   1.1659298360e-01   0.0000000000e+00   4.9960031700e-01   0.0000000000e+00   0.0000000000e+00   3.8380669941e-01
   9.5018247982e+02   1.1658489306e-01   0.0000000000e+00   4.9963504035e-01   0.0000000000e+00   0.0000000000e+00   3.8378006658e-01
   9.5018247982e+02   1.1658489306e-01   0.0000000000e+00   4.9963504035e-01   0.0000000000e+00   0.0000000000e+00   3.8378006658e-01
   9.5018247982e+02   1.1658489306e-01   0.0000000000e+00   4.9963504035e-01   0.0000000000e+00   0.0000000000e+00   3.8378006658e-01
   9.5018247982e+02   1.1658489306e-01   0.0000000000e+00   4.9963504035e-01   0.0000000000e+00   0.0000000000e+00   3.8378006658e-01
   9.5002975968e+02   1.1651372556e-01   0.0000000000e+00   4.9994048064e-01   0.0000000000e+00   0.0000000000e+00   3.8354579380e-01
   9.5002975968e+02   1.1651372556e-01   0.0000000000e+00   4.9994048064e-01   0.0000000000e+00   0.0000000000e+00   3.8354579380e-01
   9.4998740369e+02   1.1649398769e-01   0.0000000000e+00   5.0002519263e-01   0.0000000000e+00   0.0000000000e+00   3.8348081968e-01
   9.4998740369e+02   1.1649398769e-01   0.0000000000e+00   5.0002519263e-01   0.0000000000e+00   0.0000000000e+00   3.8348081968e-01
   9.5001917068e+02   1.1650879110e-01   0.0000000000e+00   4.9996165864e-01   0.0000000000e+00   0.0000000000e+00   3.8352955027e-01
   9.5001917068e+02   1.1650879110e-01   0.0000000000e+00   4.9996165864e-01   0.0000000000e+00   0.0000000000e+00   3.8352955027e-01
   9.5001917068e+02   1.1650879110e-01   0.0000000000e+00   4.9996165864e-01   0.0000000000e+00   0.0000000000e+00   3.8352955027e-01
   9.5001917068e+02   1.1650879110e-01   0.0000000000e+00   4.9996165864e-01   0.0000000000e+00   0.0000000000e+00   3.8352955027e-01
   9.4999799268e+02   1.1649892216e-01   0.0000000000e+00   5.0000401463e-01   0.0000000000e+00   0.0000000000e+00   3.8349706321e-01
   9.4999799268e+02   1.1649892216e-01   0.0000000000e+00   5.0000401463e-01   0.0000000000e+00   0.0000000000e+00   3.8349706321e-01
   9.4999799268e+02   1.1649892216e-01   0.0000000000e+00   5.0000401463e-01   0.0000000000e+00   0.0000000000e+00   3.8349706321e-01
   9.4999799268e+02   1.1649892216e-01   0.0000000000e+00   5.0000401463e-01   0.0000000000e+00   0.0000000000e+00   3.8349706321e-01
   9.4998740369e+02   1.1649398769e-01   0.0000000000e+00   5.0002519263e-01   0.0000000000e+00   0.0000000000e+00   3.8348081968e-01
   9.4998740369e+02   1.1649398769e-01   0.0000000000e+00   5.0002519263e-01   0.0000000000e+00   0.0000000000e+00   3.8348081968e-01
   9.5002975968e+02   1.1651372556e-01   0.0000000000e+00   4.9994048064e-01   0.0000000000e+00   0.0000000000e+00   3.8354579380e-01
   9.5002975968e+02   1.1651372556e-01   0.0000000000e+00   4.9994048064e-01   0.0000000000e+00   0.0000000000e+00   3.8354579380e-01
   9.4990590769e+02   1.1645601060e-01   0.0000000000e+00   5.0018818463e-01   0.0000000000e+00   0.0000000000e+00   3.8335580477e-01
   9.4990590769e+02   1.1645601060e-01   0.0000000000e+00   5.0018818463e-01   0.0000000000e+00   0.0000000000e+00   3.8335580477e-01
   9.4990590769e+02   1.1645601060e-01   0.0000000000e+00   5.0018818463e-01   0.0000000000e+00   0.0000000000e+00   3.8335580477e-01
   9.4990590769e+02   1.1645601060e-01   0.0000000000e+00   5.0018818463e-01   0.0000000000e+00   0.0000000000e+00   3.8335580477e-01
   9.5005347125e+02   1.1652477514e-01   0.0000000000e+00   4.9989305750e-01   0.0000000000e+00   0.0000000000e+00   3.8358216735e-01
   9.5005347125e+02   1.1652477514e-01   0.0000000000e+00   4.9989305750e-01   0.0000000000e+00   0.0000000000e+00   3.8358216735e-01
   9.5005347125e+02   1.1652477514e-01   0.0000000000e+00   4.9989305750e-01   0.0000000000e+00   0.0000000000e+00   3.8358216735e-01
   9.5005347125e+02   1.1652477514e-01   0.0000000000e+00   4.9989305750e-01   0.0000000000e+00   0.0000000000e+00   3.8358216735e-01
   9.4997933315e+02   1.1649022683e-01   0.0000000000e+00   5.0004133370e-01   0.0000000000e+00   0.0000000000e+00   3.8346843947e-01
   9.4997933315e+02   1.1649022683e-01   0.0000000000e+00   5.0004133370e-01   0.0000000000e+00   0.0000000000e+00   3.8346843947e-01
   9.4997933315e+02   1.1649022683e-01   0.0000000000e+00   5.0004133370e-01   0.0000000000e+00   0.0000000000e+00   3.8346843947e-01
   9.4997933315e+02   1.1649022683e-01   0.0000000000e+00   5.0004133370e-01   0.0000000000e+00   0.0000000000e+00   3.8346843947e-01
   9.4985132965e+02   1.1643057727e-01   0.0000000000e+00   5.0029734069e-01   0.0000000000e+00   0.0000000000e+00   3.8327208203e-01
   9.4985132965e+02   1.1643057727e-01   0.0000000000e+00   5.0029734069e-01   0.0000000000e+00   0.0000000000e+00   3.8327208203e-01
   9.4985132965e+02   1.1643057727e-01   0.0000000000e+00   5.0029734069e-01   0.0000000000e+00   0.0000000000e+00   3.8327208203e-01
   9.4985132965e+02   1.1643057727e-01   0.0000000000e+00   5.0029734069e-01   0.0000000000e+00   0.0000000000e+00   3.8327208203e-01
   9.5011480232e+02   1.1655335539e-01   0.0000000000e+00   4.9977039535e-01   0.0000000000e+00   0.0000000000e+00   3.8367624926e-01
   9.5011480232e+02   1.1655335539e-01   0.0000000000e+00   4.9977039535e-01   0.0000000000e+00   0.0000000000e+00   3.8367624926e-01
   9.5011480232e+02   1.1655335539e-01   0.0000000000e+00   4.9977039535e-01   0.0000000000e+00   0.0000000000e+00   3.8367624926e-01
   9.5011480232e+02   1.1655335539e-01   0.0000000000e+00   4.9977039535e-01   0.0000000000e+00   0.0000000000e+00   3.8367624926e-01
   9.5023377966e+02   1.1660879876e-01   0.0000000000e+00   4.9953244068e-01   0.0000000000e+00   0.0000000000e+00   3.8385876056e-01
   9.5023377966e+02   1.1660879876e-01   0.0000000000e+00   4.9953244068e-01   0.0000000000e+00   0.0000000000e+00   3.8385876056e-01
   9.5023377966e+02   1.1660879876e-01   0.0000000000e+00   4.9953244068e-01   0.0000000000e+00   0.0000000000e+00   3.8385876056e-01
   9.5023377966e+02   1.1660879876e-01   0.0000000000e+00   4.9953244068e-01   0.0000000000e+00   0.0000000000e+00   3.8385876056e-01
   9.5023377966e+02   1.1660879876e-01   0.0000000000e+00   4.9953244068e-01   0.0000000000e+00   0.0000000000e+00   3.8385876056e-01
   9.5023377966e+02   1.1660879876e-01   0.0000000000e+00   4.9953244068e-01   0.0000000000e+00   0.0000000000e+00   3.8385876056e-01
   9.5023377966e+02   1.1660879876e-01   0.0000000000e+00   4.9953244068e-01   0.0000000000e+00   0.0000000000e+00   3.8385876056e-01
   9.5023377966e+02   1.1660879876e-01   0.0000000000e+00   4.9953244068e-01   0.0000000000e+00   0.0000000000e+00   3.8385876056e-01
   9.5011480232e+02   1.1655335539e-01   0.0000000000e+00   4.9977039535e-01   0.0000000000e+00   0.0000000000e+00   3.8367624926e-01
   9.5011480232e+02   1.1655335539e-01   0.0000000000e+00   4.9977039535e-01   0.0000000000e+00   0.0000000000e+00   3.8367624926e-01
   9.5011480232e+02   1.1655335539e-01   0.0000000000e+00   4.9977039535e-01   0.0000000000e+00   0.0000000000e+00   3.8367624926e-01
   9.5011480232e+02   1.1655335539e-01   0.0000000000e+00   4.9977039535e-01   0.0000000000e+00   0.0000000000e+00   3.8367624926e-01
   9.5015634397e+02   1.1657271377e-01   0.0000000000e+00   4.9968731206e-01   0.0000000000e+00   0.0000000000e+00   3.8373997417e-01
   9.5015634397e+02   1.1657271377e-01   0.0000000000e+00   4.9968731206e-01   0.0000000000e+00   0.0000000000e+00   3.8373997417e-01
   9.5004863661e+02   1.1652252220e-01   0.0000000000e+00   4.9990272677e-01   0.0000000000e+00   0.0000000000e+00   3.8357475102e-01
   9.5004863661e+02   1.1652252220e-01   0.0000000000e+00   4.9990272677e-01   0.0000000000e+00   0.0000000000e+00   3.8357475102e-01
   9.5015634397e+02   1.1657271377e-01   0.0000000000e+00   4.9968731206e-01   0.0000000000e+00   0.0000000000e+00   3.8373997417e-01
   9.5015634397e+02   1.1657271377e-01   0.0000000000e+00   4.9968731206e-01   0.0000000000e+00   0.0000000000e+00   3.8373997417e-01
   9.5009043175e+02   1.1654199871e-01   0.0000000000e+00   4.9981913650e-01   0.0000000000e+00   0.0000000000e+00   3.8363886479e-01
   9.5009043175e+02   1.1654199871e-01   0.0000000000e+00   4.9981913650e-01   0.0000000000e+00   0.0000000000e+00   3.8363886479e-01
   9.5000576831e+02   1.1650254560e-01   0.0000000000e+00   4.9998846339e-01   0.0000000000e+00   0.0000000000e+00   3.8350899102e-01
   9.5000576831e+02   1.1650254560e-01   0.0000000000e+00   4.9998846339e-01   0.0000000000e+00   0.0000000000e+00   3.8350899102e-01
   9.5000576831e+02   1.1650254560e-01   0.0000000000e+00   4.9998846339e-01   0.0000000000e+00   0.0000000000e+00   3.8350899102e-01
   9.5000576831e+02   1.1650254560e-01   0.0000000000e+00   4.9998846339e-01   0.0000000000e+00   0.0000000000e+00   3.8350899102e-01
   9.4998678294e+02   1.1649369843e-01   0.0000000000e+00   5.0002643413e-01   0.0000000000e+00   0.0000000000e+00   3.8347986745e-01
   9.4998678294e+02   1.1649369843e-01   0.0000000000e+00   5.0002643413e-01   0.0000000000e+00   0.0000000000e+00   3.8347986745e-01
   9.4998678294e+02   1.1649369843e-01   0.0000000000e+00   5.0002643413e-01   0.0000000000e+00   0.0000000000e+00   3.8347986745e-01
   9.4998678294e+02   1.1649369843e-01   0.0000000000e+00   5.0002643413e-01   0.0000000000e+00   0.0000000000e+00   3.8347986745e-01