# time = 114.956
# Grid Poins = 256    variable_0    variable_1    variable_2    variable_3    variable_4    variable_5    variable_6
   9.4999999863e+02   1.1649985693e-01   0.0000000000e+00   5.0000000275e-01   0.0000000000e+00   0.0000000000e+00   3.8350014032e-01
   9.4999999863e+02   1.1649985693e-01   0.0000000000e+00   5.0000000275e-01   0.0000000000e+00   0.0000000000e+00   3.8350014032e-01
   9.4999999863e+02   1.1649985693e-01   0.0000000000e+00   5.0000000275e-01   0.0000000000e+00   0.0000000000e+00   3.8350014032e-01
   9.4999999863e+02   1.1649985693e-01   0.0000000000e+00   5.0000000275e-01   0.0000000000e+00   0.0000000000e+00   3.8350014032e-01
   9.4999999920e+02   1.1649985720e-01   0.0000000000e+00   5.0000000161e-01   0.0000000000e+00   0.0000000000e+00   3.8350014120e-01
   9.4999999920e+02   1.1649985720e-01   0.0000000000e+00   5.0000000161e-01   0.0000000000e+00   0.0000000000e+00   3.8350014120e-01
   9.4999999920e+02   1.1649985720e-01   0.0000000000e+00   5.0000000161e-01   0.0000000000e+00   0.0000000000e+00   3.8350014120e-01
   9.4999999920e+02   1.1649985720e-01   0.0000000000e+00   5.0000000161e-01   0.0000000000e+00   0.0000000000e+00   3.8350014120e-01
   9.4999999945e+02   1.1649985731e-01   0.0000000000e+00   5.0000000111e-01   0.0000000000e+00   0.0000000000e+00   3.8350014158e-01
   9.4999999945e+02   1.1649985731e-01   0.0000000000e+00   5.0000000111e-01   0.0000000000e+00   0.0000000000e+00   3.8350014158e-01
   9.4999999971e+02   1.1649985743e-01   0.0000000000e+00   5.0000000058e-01   0.0000000000e+00   0.0000000000e+00   3.8350014198e-01
   9.4999999971e+02   1.1649985743e-01   0.0000000000e+00   5.0000000058e-01   0.0000000000e+00   0.0000000000e+00   3.8350014198e-01
   9.4999999971e+02   1.1649985743e-01   0.0000000000e+00   5.0000000058e-01   0.0000000000e+00   0.0000000000e+00   3.8350014198e-01
   9.4999999971e+02   1.1649985743e-01   0.0000000000e+00   5.0000000058e-01   0.0000000000e+00   0.0000000000e+00   3.8350014198e-01
   9.4999999945e+02   1.1649985731e-01   0.0000000000e+00   5.0000000111e-01   0.0000000000e+00   0.0000000000e+00   3.8350014158e-01
   9.4999999945e+02   1.1649985731e-01   0.0000000000e+00   5.0000000111e-01   0.0000000000e+00   0.0000000000e+00   3.8350014158e-01
   9.4999999863e+02   1.1649985693e-01   0.0000000000e+00   5.0000000275e-01   0.0000000000e+00   0.0000000000e+00   3.8350014032e-01
   9.4999999863e+02   1.1649985693e-01   0.0000000000e+00   5.0000000275e-01   0.0000000000e+00   0.0000000000e+00   3.8350014032e-01
   9.4999999853e+02   1.1649985689e-01   0.0000000000e+00   5.0000000294e-01   0.0000000000e+00   0.0000000000e+00   3.8350014018e-01
   9.4999999853e+02   1.1649985689e-01   0.0000000000e+00   5.0000000294e-01   0.0000000000e+00   0.0000000000e+00   3.8350014018e-01
   9.4999999863e+02   1.1649985693e-01   0.0000000000e+00   5.0000000275e-01   0.0000000000e+00   0.0000000000e+00   3.8350014032e-01
   9.4999999863e+02   1.1649985693e-01   0.0000000000e+00   5.0000000275e-01   0.0000000000e+00   0.0000000000e+00   3.8350014032e-01
   9.4999999853e+02   1.1649985689e-01   0.0000000000e+00   5.0000000294e-01   0.0000000000e+00   0.0000000000e+00   3.8350014018e-01
   9.4999999853e+02   1.1649985689e-01   0.0000000000e+00   5.0000000294e-01   0.0000000000e+00   0.0000000000e+00   3.8350014018e-01
   9.4999999965e+02   1.1649985741e-01   0.0000000000e+00   5.0000000071e-01   0.0000000000e+00   0.0000000000e+00   3.8350014189e-01
   9.4999999965e+02   1.1649985741e-01   0.0000000000e+00   5.0000000071e-01   0.0000000000e+00   0.0000000000e+00   3.8350014189e-01
   9.4999999965e+02   1.1649985741e-01   0.0000000000e+00   5.0000000071e-01   0.0000000000e+00   0.0000000000e+00   3.8350014189e-01
   9.4999999965e+02   1.1649985741e-01   0.0000000000e+00   5.0000000071e-01   0.0000000000e+00   0.0000000000e+00   3.8350014189e-01
   9.5000000000e+02   1.1649985757e-01   0.0000000000e+00   4.9999999999e-01   0.0000000000e+00   0.0000000000e+00   3.8350014243e-01
   9.5000000000e+02   1.1649985757e-01   0.0000000000e+00   4.9999999999e-01   0.0000000000e+00   0.0000000000e+00   3.8350014243e-01
   9.5000000000e+02   1.1649985757e-01   0.0000000000e+00   4.9999999999e-01   0.0000000000e+00   0.0000000000e+00   3.8350014243e-01
   9.5000000000e+02   1.1649985757e-01   0.0000000000e+00   4.9999999999e-01   0.0000000000e+00   0.0000000000e+00   3.8350014243e-01
   9.4999999877e+02   1.1649985700e-01   0.0000000000e+00   5.0000000245e-01   0.0000000000e+00   0.0000000000e+00   3.8350014055e-01
   9.4999999877e+02   1.1649985700e-01   0.0000000000e+00   5.0000000245e-01   0.0000000000e+00   0.0000000000e+00   3.8350014055e-01
   9.4999999877e+02   1.1649985700e-01   0.0000000000e+00   5.0000000245e-01   0.0000000000e+00   0.0000000000e+00   3.8350014055e-01
   9.4999999877e+02   1.1649985700e-01   0.0000000000e+00   5.0000000245e-01   0.0000000000e+00   0.0000000000e+00   3.8350014055e-01
   9.4999999877e+02   1.1649985700e-01   0.0000000000e+00   5.0000000245e-01   0.0000000000e+00   0.0000000000e+00   3.8350014055e-01
   9.4999999877e+02   1.1649985700e-01   0.0000000000e+00   5.0000000245e-01   0.0000000000e+00   0.0000000000e+00   3.8350014055e-01
   9.4999999877e+02   1.1649985700e-01   0.0000000000e+00   5.0000000245e-01   0.0000000000e+00   0.0000000000e+00   3.8350014055e-01
   9.4999999877e+02   1.1649985700e-01   0.0000000000e+00   5.0000000245e-01   0.0000000000e+00   0.0000000000e+00   3.8350014055e-01
   9.4999999999e+02   1.1649985757e-01   0.0000000000e+00   5.0000000001e-01   0.0000000000e+00   0.0000000000e+00   3.8350014242e-01
   9.4999999999e+02   1.1649985757e-01   0.0000000000e+00   5.0000000001e-01   0.0000000000e+00   0.0000000000e+00   3.8350014242e-01
   9.4999999999e+02   1.1649985757e-01   0.0000000000e+00   5.0000000001e-01   0.0000000000e+00   0.0000000000e+00   3.8350014242e-01
   9.4999999999e+02   1.1649985757e-01   0.0000000000e+00   5.0000000001e-01   0.0000000000e+00   0.0000000000e+00   3.8350014242e-01
   9.5000000043e+02   1.1649985777e-01   0.0000000000e+00   4.9999999915e-01   0.0000000000e+00   0.0000000000e+00   3.8350014308e-01
   9.5000000043e+02   1.1649985777e-01   0.0000000000e+00   4.9999999915e-01   0.0000000000e+00   0.0000000000e+00   3.8350014308e-01
   9.5000000043e+02   1.1649985777e-01   0.0000000000e+00   4.9999999915e-01   0.0000000000e+00   0.0000000000e+00   3.8350014308e-01
   9.5000000043e+02   1.1649985777e-01   0.0000000000e+00   4.9999999915e-01   0.0000000000e+00   0.0000000000e+00   3.8350014308e-01
   9.4999999929e+02   1.1649985724e-01   0.0000000000e+00   5.0000000142e-01   0.0000000000e+00   0.0000000000e+00   3.8350014134e-01
   9.4999999929e+02   1.1649985724e-01   0.0000000000e+00   5.0000000142e-01   0.0000000000e+00   0.0000000000e+00   3.8350014134e-01
   9.4999999929e+02   1.1649985724e-01   0.0000000000e+00   5.0000000142e-01   0.0000000000e+00   0.0000000000e+00   3.8350014134e-01
   9.4999999929e+02   1.1649985724e-01   0.0000000000e+00   5.0000000142e-01   0.0000000000e+00   0.0000000000e+00   3.8350014134e-01
   9.4999999965e+02   1.1649985741e-01   0.0000000000e+00   5.0000000071e-01   0.0000000000e+00   0.0000000000e+00   3.8350014189e-01
   9.4999999965e+02   1.1649985741e-01   0.0000000000e+00   5.0000000071e-01   0.0000000000e+00   0.0000000000e+00   3.8350014189e-01
   9.4999999965e+02   1.1649985741e-01   0.0000000000e+00   5.0000000071e-01   0.0000000000e+00   0.0000000000e+00   3.8350014189e-01
   9.4999999965e+02   1.1649985741e-01   0.0000000000e+00   5.0000000071e-01   0.0000000000e+00   0.0000000000e+00   3.8350014189e-01
   9.4999999918e+02   1.1649985719e-01   0.0000000000e+00   5.0000000164e-01   0.0000000000e+00   0.0000000000e+00   3.8350014118e-01
   9.4999999918e+02   1.1649985719e-01   0.0000000000e+00   5.0000000164e-01   0.0000000000e+00   0.0000000000e+00   3.8350014118e-01
   9.4999999961e+02   1.1649985739e-01   0.0000000000e+00   5.0000000077e-01   0.0000000000e+00   0.0000000000e+00   3.8350014184e-01
   9.4999999961e+02   1.1649985739e-01   0.0000000000e+00   5.0000000077e-01   0.0000000000e+00   0.0000000000e+00   3.8350014184e-01
   9.4999999885e+02   1.1649985703e-01   0.0000000000e+00   5.0000000231e-01   0.0000000000e+00   0.0000000000e+00   3.8350014066e-01
   9.4999999885e+02   1.1649985703e-01   0.0000000000e+00   5.0000000231e-01   0.0000000000e+00   0.0000000000e+00   3.8350014066e-01
   9.4999999961e+02   1.1649985739e-01   0.0000000000e+00   5.0000000077e-01   0.0000000000e+00   0.0000000000e+00   3.8350014184e-01
   9.4999999961e+02   1.1649985739e-01   0.0000000000e+00   5.0000000077e-01   0.0000000000e+00   0.0000000000e+00   3.8350014184e-01
   9.4999999947e+02   1.1649985732e-01   0.0000000000e+00   5.0000000107e-01   0.0000000000e+00   0.0000000000e+00   3.8350014161e-01
   9.4999999947e+02   1.1649985732e-01   0.0000000000e+00   5.0000000107e-01   0.0000000000e+00   0.0000000000e+00   3.8350014161e-01
   9.4999999947e+02   1.1649985732e-01   0.0000000000e+00   5.0000000107e-01   0.0000000000e+00   0.0000000000e+00   3.8350014161e-01
   9.4999999947e+02   1.1649985732e-01   0.0000000000e+00   5.0000000107e-01   0.0000000000e+00   0.0000000000e+00   3.8350014161e-01
   9.4999999947e+02   1.1649985732e-01   0.0000000000e+00   5.0000000107e-01   0.0000000000e+00   0.0000000000e+00   3.8350014161e-01
   9.4999999947e+02   1.1649985732e-01   0.0000000000e+00   5.0000000107e-01   0.0000000000e+00   0.0000000000e+00   3.8350014161e-01
   9.4999999947e+02   1.1649985732e-01   0.0000000000e+00   5.0000000107e-01   0.0000000000e+00   0.0000000000e+00   3.8350014161e-01
   9.4999999947e+02   1.1649985732e-01   0.0000000000e+00   5.0000000107e-01   0.0000000000e+00   0.0000000000e+00   3.8350014161e-01
   9.5000000128e+02   1.1649985817e-01   0.0000000000e+00   4.9999999744e-01   0.0000000000e+00   0.0000000000e+00   3.8350014439e-01
   9.5000000128e+02   1.1649985817e-01   0.0000000000e+00   4.9999999744e-01   0.0000000000e+00   0.0000000000e+00   3.8350014439e-01
   9.5000000128e+02   1.1649985817e-01   0.0000000000e+00   4.9999999744e-01   0.0000000000e+00   0.0000000000e+00   3.8350014439e-01
   9.5000000128e+02   1.1649985817e-01   0.0000000000e+00   4.9999999744e-01   0.0000000000e+00   0.0000000000e+00   3.8350014439e-01
   9.5000000128e+02   1.1649985817e-01   0.0000000000e+00   4.9999999744e-01   0.0000000000e+00   0.0000000000e+00   3.8350014439e-01
   9.5000000128e+02   1.1649985817e-01   0.0000000000e+00   4.9999999744e-01   0.0000000000e+00   0.0000000000e+00   3.8350014439e-01
   9.5000000128e+02   1.1649985817e-01   0.0000000000e+00   4.9999999744e-01   0.0000000000e+00   0.0000000000e+00   3.8350014439e-01
   9.5000000128e+02   1.1649985817e-01   0.0000000000e+00   4.9999999744e-01   0.0000000000e+00   0.0000000000e+00   3.8350014439e-01
   9.5000000092e+02   1.1649985800e-01   0.0000000000e+00   4.9999999816e-01   0.0000000000e+00   0.0000000000e+00   3.8350014384e-01
   9.5000000092e+02   1.1649985800e-01   0.0000000000e+00   4.9999999816e-01   0.0000000000e+00   0.0000000000e+00   3.8350014384e-01
   9.5000000092e+02   1.1649985800e-01   0.0000000000e+00   4.9999999816e-01   0.0000000000e+00   0.0000000000e+00   3.8350014384e-01
   9.5000000092e+02   1.1649985800e-01   0.0000000000e+00   4.9999999816e-01   0.0000000000e+00   0.0000000000e+00   3.8350014384e-01
   9.5000000092e+02   1.1649985800e-01   0.0000000000e+00   4.9999999816e-01   0.0000000000e+00   0.0000000000e+00   3.8350014384e-01
   9.5000000092e+02   1.1649985800e-01   0.0000000000e+00   4.9999999816e-01   0.0000000000e+00   0.0000000000e+00   3.8350014384e-01
   9.5000000092e+02   1.1649985800e-01   0.0000000000e+00   4.9999999816e-01   0.0000000000e+00   0.0000000000e+00   3.8350014384e-01
   9.5000000092e+02   1.1649985800e-01   0.0000000000e+00   4.9999999816e-01   0.0000000000e+00   0.0000000000e+00   3.8350014384e-01
   9.5000000002e+02   1.1649985758e-01   0.0000000000e+00   4.9999999996e-01   0.0000000000e+00   0.0000000000e+00   3.8350014246e-01
   9.5000000002e+02   1.1649985758e-01   0.0000000000e+00   4.9999999996e-01   0.0000000000e+00   0.0000000000e+00   3.8350014246e-01
   9.5000000002e+02   1.1649985758e-01   0.0000000000e+00   4.9999999996e-01   0.0000000000e+00   0.0000000000e+00   3.8350014246e-01
   9.5000000002e+02   1.1649985758e-01   0.0000000000e+00   4.9999999996e-01   0.0000000000e+00   0.0000000000e+00   3.8350014246e-01
   9.5000000002e+02   1.1649985758e-01   0.0000000000e+00   4.9999999996e-01   0.0000000000e+00   0.0000000000e+00   3.8350014246e-01
   9.5000000002e+02   1.1649985758e-01   0.0000000000e+00   4.9999999996e-01   0.0000000000e+00   0.0000000000e+00   3.8350014246e-01
   9.5000000002e+02   1.1649985758e-01   0.0000000000e+00   4.9999999996e-01   0.0000000000e+00   0.0000000000e+00   3.8350014246e-01
   9.5000000002e+02   1.1649985758e-01   0.0000000000e+00   4.9999999996e-01   0.0000000000e+00   0.0000000000e+00   3.8350014246e-01
   9.4999999973e+02   1.1649985744e-01   0.0000000000e+00   5.0000000054e-01   0.0000000000e+00   0.0000000000e+00   3.8350014201e-01
   9.4999999973e+02   1.1649985744e-01   0.0000000000e+00   5.0000000054e-01   0.0000000000e+00   0.0000000000e+00   3.8350014201e-01
   9.5000000008e+02   1.1649985761e-01   0.0000000000e+00   4.9999999985e-01   0.0000000000e+00   0.0000000000e+00   3.8350014255e-01
   9.5000000008e+02   1.1649985761e-01   0.0000000000e+00   4.9999999985e-01   0.0000000000e+00   0.0000000000e+00   3.8350014255e-01
   9.5000000077e+02   1.1649985793e-01   0.0000000000e+00   4.9999999846e-01   0.0000000000e+00   0.0000000000e+00   3.8350014361e-01
   9.5000000077e+02   1.1649985793e-01   0.0000000000e+00   4.9999999846e-01   0.0000000000e+00   0.0000000000e+00   3.8350014361e-01
   9.4999999973e+02   1.1649985744e-01   0.0000000000e+00   5.0000000054e-01   0.0000000000e+00   0.0000000000e+00   3.8350014201e-01
   9.4999999973e+02   1.1649985744e-01   0.0000000000e+00   5.0000000054e-01   0.0000000000e+00   0.0000000000e+00   3.8350014201e-01
   9.5000000213e+02   1.1649985856e-01   0.0000000000e+00   4.9999999573e-01   0.0000000000e+00   0.0000000000e+00   3.8350014570e-01
   9.5000000213e+02   1.1649985856e-01   0.0000000000e+00   4.9999999573e-01   0.0000000000e+00   0.0000000000e+00   3.8350014570e-01
   9.5000000213e+02   1.1649985856e-01   0.0000000000e+00   4.9999999573e-01   0.0000000000e+00   0.0000000000e+00   3.8350014570e-01
   9.5000000213e+02   1.1649985856e-01   0.0000000000e+00   4.9999999573e-01   0.0000000000e+00   0.0000000000e+00   3.8350014570e-01
   9.5000000283e+02   1.1649985889e-01   0.0000000000e+00   4.9999999435e-01   0.0000000000e+00   0.0000000000e+00   3.8350014677e-01
   9.5000000283e+02   1.1649985889e-01   0.0000000000e+00   4.9999999435e-01   0.0000000000e+00   0.0000000000e+00   3.8350014677e-01
   9.5000000283e+02   1.1649985889e-01   0.0000000000e+00   4.9999999435e-01   0.0000000000e+00   0.0000000000e+00   3.8350014677e-01
   9.5000000283e+02   1.1649985889e-01   0.0000000000e+00   4.9999999435e-01   0.0000000000e+00   0.0000000000e+00   3.8350014677e-01
   9.5000000213e+02   1.1649985856e-01   0.0000000000e+00   4.9999999573e-01   0.0000000000e+00   0.0000000000e+00   3.8350014570e-01
   9.5000000213e+02   1.1649985856e-01   0.0000000000e+00   4.9999999573e-01   0.0000000000e+00   0.0000000000e+00   3.8350014570e-01
   9.5000000213e+02   1.1649985856e-01   0.0000000000e+00   4.9999999573e-01   0.0000000000e+00   0.0000000000e+00   3.8350014570e-01
   9.5000000213e+02   1.1649985856e-01   0.0000000000e+00   4.9999999573e-01   0.0000000000e+00   0.0000000000e+00   3.8350014570e-01
   9.4999999948e+02   1.1649985733e-01   0.0000000000e+00   5.0000000105e-01   0.0000000000e+00   0.0000000000e+00   3.8350014163e-01
   9.4999999948e+02   1.1649985733e-01   0.0000000000e+00   5.0000000105e-01   0.0000000000e+00   0.0000000000e+00   3.8350014163e-01
   9.4999999948e+02   1.1649985733e-01   0.0000000000e+00   5.0000000105e-01   0.0000000000e+00   0.0000000000e+00   3.8350014163e-01
   9.4999999948e+02   1.1649985733e-01   0.0000000000e+00   5.0000000105e-01   0.0000000000e+00   0.0000000000e+00   3.8350014163e-01
   9.4999999948e+02   1.1649985733e-01   0.0000000000e+00   5.0000000105e-01   0.0000000000e+00   0.0000000000e+00   3.8350014163e-01
   9.4999999948e+02   1.1649985733e-01   0.0000000000e+00   5.0000000105e-01   0.0000000000e+00   0.0000000000e+00   3.8350014163e-01
   9.4999999948e+02   1.1649985733e-01   0.0000000000e+00   5.0000000105e-01   0.0000000000e+00   0.0000000000e+00   3.8350014163e-01
   9.4999999948e+02   1.1649985733e-01   0.0000000000e+00   5.0000000105e-01   0.0000000000e+00   0.0000000000e+00   3.8350014163e-01
   9.5000000213e+02   1.1649985856e-01   0.0000000000e+00   4.9999999573e-01   0.0000000000e+00   0.0000000000e+00   3.8350014570e-01
   9.5000000213e+02   1.1649985856e-01   0.0000000000e+00   4.9999999573e-01   0.0000000000e+00   0.0000000000e+00   3.8350014570e-01
   9.5000000213e+02   1.1649985856e-01   0.0000000000e+00   4.9999999573e-01   0.0000000000e+00   0.0000000000e+00   3.8350014570e-01
   9.5000000213e+02   1.1649985856e-01   0.0000000000e+00   4.9999999573e-01   0.0000000000e+00   0.0000000000e+00   3.8350014570e-01
   9.5000000014e+02   1.1649985763e-01   0.0000000000e+00   4.9999999972e-01   0.0000000000e+00   0.0000000000e+00   3.8350014264e-01
   9.5000000014e+02   1.1649985763e-01   0.0000000000e+00   4.9999999972e-01   0.0000000000e+00   0.0000000000e+00   3.8350014264e-01
   9.5000000014e+02   1.1649985763e-01   0.0000000000e+00   4.9999999972e-01   0.0000000000e+00   0.0000000000e+00   3.8350014264e-01
   9.5000000014e+02   1.1649985763e-01   0.0000000000e+00   4.9999999972e-01   0.0000000000e+00   0.0000000000e+00   3.8350014264e-01
   9.4999999991e+02   1.1649985753e-01   0.0000000000e+00   5.0000000018e-01   0.0000000000e+00   0.0000000000e+00   3.8350014229e-01
   9.4999999991e+02   1.1649985753e-01   0.0000000000e+00   5.0000000018e-01   0.0000000000e+00   0.0000000000e+00   3.8350014229e-01
   9.4999999991e+02   1.1649985753e-01   0.0000000000e+00   5.0000000018e-01   0.0000000000e+00   0.0000000000e+00   3.8350014229e-01
   9.4999999991e+02   1.1649985753e-01   0.0000000000e+00   5.0000000018e-01   0.0000000000e+00   0.0000000000e+00   3.8350014229e-01
   9.5000000017e+02   1.1649985765e-01   0.0000000000e+00   4.9999999965e-01   0.0000000000e+00   0.0000000000e+00   3.8350014270e-01
   9.5000000017e+02   1.1649985765e-01   0.0000000000e+00   4.9999999965e-01   0.0000000000e+00   0.0000000000e+00   3.8350014270e-01
   9.5000000017e+02   1.1649985765e-01   0.0000000000e+00   4.9999999965e-01   0.0000000000e+00   0.0000000000e+00   3.8350014270e-01
   9.5000000017e+02   1.1649985765e-01   0.0000000000e+00   4.9999999965e-01   0.0000000000e+00   0.0000000000e+00   3.8350014270e-01
   9.5000000005e+02   1.1649985759e-01   0.0000000000e+00   4.9999999991e-01   0.0000000000e+00   0.0000000000e+00   3.8350014250e-01
   9.5000000005e+02   1.1649985759e-01   0.0000000000e+00   4.9999999991e-01   0.0000000000e+00   0.0000000000e+00   3.8350014250e-01
   9.5000000005e+02   1.1649985759e-01   0.0000000000e+00   4.9999999991e-01   0.0000000000e+00   0.0000000000e+00   3.8350014250e-01
   9.5000000005e+02   1.1649985759e-01   0.0000000000e+00   4.9999999991e-01   0.0000000000e+00   0.0000000000e+00   3.8350014250e-01
   9.5000000017e+02   1.1649985765e-01   0.0000000000e+00   4.9999999965e-01   0.0000000000e+00   0.0000000000e+00   3.8350014270e-01
   9.5000000017e+02   1.1649985765e-01   0.0000000000e+00   4.9999999965e-01   0.0000000000e+00   0.0000000000e+00   3.8350014270e-01
   9.5000000017e+02   1.1649985765e-01   0.0000000000e+00   4.9999999965e-01   0.0000000000e+00   0.0000000000e+00   3.8350014270e-01
   9.5000000017e+02   1.1649985765e-01   0.0000000000e+00   4.9999999965e-01   0.0000000000e+00   0.0000000000e+00   3.8350014270e-01
   9.5000000013e+02   1.1649985763e-01   0.0000000000e+00   4.9999999973e-01   0.0000000000e+00   0.0000000000e+00   3.8350014264e-01
   9.5000000013e+02   1.1649985763e-01   0.0000000000e+00   4.9999999973e-01   0.0000000000e+00   0.0000000000e+00   3.8350014264e-01
   9.5000000013e+02   1.1649985763e-01   0.0000000000e+00   4.9999999973e-01   0.0000000000e+00   0.0000000000e+00   3.8350014264e-01
   9.5000000013e+02   1.1649985763e-01   0.0000000000e+00   4.9999999973e-01   0.0000000000e+00   0.0000000000e+00   3.8350014264e-01
   9.4999999994e+02   1.1649985754e-01   0.0000000000e+00   5.0000000012e-01   0.0000000000e+00   0.0000000000e+00   3.8350014233e-01
   9.4999999994e+02   1.1649985754e-01   0.0000000000e+00   5.0000000012e-01   0.0000000000e+00   0.0000000000e+00   3.8350014233e-01
   9.4999999994e+02   1.1649985754e-01   0.0000000000e+00   5.0000000012e-01   0.0000000000e+00   0.0000000000e+00   3.8350014233e-01
   9.4999999994e+02   1.1649985754e-01   0.0000000000e+00   5.0000000012e-01   0.0000000000e+00   0.0000000000e+00   3.8350014233e-01
   9.4999999994e+02   1.1649985754e-01   0.0000000000e+00   5.0000000012e-01   0.0000000000e+00   0.0000000000e+00   3.8350014233e-01
   9.4999999994e+02   1.1649985754e-01   0.0000000000e+00   5.0000000012e-01   0.0000000000e+00   0.0000000000e+00   3.8350014233e-01
   9.4999999994e+02   1.1649985754e-01   0.0000000000e+00   5.0000000012e-01   0.0000000000e+00   0.0000000000e+00   3.8350014233e-01
   9.4999999994e+02   1.1649985754e-01   0.0000000000e+00   5.0000000012e-01   0.0000000000e+00   0.0000000000e+00   3.8350014233e-01
   9.4999999982e+02   1.1649985748e-01   0.0000000000e+00   5.0000000037e-01   0.0000000000e+00   0.0000000000e+00   3.8350014215e-01
   9.4999999982e+02   1.1649985748e-01   0.0000000000e+00   5.0000000037e-01   0.0000000000e+00   0.0000000000e+00   3.8350014215e-01
   9.4999999999e+02   1.1649985756e-01   0.0000000000e+00   5.0000000003e-01   0.0000000000e+00   0.0000000000e+00   3.8350014241e-01
   9.4999999999e+02   1.1649985756e-01   0.0000000000e+00   5.0000000003e-01   0.0000000000e+00   0.0000000000e+00   3.8350014241e-01
   9.5000000013e+02   1.1649985763e-01   0.0000000000e+00   4.9999999973e-01   0.0000000000e+00   0.0000000000e+00   3.8350014264e-01
   9.5000000013e+02   1.1649985763e-01   0.0000000000e+00   4.9999999973e-01   0.0000000000e+00   0.0000000000e+00   3.8350014264e-01
   9.4999999999e+02   1.1649985756e-01   0.0000000000e+00   5.0000000003e-01   0.0000000000e+00   0.0000000000e+00   3.8350014241e-01
   9.4999999999e+02   1.1649985756e-01   0.0000000000e+00   5.0000000003e-01   0.0000000000e+00   0.0000000000e+00   3.8350014241e-01
   9.4999999943e+02   1.1649985731e-01   0.0000000000e+00   5.0000000113e-01   0.0000000000e+00   0.0000000000e+00   3.8350014156e-01
   9.4999999943e+02   1.1649985731e-01   0.0000000000e+00   5.0000000113e-01   0.0000000000e+00   0.0000000000e+00   3.8350014156e-01
   9.4999999943e+02   1.1649985731e-01   0.0000000000e+00   5.0000000113e-01   0.0000000000e+00   0.0000000000e+00   3.8350014156e-01
   9.4999999943e+02   1.1649985731e-01   0.0000000000e+00   5.0000000113e-01   0.0000000000e+00   0.0000000000e+00   3.8350014156e-01
   9.5000000010e+02   1.1649985762e-01   0.0000000000e+00   4.9999999980e-01   0.0000000000e+00   0.0000000000e+00   3.8350014258e-01
   9.5000000010e+02   1.1649985762e-01   0.0000000000e+00   4.9999999980e-01   0.0000000000e+00   0.0000000000e+00   3.8350014258e-01
   9.5000000010e+02   1.1649985762e-01   0.0000000000e+00   4.9999999980e-01   0.0000000000e+00   0.0000000000e+00   3.8350014258e-01
   9.5000000010e+02   1.1649985762e-01   0.0000000000e+00   4.9999999980e-01   0.0000000000e+00   0.0000000000e+00   3.8350014258e-01
   9.4999999999e+02   1.1649985756e-01   0.0000000000e+00   5.0000000003e-01   0.0000000000e+00   0.0000000000e+00   3.8350014241e-01
   9.4999999999e+02   1.1649985756e-01   0.0000000000e+00   5.0000000003e-01   0.0000000000e+00   0.0000000000e+00   3.8350014241e-01
   9.4999999999e+02   1.1649985756e-01   0.0000000000e+00   5.0000000003e-01   0.0000000000e+00   0.0000000000e+00   3.8350014241e-01
   9.4999999999e+02   1.1649985756e-01   0.0000000000e+00   5.0000000003e-01   0.0000000000e+00   0.0000000000e+00   3.8350014241e-01
   9.5000000001e+02   1.1649985757e-01   0.0000000000e+00   4.9999999998e-01   0.0000000000e+00   0.0000000000e+00   3.8350014244e-01
   9.5000000001e+02   1.1649985757e-01   0.0000000000e+00   4.9999999998e-01   0.0000000000e+00   0.0000000000e+00   3.8350014244e-01
   9.5000000001e+02   1.1649985757e-01   0.0000000000e+00   4.9999999998e-01   0.0000000000e+00   0.0000000000e+00   3.8350014244e-01
   9.5000000001e+02   1.1649985757e-01   0.0000000000e+00   4.9999999998e-01   0.0000000000e+00   0.0000000000e+00   3.8350014244e-01
   9.5000000016e+02   1.1649985765e-01   0.0000000000e+00   4.9999999967e-01   0.0000000000e+00   0.0000000000e+00   3.8350014268e-01
   9.5000000016e+02   1.1649985765e-01   0.0000000000e+00   4.9999999967e-01   0.0000000000e+00   0.0000000000e+00   3.8350014268e-01
   9.5000000016e+02   1.1649985765e-01   0.0000000000e+00   4.9999999967e-01   0.0000000000e+00   0.0000000000e+00   3.8350014268e-01
   9.5000000016e+02   1.1649985765e-01   0.0000000000e+00   4.9999999967e-01   0.0000000000e+00   0.0000000000e+00   3.8350014268e-01
   9.5000000007e+02   1.1649985760e-01   0.0000000000e+00   4.9999999987e-01   0.0000000000e+00   0.0000000000e+00   3.8350014253e-01
   9.5000000007e+02   1.1649985760e-01   0.0000000000e+00   4.9999999987e-01   0.0000000000e+00   0.0000000000e+00   3.8350014253e-01
   9.5000000007e+02   1.1649985760e-01   0.0000000000e+00   4.9999999987e-01   0.0000000000e+00   0.0000000000e+00   3.8350014253e-01
   9.5000000007e+02   1.1649985760e-01   0.0000000000e+00   4.9999999987e-01   0.0000000000e+00   0.0000000000e+00   3.8350014253e-01
   9.5000000000e+02   1.1649985757e-01   0.0000000000e+00   5.0000000000e-01   0.0000000000e+00   0.0000000000e+00   3.8350014243e-01
   9.5000000000e+02   1.1649985757e-01   0.0000000000e+00   5.0000000000e-01   0.0000000000e+00   0.0000000000e+00   3.8350014243e-01
   9.5000000000e+02   1.1649985757e-01   0.0000000000e+00   5.0000000000e-01   0.0000000000e+00   0.0000000000e+00   3.8350014243e-01
   9.5000000000e+02   1.1649985757e-01   0.0000000000e+00   5.0000000000e-01   0.0000000000e+00   0.0000000000e+00   3.8350014243e-01
   9.5000000053e+02   1.1649985782e-01   0.0000000000e+00   4.9999999893e-01   0.0000000000e+00   0.0000000000e+00   3.8350014325e-01
   9.5000000053e+02   1.1649985782e-01   0.0000000000e+00   4.9999999893e-01   0.0000000000e+00   0.0000000000e+00   3.8350014325e-01
   9.5000000053e+02   1.1649985782e-01   0.0000000000e+00   4.9999999893e-01   0.0000000000e+00   0.0000000000e+00   3.8350014325e-01
   9.5000000053e+02   1.1649985782e-01   0.0000000000e+00   4.9999999893e-01   0.0000000000e+00   0.0000000000e+00   3.8350014325e-01
   9.4999999950e+02   1.1649985733e-01   0.0000000000e+00   5.0000000101e-01   0.0000000000e+00   0.0000000000e+00   3.8350014166e-01
   9.4999999950e+02   1.1649985733e-01   0.0000000000e+00   5.0000000101e-01   0.0000000000e+00   0.0000000000e+00   3.8350014166e-01
   9.4999999950e+02   1.1649985733e-01   0.0000000000e+00   5.0000000101e-01   0.0000000000e+00   0.0000000000e+00   3.8350014166e-01
   9.4999999950e+02   1.1649985733e-01   0.0000000000e+00   5.0000000101e-01   0.0000000000e+00   0.0000000000e+00   3.8350014166e-01
   9.4999999981e+02   1.1649985748e-01   0.0000000000e+00   5.0000000039e-01   0.0000000000e+00   0.0000000000e+00   3.8350014213e-01
   9.4999999981e+02   1.1649985748e-01   0.0000000000e+00   5.0000000039e-01   0.0000000000e+00   0.0000000000e+00   3.8350014213e-01
   9.4999999981e+02   1.1649985748e-01   0.0000000000e+00   5.0000000039e-01   0.0000000000e+00   0.0000000000e+00   3.8350014213e-01
   9.4999999981e+02   1.1649985748e-01   0.0000000000e+00   5.0000000039e-01   0.0000000000e+00   0.0000000000e+00   3.8350014213e-01
   9.4999999946e+02   1.1649985732e-01   0.0000000000e+00   5.0000000109e-01   0.0000000000e+00   0.0000000000e+00   3.8350014160e-01
   9.4999999946e+02   1.1649985732e-01   0.0000000000e+00   5.0000000109e-01   0.0000000000e+00   0.0000000000e+00   3.8350014160e-01
   9.4999999946e+02   1.1649985732e-01   0.0000000000e+00   5.0000000109e-01   0.0000000000e+00   0.0000000000e+00   3.8350014160e-01
   9.4999999946e+02   1.1649985732e-01   0.0000000000e+00   5.0000000109e-01   0.0000000000e+00   0.0000000000e+00   3.8350014160e-01
   9.5000000000e+02   1.1649985757e-01   0.0000000000e+00   5.0000000000e-01   0.0000000000e+00   0.0000000000e+00   3.8350014243e-01
   9.5000000000e+02   1.1649985757e-01   0.0000000000e+00   5.0000000000e-01   0.0000000000e+00   0.0000000000e+00   3.8350014243e-01
   9.5000000000e+02   1.1649985757e-01   0.0000000000e+00   5.0000000000e-01   0.0000000000e+00   0.0000000000e+00   3.8350014243e-01
   9.5000000000e+02   1.1649985757e-01   0.0000000000e+00   5.0000000000e-01   0.0000000000e+00   0.0000000000e+00   3.8350014243e-01
   9.5000000053e+02   1.1649985782e-01   0.0000000000e+00   4.9999999893e-01   0.0000000000e+00   0.0000000000e+00   3.8350014325e-01
   9.5000000053e+02   1.1649985782e-01   0.0000000000e+00   4.9999999893e-01   0.0000000000e+00   0.0000000000e+00   3.8350014325e-01
   9.5000000053e+02   1.1649985782e-01   0.0000000000e+00   4.9999999893e-01   0.0000000000e+00   0.0000000000e+00   3.8350014325e-01
   9.5000000053e+02   1.1649985782e-01   0.0000000000e+00   4.9999999893e-01   0.0000000000e+00   0.0000000000e+00   3.8350014325e-01
   9.5000000000e+02   1.1649985757e-01   0.0000000000e+00   5.0000000000e-01   0.0000000000e+00   0.0000000000e+00   3.8350014243e-01
   9.5000000000e+02   1.1649985757e-01   0.0000000000e+00   5.0000000000e-01   0.0000000000e+00   0.0000000000e+00   3.8350014243e-01
   9.5000000000e+02   1.1649985757e-01   0.0000000000e+00   5.0000000000e-01   0.0000000000e+00   0.0000000000e+00   3.8350014243e-01
   9.5000000000e+02   1.1649985757e-01   0.0000000000e+00   5.0000000000e-01   0.0000000000e+00   0.0000000000e+00   3.8350014243e-01
   9.4999999942e+02   1.1649985730e-01   0.0000000000e+00   5.0000000116e-01   0.0000000000e+00   0.0000000000e+00   3.8350014154e-01
   9.4999999942e+02   1.1649985730e-01   0.0000000000e+00   5.0000000116e-01   0.0000000000e+00   0.0000000000e+00   3.8350014154e-01
   9.5000000118e+02   1.1649985812e-01   0.0000000000e+00   4.9999999763e-01   0.0000000000e+00   0.0000000000e+00   3.8350014425e-01
   9.5000000118e+02   1.1649985812e-01   0.0000000000e+00   4.9999999763e-01   0.0000000000e+00   0.0000000000e+00   3.8350014425e-01
   9.4999999946e+02   1.1649985732e-01   0.0000000000e+00   5.0000000107e-01   0.0000000000e+00   0.0000000000e+00   3.8350014161e-01
   9.4999999946e+02   1.1649985732e-01   0.0000000000e+00   5.0000000107e-01   0.0000000000e+00   0.0000000000e+00   3.8350014161e-01
   9.4999999938e+02   1.1649985728e-01   0.0000000000e+00   5.0000000125e-01   0.0000000000e+00   0.0000000000e+00   3.8350014147e-01
   9.4999999938e+02   1.1649985728e-01   0.0000000000e+00   5.0000000125e-01   0.0000000000e+00   0.0000000000e+00   3.8350014147e-01
   9.4999999942e+02   1.1649985730e-01   0.0000000000e+00   5.0000000116e-01   0.0000000000e+00   0.0000000000e+00   3.8350014154e-01
   9.4999999942e+02   1.1649985730e-01   0.0000000000e+00   5.0000000116e-01   0.0000000000e+00   0.0000000000e+00   3.8350014154e-01
   9.4999999946e+02   1.1649985732e-01   0.0000000000e+00   5.0000000107e-01   0.0000000000e+00   0.0000000000e+00   3.8350014161e-01
   9.4999999946e+02   1.1649985732e-01   0.0000000000e+00   5.0000000107e-01   0.0000000000e+00   0.0000000000e+00   3.8350014161e-01
   9.5000000032e+02   1.1649985772e-01   0.0000000000e+00   4.9999999935e-01   0.0000000000e+00   0.0000000000e+00   3.8350014293e-01
   9.5000000032e+02   1.1649985772e-01   0.0000000000e+00   4.9999999935e-01   0.0000000000e+00   0.0000000000e+00   3.8350014293e-01
   9.5000000032e+02   1.1649985772e-01   0.0000000000e+00   4.9999999935e-01   0.0000000000e+00   0.0000000000e+00   3.8350014293e-01
   9.5000000032e+02   1.1649985772e-01   0.0000000000e+00   4.9999999935e-01   0.0000000000e+00   0.0000000000e+00   3.8350014293e-01
   9.4999999987e+02   1.1649985751e-01   0.0000000000e+00   5.0000000025e-01   0.0000000000e+00   0.0000000000e+00   3.8350014224e-01
   9.4999999987e+02   1.1649985751e-01   0.0000000000e+00   5.0000000025e-01   0.0000000000e+00   0.0000000000e+00   3.8350014224e-01
   9.4999999987e+02   1.1649985751e-01   0.0000000000e+00   5.0000000025e-01   0.0000000000e+00   0.0000000000e+00   3.8350014224e-01
   9.4999999987e+02   1.1649985751e-01   0.0000000000e+00   5.0000000025e-01   0.0000000000e+00   0.0000000000e+00   3.8350014224e-01
   9.5000000029e+02   1.1649985770e-01   0.0000000000e+00   4.9999999943e-01   0.0000000000e+00   0.0000000000e+00   3.8350014287e-01
   9.5000000029e+02   1.1649985770e-01   0.0000000000e+00   4.9999999943e-01   0.0000000000e+00   0.0000000000e+00   3.8350014287e-01
   9.5000000029e+02   1.1649985770e-01   0.0000000000e+00   4.9999999943e-01   0.0000000000e+00   0.0000000000e+00   3.8350014287e-01
   9.5000000029e+02   1.1649985770e-01   0.0000000000e+00   4.9999999943e-01   0.0000000000e+00   0.0000000000e+00   3.8350014287e-01
   9.4999999946e+02   1.1649985732e-01   0.0000000000e+00   5.0000000107e-01   0.0000000000e+00   0.0000000000e+00   3.8350014161e-01
   9.4999999946e+02   1.1649985732e-01   0.0000000000e+00   5.0000000107e-01   0.0000000000e+00   0.0000000000e+00   3.8350014161e-01
   9.4999999946e+02   1.1649985732e-01   0.0000000000e+00   5.0000000107e-01   0.0000000000e+00   0.0000000000e+00   3.8350014161e-01
   9.4999999946e+02   1.1649985732e-01   0.0000000000e+00   5.0000000107e-01   0.0000000000e+00   0.0000000000e+00   3.8350014161e-01
   9.4999999946e+02   1.1649985732e-01   0.0000000000e+00   5.0000000107e-01   0.0000000000e+00   0.0000000000e+00   3.8350014161e-01
   9.4999999946e+02   1.1649985732e-01   0.0000000000e+00   5.0000000107e-01   0.0000000000e+00   0.0000000000e+00   3.8350014161e-01
   9.5000000029e+02   1.1649985770e-01   0.0000000000e+00   4.9999999943e-01   0.0000000000e+00   0.0000000000e+00   3.8350014287e-01
   9.5000000029e+02   1.1649985770e-01   0.0000000000e+00   4.9999999943e-01   0.0000000000e+00   0.0000000000e+00   3.8350014287e-01