# time = 6.8895
# Grid Poins = 256    variable_0    variable_1    variable_2    variable_3    variable_4    variable_5    variable_6
   9.7148437500e+02   1.2651156408e-01   0.0000000000e+00   4.5703125000e-01   0.0000000000e+00   0.0000000000e+00   4.1645718592e-01
   9.7148437500e+02   1.2651156408e-01   0.0000000000e+00   4.5703125000e-01   0.0000000000e+00   0.0000000000e+00   4.1645718592e-01
   9.4609375000e+02   1.1467954730e-01   0.0000000000e+00   5.0781250000e-01   0.0000000000e+00   0.0000000000e+00   3.7750795270e-01
   9.4609375000e+02   1.1467954730e-01   0.0000000000e+00   5.0781250000e-01   0.0000000000e+00   0.0000000000e+00   3.7750795270e-01
   9.8417968750e+02   1.3242757247e-01   0.0000000000e+00   4.3164062500e-01   0.0000000000e+00   0.0000000000e+00   4.3593180253e-01
   9.8417968750e+02   1.3242757247e-01   0.0000000000e+00   4.3164062500e-01   0.0000000000e+00   0.0000000000e+00   4.3593180253e-01
   9.8417968750e+02   1.3242757247e-01   0.0000000000e+00   4.3164062500e-01   0.0000000000e+00   0.0000000000e+00   4.3593180253e-01
   9.8417968750e+02   1.3242757247e-01   0.0000000000e+00   4.3164062500e-01   0.0000000000e+00   0.0000000000e+00   4.3593180253e-01
   1.2000000000e+03   2.3299971514e-01   0.0000000000e+00   0.0000000000e+00   0.0000000000e+00   0.0000000000e+00   7.6700028486e-01
   1.2000000000e+03   2.3299971514e-01   0.0000000000e+00   0.0000000000e+00   0.0000000000e+00   0.0000000000e+00   7.6700028486e-01
   1.2000000000e+03   2.3299971514e-01   0.0000000000e+00   0.0000000000e+00   0.0000000000e+00   0.0000000000e+00   7.6700028486e-01
   1.2000000000e+03   2.3299971514e-01   0.0000000000e+00   0.0000000000e+00   0.0000000000e+00   0.0000000000e+00   7.6700028486e-01
   1.2000000000e+03   2.3299971514e-01   0.0000000000e+00   0.0000000000e+00   0.0000000000e+00   0.0000000000e+00   7.6700028486e-01
   1.2000000000e+03   2.3299971514e-01   0.0000000000e+00   0.0000000000e+00   0.0000000000e+00   0.0000000000e+00   7.6700028486e-01
   1.2000000000e+03   2.3299971514e-01   0.0000000000e+00   0.0000000000e+00   0.0000000000e+00   0.0000000000e+00   7.6700028486e-01
   1.2000000000e+03   2.3299971514e-01   0.0000000000e+00   0.0000000000e+00   0.0000000000e+00   0.0000000000e+00   7.6700028486e-01
   1.0085937500e+03   1.4380451169e-01   0.0000000000e+00   3.8281250000e-01   0.0000000000e+00   0.0000000000e+00   4.7338298831e-01
   1.0085937500e+03   1.4380451169e-01   0.0000000000e+00   3.8281250000e-01   0.0000000000e+00   0.0000000000e+00   4.7338298831e-01
   1.0076171875e+03   1.4334943412e-01   0.0000000000e+00   3.8476562500e-01   0.0000000000e+00   0.0000000000e+00   4.7188494088e-01
   1.0076171875e+03   1.4334943412e-01   0.0000000000e+00   3.8476562500e-01   0.0000000000e+00   0.0000000000e+00   4.7188494088e-01
   1.0090820312e+03   1.4403205047e-01   0.0000000000e+00   3.8183593750e-01   0.0000000000e+00   0.0000000000e+00   4.7413201203e-01
   1.0090820312e+03   1.4403205047e-01   0.0000000000e+00   3.8183593750e-01   0.0000000000e+00   0.0000000000e+00   4.7413201203e-01
   1.0090820312e+03   1.4403205047e-01   0.0000000000e+00   3.8183593750e-01   0.0000000000e+00   0.0000000000e+00   4.7413201203e-01
   1.0090820312e+03   1.4403205047e-01   0.0000000000e+00   3.8183593750e-01   0.0000000000e+00   0.0000000000e+00   4.7413201203e-01
   9.7734375000e+02   1.2924202949e-01   0.0000000000e+00   4.4531250000e-01   0.0000000000e+00   0.0000000000e+00   4.2544547051e-01
   9.7734375000e+02   1.2924202949e-01   0.0000000000e+00   4.4531250000e-01   0.0000000000e+00   0.0000000000e+00   4.2544547051e-01
   9.7734375000e+02   1.2924202949e-01   0.0000000000e+00   4.4531250000e-01   0.0000000000e+00   0.0000000000e+00   4.2544547051e-01
   9.7734375000e+02   1.2924202949e-01   0.0000000000e+00   4.4531250000e-01   0.0000000000e+00   0.0000000000e+00   4.2544547051e-01
   9.7734375000e+02   1.2924202949e-01   0.0000000000e+00   4.4531250000e-01   0.0000000000e+00   0.0000000000e+00   4.2544547051e-01
   9.7734375000e+02   1.2924202949e-01   0.0000000000e+00   4.4531250000e-01   0.0000000000e+00   0.0000000000e+00   4.2544547051e-01
   9.7734375000e+02   1.2924202949e-01   0.0000000000e+00   4.4531250000e-01   0.0000000000e+00   0.0000000000e+00   4.2544547051e-01
   9.7734375000e+02   1.2924202949e-01   0.0000000000e+00   4.4531250000e-01   0.0000000000e+00   0.0000000000e+00   4.2544547051e-01
   8.1126708984e+02   5.1850400476e-02   0.0000000000e+00   7.7746582031e-01   0.0000000000e+00   0.0000000000e+00   1.7068377921e-01
   8.1126708984e+02   5.1850400476e-02   0.0000000000e+00   7.7746582031e-01   0.0000000000e+00   0.0000000000e+00   1.7068377921e-01
   8.1126708984e+02   5.1850400476e-02   0.0000000000e+00   7.7746582031e-01   0.0000000000e+00   0.0000000000e+00   1.7068377921e-01
   8.1126708984e+02   5.1850400476e-02   0.0000000000e+00   7.7746582031e-01   0.0000000000e+00   0.0000000000e+00   1.7068377921e-01
   7.9381103516e+02   4.3715888937e-02   0.0000000000e+00   8.1237792969e-01   0.0000000000e+00   0.0000000000e+00   1.4390618138e-01
   7.9381103516e+02   4.3715888937e-02   0.0000000000e+00   8.1237792969e-01   0.0000000000e+00   0.0000000000e+00   1.4390618138e-01
   7.9381103516e+02   4.3715888937e-02   0.0000000000e+00   8.1237792969e-01   0.0000000000e+00   0.0000000000e+00   1.4390618138e-01
   7.9381103516e+02   4.3715888937e-02   0.0000000000e+00   8.1237792969e-01   0.0000000000e+00   0.0000000000e+00   1.4390618138e-01
   7.9381103516e+02   4.3715888937e-02   0.0000000000e+00   8.1237792969e-01   0.0000000000e+00   0.0000000000e+00   1.4390618138e-01
   7.9381103516e+02   4.3715888937e-02   0.0000000000e+00   8.1237792969e-01   0.0000000000e+00   0.0000000000e+00   1.4390618138e-01
   7.9381103516e+02   4.3715888937e-02   0.0000000000e+00   8.1237792969e-01   0.0000000000e+00   0.0000000000e+00   1.4390618138e-01
   7.9381103516e+02   4.3715888937e-02   0.0000000000e+00   8.1237792969e-01   0.0000000000e+00   0.0000000000e+00   1.4390618138e-01
   8.1126708984e+02   5.1850400476e-02   0.0000000000e+00   7.7746582031e-01   0.0000000000e+00   0.0000000000e+00   1.7068377921e-01
   8.1126708984e+02   5.1850400476e-02   0.0000000000e+00   7.7746582031e-01   0.0000000000e+00   0.0000000000e+00   1.7068377921e-01
   8.1126708984e+02   5.1850400476e-02   0.0000000000e+00   7.7746582031e-01   0.0000000000e+00   0.0000000000e+00   1.7068377921e-01
   8.1126708984e+02   5.1850400476e-02   0.0000000000e+00   7.7746582031e-01   0.0000000000e+00   0.0000000000e+00   1.7068377921e-01
   9.8179931641e+02   1.3131832090e-01   0.0000000000e+00   4.3640136719e-01   0.0000000000e+00   0.0000000000e+00   4.3228031191e-01
   9.8179931641e+02   1.3131832090e-01   0.0000000000e+00   4.3640136719e-01   0.0000000000e+00   0.0000000000e+00   4.3228031191e-01
   9.8179931641e+02   1.3131832090e-01   0.0000000000e+00   4.3640136719e-01   0.0000000000e+00   0.0000000000e+00   4.3228031191e-01
   9.8179931641e+02   1.3131832090e-01   0.0000000000e+00   4.3640136719e-01   0.0000000000e+00   0.0000000000e+00   4.3228031191e-01
   9.8179931641e+02   1.3131832090e-01   0.0000000000e+00   4.3640136719e-01   0.0000000000e+00   0.0000000000e+00   4.3228031191e-01
   9.8179931641e+02   1.3131832090e-01   0.0000000000e+00   4.3640136719e-01   0.0000000000e+00   0.0000000000e+00   4.3228031191e-01
   9.8179931641e+02   1.3131832090e-01   0.0000000000e+00   4.3640136719e-01   0.0000000000e+00   0.0000000000e+00   4.3228031191e-01
   9.8179931641e+02   1.3131832090e-01   0.0000000000e+00   4.3640136719e-01   0.0000000000e+00   0.0000000000e+00   4.3228031191e-01
   9.5726318359e+02   1.1988449699e-01   0.0000000000e+00   4.8547363281e-01   0.0000000000e+00   0.0000000000e+00   3.9464187020e-01
   9.5726318359e+02   1.1988449699e-01   0.0000000000e+00   4.8547363281e-01   0.0000000000e+00   0.0000000000e+00   3.9464187020e-01
   9.5726318359e+02   1.1988449699e-01   0.0000000000e+00   4.8547363281e-01   0.0000000000e+00   0.0000000000e+00   3.9464187020e-01
   9.5726318359e+02   1.1988449699e-01   0.0000000000e+00   4.8547363281e-01   0.0000000000e+00   0.0000000000e+00   3.9464187020e-01
   9.3547363281e+02   1.0973057874e-01   0.0000000000e+00   5.2905273438e-01   0.0000000000e+00   0.0000000000e+00   3.6121668689e-01
   9.3547363281e+02   1.0973057874e-01   0.0000000000e+00   5.2905273438e-01   0.0000000000e+00   0.0000000000e+00   3.6121668689e-01
   9.7905273438e+02   1.3003841524e-01   0.0000000000e+00   4.4189453125e-01   0.0000000000e+00   0.0000000000e+00   4.2806705351e-01
   9.7905273438e+02   1.3003841524e-01   0.0000000000e+00   4.4189453125e-01   0.0000000000e+00   0.0000000000e+00   4.2806705351e-01
   1.2000000000e+03   2.3299971514e-01   0.0000000000e+00   0.0000000000e+00   0.0000000000e+00   0.0000000000e+00   7.6700028486e-01
   1.2000000000e+03   2.3299971514e-01   0.0000000000e+00   0.0000000000e+00   0.0000000000e+00   0.0000000000e+00   7.6700028486e-01
   1.2000000000e+03   2.3299971514e-01   0.0000000000e+00   0.0000000000e+00   0.0000000000e+00   0.0000000000e+00   7.6700028486e-01
   1.2000000000e+03   2.3299971514e-01   0.0000000000e+00   0.0000000000e+00   0.0000000000e+00   0.0000000000e+00   7.6700028486e-01
   1.1548339844e+03   2.1195237759e-01   0.0000000000e+00   9.0332031250e-02   0.0000000000e+00   0.0000000000e+00   6.9771559116e-01
   1.1548339844e+03   2.1195237759e-01   0.0000000000e+00   9.0332031250e-02   0.0000000000e+00   0.0000000000e+00   6.9771559116e-01
   1.1548339844e+03   2.1195237759e-01   0.0000000000e+00   9.0332031250e-02   0.0000000000e+00   0.0000000000e+00   6.9771559116e-01
   1.1548339844e+03   2.1195237759e-01   0.0000000000e+00   9.0332031250e-02   0.0000000000e+00   0.0000000000e+00   6.9771559116e-01
   1.1006347656e+03   1.8669557253e-01   0.0000000000e+00   1.9873046875e-01   0.0000000000e+00   0.0000000000e+00   6.1457395872e-01
   1.1006347656e+03   1.8669557253e-01   0.0000000000e+00   1.9873046875e-01   0.0000000000e+00   0.0000000000e+00   6.1457395872e-01
   1.1006347656e+03   1.8669557253e-01   0.0000000000e+00   1.9873046875e-01   0.0000000000e+00   0.0000000000e+00   6.1457395872e-01
   1.1006347656e+03   1.8669557253e-01   0.0000000000e+00   1.9873046875e-01   0.0000000000e+00   0.0000000000e+00   6.1457395872e-01
   1.2000000000e+03   2.3299971514e-01   0.0000000000e+00   0.0000000000e+00   0.0000000000e+00   0.0000000000e+00   7.6700028486e-01
   1.2000000000e+03   2.3299971514e-01   0.0000000000e+00   0.0000000000e+00   0.0000000000e+00   0.0000000000e+00   7.6700028486e-01
   1.2000000000e+03   2.3299971514e-01   0.0000000000e+00   0.0000000000e+00   0.0000000000e+00   0.0000000000e+00   7.6700028486e-01
   1.2000000000e+03   2.3299971514e-01   0.0000000000e+00   0.0000000000e+00   0.0000000000e+00   0.0000000000e+00   7.6700028486e-01
   9.4707031250e+02   1.1513462486e-01   0.0000000000e+00   5.0585937500e-01   0.0000000000e+00   0.0000000000e+00   3.7900600014e-01
   9.4707031250e+02   1.1513462486e-01   0.0000000000e+00   5.0585937500e-01   0.0000000000e+00   0.0000000000e+00   3.7900600014e-01
   9.4707031250e+02   1.1513462486e-01   0.0000000000e+00   5.0585937500e-01   0.0000000000e+00   0.0000000000e+00   3.7900600014e-01
   9.4707031250e+02   1.1513462486e-01   0.0000000000e+00   5.0585937500e-01   0.0000000000e+00   0.0000000000e+00   3.7900600014e-01
   9.8320312500e+02   1.3197249490e-01   0.0000000000e+00   4.3359375000e-01   0.0000000000e+00   0.0000000000e+00   4.3443375510e-01
   9.8320312500e+02   1.3197249490e-01   0.0000000000e+00   4.3359375000e-01   0.0000000000e+00   0.0000000000e+00   4.3443375510e-01
   9.8320312500e+02   1.3197249490e-01   0.0000000000e+00   4.3359375000e-01   0.0000000000e+00   0.0000000000e+00   4.3443375510e-01
   9.8320312500e+02   1.3197249490e-01   0.0000000000e+00   4.3359375000e-01   0.0000000000e+00   0.0000000000e+00   4.3443375510e-01
   9.1997070312e+02   1.0250622233e-01   0.0000000000e+00   5.6005859375e-01   0.0000000000e+00   0.0000000000e+00   3.3743518392e-01
   9.1997070312e+02   1.0250622233e-01   0.0000000000e+00   5.6005859375e-01   0.0000000000e+00   0.0000000000e+00   3.3743518392e-01
   9.1997070312e+02   1.0250622233e-01   0.0000000000e+00   5.6005859375e-01   0.0000000000e+00   0.0000000000e+00   3.3743518392e-01
   9.1997070312e+02   1.0250622233e-01   0.0000000000e+00   5.6005859375e-01   0.0000000000e+00   0.0000000000e+00   3.3743518392e-01
   9.3803710938e+02   1.1092515735e-01   0.0000000000e+00   5.2392578125e-01   0.0000000000e+00   0.0000000000e+00   3.6514906140e-01
   9.3803710938e+02   1.1092515735e-01   0.0000000000e+00   5.2392578125e-01   0.0000000000e+00   0.0000000000e+00   3.6514906140e-01
   9.3803710938e+02   1.1092515735e-01   0.0000000000e+00   5.2392578125e-01   0.0000000000e+00   0.0000000000e+00   3.6514906140e-01
   9.3803710938e+02   1.1092515735e-01   0.0000000000e+00   5.2392578125e-01   0.0000000000e+00   0.0000000000e+00   3.6514906140e-01
   1.0281250000e+03   1.5290606306e-01   0.0000000000e+00   3.4375000000e-01   0.0000000000e+00   0.0000000000e+00   5.0334393694e-01
   1.0281250000e+03   1.5290606306e-01   0.0000000000e+00   3.4375000000e-01   0.0000000000e+00   0.0000000000e+00   5.0334393694e-01
   8.0003662109e+02   4.6617008437e-02   0.0000000000e+00   7.9992675781e-01   0.0000000000e+00   0.0000000000e+00   1.5345623375e-01
   8.0003662109e+02   4.6617008437e-02   0.0000000000e+00   7.9992675781e-01   0.0000000000e+00   0.0000000000e+00   1.5345623375e-01
   8.0040283203e+02   4.6787662525e-02   0.0000000000e+00   7.9919433594e-01   0.0000000000e+00   0.0000000000e+00   1.5401800154e-01
   8.0040283203e+02   4.6787662525e-02   0.0000000000e+00   7.9919433594e-01   0.0000000000e+00   0.0000000000e+00   1.5401800154e-01
   1.2000000000e+03   2.3299971514e-01   0.0000000000e+00   0.0000000000e+00   0.0000000000e+00   0.0000000000e+00   7.6700028486e-01
   1.2000000000e+03   2.3299971514e-01   0.0000000000e+00   0.0000000000e+00   0.0000000000e+00   0.0000000000e+00   7.6700028486e-01
   1.0002014160e+03   1.3989368883e-01   0.0000000000e+00   3.9959716797e-01   0.0000000000e+00   0.0000000000e+00   4.6050914320e-01
   1.0002014160e+03   1.3989368883e-01   0.0000000000e+00   3.9959716797e-01   0.0000000000e+00   0.0000000000e+00   4.6050914320e-01
   1.0002014160e+03   1.3989368883e-01   0.0000000000e+00   3.9959716797e-01   0.0000000000e+00   0.0000000000e+00   4.6050914320e-01
   1.0002014160e+03   1.3989368883e-01   0.0000000000e+00   3.9959716797e-01   0.0000000000e+00   0.0000000000e+00   4.6050914320e-01
   8.6134643555e+02   7.5187347043e-02   0.0000000000e+00   6.7730712891e-01   0.0000000000e+00   0.0000000000e+00   2.4750552405e-01
   8.6134643555e+02   7.5187347043e-02   0.0000000000e+00   6.7730712891e-01   0.0000000000e+00   0.0000000000e+00   2.4750552405e-01
   8.6134643555e+02   7.5187347043e-02   0.0000000000e+00   6.7730712891e-01   0.0000000000e+00   0.0000000000e+00   2.4750552405e-01
   8.6134643555e+02   7.5187347043e-02   0.0000000000e+00   6.7730712891e-01   0.0000000000e+00   0.0000000000e+00   2.4750552405e-01
   8.0131835938e+02   4.7214297746e-02   0.0000000000e+00   7.9736328125e-01   0.0000000000e+00   0.0000000000e+00   1.5542242100e-01
   8.0131835938e+02   4.7214297746e-02   0.0000000000e+00   7.9736328125e-01   0.0000000000e+00   0.0000000000e+00   1.5542242100e-01
   8.0131835938e+02   4.7214297746e-02   0.0000000000e+00   7.9736328125e-01   0.0000000000e+00   0.0000000000e+00   1.5542242100e-01
   8.0131835938e+02   4.7214297746e-02   0.0000000000e+00   7.9736328125e-01   0.0000000000e+00   0.0000000000e+00   1.5542242100e-01
   8.0058593750e+02   4.6872989569e-02   0.0000000000e+00   7.9882812500e-01   0.0000000000e+00   0.0000000000e+00   1.5429888543e-01
   8.0058593750e+02   4.6872989569e-02   0.0000000000e+00   7.9882812500e-01   0.0000000000e+00   0.0000000000e+00   1.5429888543e-01
   8.0058593750e+02   4.6872989569e-02   0.0000000000e+00   7.9882812500e-01   0.0000000000e+00   0.0000000000e+00   1.5429888543e-01
   8.0058593750e+02   4.6872989569e-02   0.0000000000e+00   7.9882812500e-01   0.0000000000e+00   0.0000000000e+00   1.5429888543e-01
   1.0315429688e+03   1.5449883455e-01   0.0000000000e+00   3.3691406250e-01   0.0000000000e+00   0.0000000000e+00   5.0858710295e-01
   1.0315429688e+03   1.5449883455e-01   0.0000000000e+00   3.3691406250e-01   0.0000000000e+00   0.0000000000e+00   5.0858710295e-01
   1.0315429688e+03   1.5449883455e-01   0.0000000000e+00   3.3691406250e-01   0.0000000000e+00   0.0000000000e+00   5.0858710295e-01
   1.0315429688e+03   1.5449883455e-01   0.0000000000e+00   3.3691406250e-01   0.0000000000e+00   0.0000000000e+00   5.0858710295e-01
   1.1438476562e+03   2.0683275494e-01   0.0000000000e+00   1.1230468750e-01   0.0000000000e+00   0.0000000000e+00   6.8086255756e-01
   1.1438476562e+03   2.0683275494e-01   0.0000000000e+00   1.1230468750e-01   0.0000000000e+00   0.0000000000e+00   6.8086255756e-01
   1.1438476562e+03   2.0683275494e-01   0.0000000000e+00   1.1230468750e-01   0.0000000000e+00   0.0000000000e+00   6.8086255756e-01
   1.1438476562e+03   2.0683275494e-01   0.0000000000e+00   1.1230468750e-01   0.0000000000e+00   0.0000000000e+00   6.8086255756e-01
   1.0209962845e+03   1.4958408569e-01   0.0000000000e+00   3.5800743103e-01   0.0000000000e+00   0.0000000000e+00   4.9240848328e-01
   1.0209962845e+03   1.4958408569e-01   0.0000000000e+00   3.5800743103e-01   0.0000000000e+00   0.0000000000e+00   4.9240848328e-01
   1.0209962845e+03   1.4958408569e-01   0.0000000000e+00   3.5800743103e-01   0.0000000000e+00   0.0000000000e+00   4.9240848328e-01
   1.0209962845e+03   1.4958408569e-01   0.0000000000e+00   3.5800743103e-01   0.0000000000e+00   0.0000000000e+00   4.9240848328e-01
   1.0146190643e+03   1.4661230473e-01   0.0000000000e+00   3.7076187134e-01   0.0000000000e+00   0.0000000000e+00   4.8262582393e-01
   1.0146190643e+03   1.4661230473e-01   0.0000000000e+00   3.7076187134e-01   0.0000000000e+00   0.0000000000e+00   4.8262582393e-01
   1.0273735046e+03   1.5255586665e-01   0.0000000000e+00   3.4525299072e-01   0.0000000000e+00   0.0000000000e+00   5.0219114263e-01
   1.0273735046e+03   1.5255586665e-01   0.0000000000e+00   3.4525299072e-01   0.0000000000e+00   0.0000000000e+00   5.0219114263e-01
   1.0275213242e+03   1.5262475046e-01   0.0000000000e+00   3.4495735168e-01   0.0000000000e+00   0.0000000000e+00   5.0241789785e-01
   1.0275213242e+03   1.5262475046e-01   0.0000000000e+00   3.4495735168e-01   0.0000000000e+00   0.0000000000e+00   5.0241789785e-01
   1.0275213242e+03   1.5262475046e-01   0.0000000000e+00   3.4495735168e-01   0.0000000000e+00   0.0000000000e+00   5.0241789785e-01
   1.0275213242e+03   1.5262475046e-01   0.0000000000e+00   3.4495735168e-01   0.0000000000e+00   0.0000000000e+00   5.0241789785e-01
   1.0275213242e+03   1.5262475046e-01   0.0000000000e+00   3.4495735168e-01   0.0000000000e+00   0.0000000000e+00   5.0241789785e-01
   1.0275213242e+03   1.5262475046e-01   0.0000000000e+00   3.4495735168e-01   0.0000000000e+00   0.0000000000e+00   5.0241789785e-01
   1.0275213242e+03   1.5262475046e-01   0.0000000000e+00   3.4495735168e-01   0.0000000000e+00   0.0000000000e+00   5.0241789785e-01
   1.0275213242e+03   1.5262475046e-01   0.0000000000e+00   3.4495735168e-01   0.0000000000e+00   0.0000000000e+00   5.0241789785e-01
   1.0158912659e+03   1.4720514993e-01   0.0000000000e+00   3.6821746826e-01   0.0000000000e+00   0.0000000000e+00   4.8457738181e-01
   1.0158912659e+03   1.4720514993e-01   0.0000000000e+00   3.6821746826e-01   0.0000000000e+00   0.0000000000e+00   4.8457738181e-01
   1.0158912659e+03   1.4720514993e-01   0.0000000000e+00   3.6821746826e-01   0.0000000000e+00   0.0000000000e+00   4.8457738181e-01
   1.0158912659e+03   1.4720514993e-01   0.0000000000e+00   3.6821746826e-01   0.0000000000e+00   0.0000000000e+00   4.8457738181e-01
   9.9380035400e+02   1.3691079758e-01   0.0000000000e+00   4.1239929199e-01   0.0000000000e+00   0.0000000000e+00   4.5068991043e-01
   9.9380035400e+02   1.3691079758e-01   0.0000000000e+00   4.1239929199e-01   0.0000000000e+00   0.0000000000e+00   4.5068991043e-01
   9.9380035400e+02   1.3691079758e-01   0.0000000000e+00   4.1239929199e-01   0.0000000000e+00   0.0000000000e+00   4.5068991043e-01
   9.9380035400e+02   1.3691079758e-01   0.0000000000e+00   4.1239929199e-01   0.0000000000e+00   0.0000000000e+00   4.5068991043e-01
   1.0158912659e+03   1.4720514993e-01   0.0000000000e+00   3.6821746826e-01   0.0000000000e+00   0.0000000000e+00   4.8457738181e-01
   1.0158912659e+03   1.4720514993e-01   0.0000000000e+00   3.6821746826e-01   0.0000000000e+00   0.0000000000e+00   4.8457738181e-01
   1.0158912659e+03   1.4720514993e-01   0.0000000000e+00   3.6821746826e-01   0.0000000000e+00   0.0000000000e+00   4.8457738181e-01
   1.0158912659e+03   1.4720514993e-01   0.0000000000e+00   3.6821746826e-01   0.0000000000e+00   0.0000000000e+00   4.8457738181e-01
   9.9380035400e+02   1.3691079758e-01   0.0000000000e+00   4.1239929199e-01   0.0000000000e+00   0.0000000000e+00   4.5068991043e-01
   9.9380035400e+02   1.3691079758e-01   0.0000000000e+00   4.1239929199e-01   0.0000000000e+00   0.0000000000e+00   4.5068991043e-01
   9.9380035400e+02   1.3691079758e-01   0.0000000000e+00   4.1239929199e-01   0.0000000000e+00   0.0000000000e+00   4.5068991043e-01
   9.9380035400e+02   1.3691079758e-01   0.0000000000e+00   4.1239929199e-01   0.0000000000e+00   0.0000000000e+00   4.5068991043e-01
   8.5547180176e+02   7.2449771044e-02   0.0000000000e+00   6.8905639648e-01   0.0000000000e+00   0.0000000000e+00   2.3849383247e-01
   8.5547180176e+02   7.2449771044e-02   0.0000000000e+00   6.8905639648e-01   0.0000000000e+00   0.0000000000e+00   2.3849383247e-01
   8.7422294617e+02   8.1187793656e-02   0.0000000000e+00   6.5155410767e-01   0.0000000000e+00   0.0000000000e+00   2.6725809868e-01
   8.7422294617e+02   8.1187793656e-02   0.0000000000e+00   6.5155410767e-01   0.0000000000e+00   0.0000000000e+00   2.6725809868e-01
   8.7109775543e+02   7.9731456554e-02   0.0000000000e+00   6.5780448914e-01   0.0000000000e+00   0.0000000000e+00   2.6246405431e-01
   8.7109775543e+02   7.9731456554e-02   0.0000000000e+00   6.5780448914e-01   0.0000000000e+00   0.0000000000e+00   2.6246405431e-01
   8.7109775543e+02   7.9731456554e-02   0.0000000000e+00   6.5780448914e-01   0.0000000000e+00   0.0000000000e+00   2.6246405431e-01
   8.7109775543e+02   7.9731456554e-02   0.0000000000e+00   6.5780448914e-01   0.0000000000e+00   0.0000000000e+00   2.6246405431e-01
   8.4297103882e+02   6.6624422636e-02   0.0000000000e+00   7.1405792236e-01   0.0000000000e+00   0.0000000000e+00   2.1931765500e-01
   8.4297103882e+02   6.6624422636e-02   0.0000000000e+00   7.1405792236e-01   0.0000000000e+00   0.0000000000e+00   2.1931765500e-01
   8.4297103882e+02   6.6624422636e-02   0.0000000000e+00   7.1405792236e-01   0.0000000000e+00   0.0000000000e+00   2.1931765500e-01
   8.4297103882e+02   6.6624422636e-02   0.0000000000e+00   7.1405792236e-01   0.0000000000e+00   0.0000000000e+00   2.1931765500e-01
   8.4297103882e+02   6.6624422636e-02   0.0000000000e+00   7.1405792236e-01   0.0000000000e+00   0.0000000000e+00   2.1931765500e-01
   8.4297103882e+02   6.6624422636e-02   0.0000000000e+00   7.1405792236e-01   0.0000000000e+00   0.0000000000e+00   2.1931765500e-01
   8.4297103882e+02   6.6624422636e-02   0.0000000000e+00   7.1405792236e-01   0.0000000000e+00   0.0000000000e+00   2.1931765500e-01
   8.4297103882e+02   6.6624422636e-02   0.0000000000e+00   7.1405792236e-01   0.0000000000e+00   0.0000000000e+00   2.1931765500e-01
   9.7890014648e+02   1.2996730937e-01   0.0000000000e+00   4.4219970703e-01   0.0000000000e+00   0.0000000000e+00   4.2783298360e-01
   9.7890014648e+02   1.2996730937e-01   0.0000000000e+00   4.4219970703e-01   0.0000000000e+00   0.0000000000e+00   4.2783298360e-01
   9.7890014648e+02   1.2996730937e-01   0.0000000000e+00   4.4219970703e-01   0.0000000000e+00   0.0000000000e+00   4.2783298360e-01
   9.7890014648e+02   1.2996730937e-01   0.0000000000e+00   4.4219970703e-01   0.0000000000e+00   0.0000000000e+00   4.2783298360e-01
   1.0078002930e+03   1.4343476116e-01   0.0000000000e+00   3.8439941406e-01   0.0000000000e+00   0.0000000000e+00   4.7216582477e-01
   1.0078002930e+03   1.4343476116e-01   0.0000000000e+00   3.8439941406e-01   0.0000000000e+00   0.0000000000e+00   4.7216582477e-01
   1.0078002930e+03   1.4343476116e-01   0.0000000000e+00   3.8439941406e-01   0.0000000000e+00   0.0000000000e+00   4.7216582477e-01
   1.0078002930e+03   1.4343476116e-01   0.0000000000e+00   3.8439941406e-01   0.0000000000e+00   0.0000000000e+00   4.7216582477e-01
   9.6445007324e+02   1.2323358347e-01   0.0000000000e+00   4.7109985352e-01   0.0000000000e+00   0.0000000000e+00   4.0566656302e-01
   9.6445007324e+02   1.2323358347e-01   0.0000000000e+00   4.7109985352e-01   0.0000000000e+00   0.0000000000e+00   4.0566656302e-01
   9.6445007324e+02   1.2323358347e-01   0.0000000000e+00   4.7109985352e-01   0.0000000000e+00   0.0000000000e+00   4.0566656302e-01
   9.6445007324e+02   1.2323358347e-01   0.0000000000e+00   4.7109985352e-01   0.0000000000e+00   0.0000000000e+00   4.0566656302e-01
   9.6445007324e+02   1.2323358347e-01   0.0000000000e+00   4.7109985352e-01   0.0000000000e+00   0.0000000000e+00   4.0566656302e-01
   9.6445007324e+02   1.2323358347e-01   0.0000000000e+00   4.7109985352e-01   0.0000000000e+00   0.0000000000e+00   4.0566656302e-01
   9.6445007324e+02   1.2323358347e-01   0.0000000000e+00   4.7109985352e-01   0.0000000000e+00   0.0000000000e+00   4.0566656302e-01
   9.6445007324e+02   1.2323358347e-01   0.0000000000e+00   4.7109985352e-01   0.0000000000e+00   0.0000000000e+00   4.0566656302e-01
   7.9326171875e+02   4.3459907804e-02   0.0000000000e+00   8.1347656250e-01   0.0000000000e+00   0.0000000000e+00   1.4306352970e-01
   7.9326171875e+02   4.3459907804e-02   0.0000000000e+00   8.1347656250e-01   0.0000000000e+00   0.0000000000e+00   1.4306352970e-01
   7.9326171875e+02   4.3459907804e-02   0.0000000000e+00   8.1347656250e-01   0.0000000000e+00   0.0000000000e+00   1.4306352970e-01
   7.9326171875e+02   4.3459907804e-02   0.0000000000e+00   8.1347656250e-01   0.0000000000e+00   0.0000000000e+00   1.4306352970e-01
   9.9101562500e+02   1.3561311545e-01   0.0000000000e+00   4.1796875000e-01   0.0000000000e+00   0.0000000000e+00   4.4641813455e-01
   9.9101562500e+02   1.3561311545e-01   0.0000000000e+00   4.1796875000e-01   0.0000000000e+00   0.0000000000e+00   4.4641813455e-01
   9.9101562500e+02   1.3561311545e-01   0.0000000000e+00   4.1796875000e-01   0.0000000000e+00   0.0000000000e+00   4.4641813455e-01
   9.9101562500e+02   1.3561311545e-01   0.0000000000e+00   4.1796875000e-01   0.0000000000e+00   0.0000000000e+00   4.4641813455e-01
   9.7929687500e+02   1.3015218463e-01   0.0000000000e+00   4.4140625000e-01   0.0000000000e+00   0.0000000000e+00   4.2844156537e-01
   9.7929687500e+02   1.3015218463e-01   0.0000000000e+00   4.4140625000e-01   0.0000000000e+00   0.0000000000e+00   4.2844156537e-01
   9.7929687500e+02   1.3015218463e-01   0.0000000000e+00   4.4140625000e-01   0.0000000000e+00   0.0000000000e+00   4.2844156537e-01
   9.7929687500e+02   1.3015218463e-01   0.0000000000e+00   4.4140625000e-01   0.0000000000e+00   0.0000000000e+00   4.2844156537e-01
   7.9326171875e+02   4.3459907804e-02   0.0000000000e+00   8.1347656250e-01   0.0000000000e+00   0.0000000000e+00   1.4306352970e-01
   7.9326171875e+02   4.3459907804e-02   0.0000000000e+00   8.1347656250e-01   0.0000000000e+00   0.0000000000e+00   1.4306352970e-01
   7.9326171875e+02   4.3459907804e-02   0.0000000000e+00   8.1347656250e-01   0.0000000000e+00   0.0000000000e+00   1.4306352970e-01
   7.9326171875e+02   4.3459907804e-02   0.0000000000e+00   8.1347656250e-01   0.0000000000e+00   0.0000000000e+00   1.4306352970e-01
   7.0000000000e+02   0.0000000000e+00   0.0000000000e+00   1.0000000000e+00   0.0000000000e+00   0.0000000000e+00   0.0000000000e+00
   7.0000000000e+02   0.0000000000e+00   0.0000000000e+00   1.0000000000e+00   0.0000000000e+00   0.0000000000e+00   0.0000000000e+00
   7.0000000000e+02   0.0000000000e+00   0.0000000000e+00   1.0000000000e+00   0.0000000000e+00   0.0000000000e+00   0.0000000000e+00
   7.0000000000e+02   0.0000000000e+00   0.0000000000e+00   1.0000000000e+00   0.0000000000e+00   0.0000000000e+00   0.0000000000e+00
   7.0000000000e+02   0.0000000000e+00   0.0000000000e+00   1.0000000000e+00   0.0000000000e+00   0.0000000000e+00   0.0000000000e+00
   7.0000000000e+02   0.0000000000e+00   0.0000000000e+00   1.0000000000e+00   0.0000000000e+00   0.0000000000e+00   0.0000000000e+00
   7.0000000000e+02   0.0000000000e+00   0.0000000000e+00   1.0000000000e+00   0.0000000000e+00   0.0000000000e+00   0.0000000000e+00
   7.0000000000e+02   0.0000000000e+00   0.0000000000e+00   1.0000000000e+00   0.0000000000e+00   0.0000000000e+00   0.0000000000e+00
   9.6171875000e+02   1.2196078839e-01   0.0000000000e+00   4.7656250000e-01   0.0000000000e+00   0.0000000000e+00   4.0147671161e-01
   9.6171875000e+02   1.2196078839e-01   0.0000000000e+00   4.7656250000e-01   0.0000000000e+00   0.0000000000e+00   4.0147671161e-01
   9.6171875000e+02   1.2196078839e-01   0.0000000000e+00   4.7656250000e-01   0.0000000000e+00   0.0000000000e+00   4.0147671161e-01
   9.6171875000e+02   1.2196078839e-01   0.0000000000e+00   4.7656250000e-01   0.0000000000e+00   0.0000000000e+00   4.0147671161e-01
   9.6171875000e+02   1.2196078839e-01   0.0000000000e+00   4.7656250000e-01   0.0000000000e+00   0.0000000000e+00   4.0147671161e-01
   9.6171875000e+02   1.2196078839e-01   0.0000000000e+00   4.7656250000e-01   0.0000000000e+00   0.0000000000e+00   4.0147671161e-01
   9.6171875000e+02   1.2196078839e-01   0.0000000000e+00   4.7656250000e-01   0.0000000000e+00   0.0000000000e+00   4.0147671161e-01
   9.6171875000e+02   1.2196078839e-01   0.0000000000e+00   4.7656250000e-01   0.0000000000e+00   0.0000000000e+00   4.0147671161e-01
   8.5155029297e+02   7.0622350182e-02   0.0000000000e+00   6.9689941406e-01   0.0000000000e+00   0.0000000000e+00   2.3247823576e-01
   8.5155029297e+02   7.0622350182e-02   0.0000000000e+00   6.9689941406e-01   0.0000000000e+00   0.0000000000e+00   2.3247823576e-01
   8.3989257812e+02   6.5189861707e-02   0.0000000000e+00   7.2021484375e-01   0.0000000000e+00   0.0000000000e+00   2.1459529454e-01
   8.3989257812e+02   6.5189861707e-02   0.0000000000e+00   7.2021484375e-01   0.0000000000e+00   0.0000000000e+00   2.1459529454e-01
   8.2823486328e+02   5.9757373231e-02   0.0000000000e+00   7.4353027344e-01   0.0000000000e+00   0.0000000000e+00   1.9671235333e-01
   8.2823486328e+02   5.9757373231e-02   0.0000000000e+00   7.4353027344e-01   0.0000000000e+00   0.0000000000e+00   1.9671235333e-01
   8.3989257812e+02   6.5189861707e-02   0.0000000000e+00   7.2021484375e-01   0.0000000000e+00   0.0000000000e+00   2.1459529454e-01
   8.3989257812e+02   6.5189861707e-02   0.0000000000e+00   7.2021484375e-01   0.0000000000e+00   0.0000000000e+00   2.1459529454e-01
   9.2656250000e+02   1.0557799592e-01   0.0000000000e+00   5.4687500000e-01   0.0000000000e+00   0.0000000000e+00   3.4754700408e-01
   9.2656250000e+02   1.0557799592e-01   0.0000000000e+00   5.4687500000e-01   0.0000000000e+00   0.0000000000e+00   3.4754700408e-01
   9.2656250000e+02   1.0557799592e-01   0.0000000000e+00   5.4687500000e-01   0.0000000000e+00   0.0000000000e+00   3.4754700408e-01
   9.2656250000e+02   1.0557799592e-01   0.0000000000e+00   5.4687500000e-01   0.0000000000e+00   0.0000000000e+00   3.4754700408e-01
   9.2656250000e+02   1.0557799592e-01   0.0000000000e+00   5.4687500000e-01   0.0000000000e+00   0.0000000000e+00   3.4754700408e-01
   9.2656250000e+02   1.0557799592e-01   0.0000000000e+00   5.4687500000e-01   0.0000000000e+00   0.0000000000e+00   3.4754700408e-01
   9.2656250000e+02   1.0557799592e-01   0.0000000000e+00   5.4687500000e-01   0.0000000000e+00   0.0000000000e+00   3.4754700408e-01
   9.2656250000e+02   1.0557799592e-01   0.0000000000e+00   5.4687500000e-01   0.0000000000e+00   0.0000000000e+00   3.4754700408e-01
   8.2823486328e+02   5.9757373231e-02   0.0000000000e+00   7.4353027344e-01   0.0000000000e+00   0.0000000000e+00   1.9671235333e-01
   8.2823486328e+02   5.9757373231e-02   0.0000000000e+00   7.4353027344e-01   0.0000000000e+00   0.0000000000e+00   1.9671235333e-01
   8.3989257812e+02   6.5189861707e-02   0.0000000000e+00   7.2021484375e-01   0.0000000000e+00   0.0000000000e+00   2.1459529454e-01
   8.3989257812e+02   6.5189861707e-02   0.0000000000e+00   7.2021484375e-01   0.0000000000e+00   0.0000000000e+00   2.1459529454e-01
   8.3989257812e+02   6.5189861707e-02   0.0000000000e+00   7.2021484375e-01   0.0000000000e+00   0.0000000000e+00   2.1459529454e-01
   8.3989257812e+02   6.5189861707e-02   0.0000000000e+00   7.2021484375e-01   0.0000000000e+00   0.0000000000e+00   2.1459529454e-01
   8.5155029297e+02   7.0622350182e-02   0.0000000000e+00   6.9689941406e-01   0.0000000000e+00   0.0000000000e+00   2.3247823576e-01
   8.5155029297e+02   7.0622350182e-02   0.0000000000e+00   6.9689941406e-01   0.0000000000e+00   0.0000000000e+00   2.3247823576e-01
   9.2656250000e+02   1.0557799592e-01   0.0000000000e+00   5.4687500000e-01   0.0000000000e+00   0.0000000000e+00   3.4754700408e-01
   9.2656250000e+02   1.0557799592e-01   0.0000000000e+00   5.4687500000e-01   0.0000000000e+00   0.0000000000e+00   3.4754700408e-01
   9.2656250000e+02   1.0557799592e-01   0.0000000000e+00   5.4687500000e-01   0.0000000000e+00   0.0000000000e+00   3.4754700408e-01
   9.2656250000e+02   1.0557799592e-01   0.0000000000e+00   5.4687500000e-01   0.0000000000e+00   0.0000000000e+00   3.4754700408e-01
   9.2656250000e+02   1.0557799592e-01   0.0000000000e+00   5.4687500000e-01   0.0000000000e+00   0.0000000000e+00   3.4754700408e-01
   9.2656250000e+02   1.0557799592e-01   0.0000000000e+00   5.4687500000e-01   0.0000000000e+00   0.0000000000e+00   3.4754700408e-01
   9.2656250000e+02   1.0557799592e-01   0.0000000000e+00   5.4687500000e-01   0.0000000000e+00   0.0000000000e+00   3.4754700408e-01
   9.2656250000e+02   1.0557799592e-01   0.0000000000e+00   5.4687500000e-01   0.0000000000e+00   0.0000000000e+00   3.4754700408e-01