# time = 11.1754
# Grid Poins = 256    variable_0    variable_1    variable_2    variable_3    variable_4    variable_5    variable_6
   8.8128691614e+02   8.4479599637e-02   0.0000000000e+00   6.3742616773e-01   0.0000000000e+00   0.0000000000e+00   2.7809423264e-01
   8.8128691614e+02   8.4479599637e-02   0.0000000000e+00   6.3742616773e-01   0.0000000000e+00   0.0000000000e+00   2.7809423264e-01
   8.8009152263e+02   8.3922546946e-02   0.0000000000e+00   6.3981695473e-01   0.0000000000e+00   0.0000000000e+00   2.7626049832e-01
   8.8009152263e+02   8.3922546946e-02   0.0000000000e+00   6.3981695473e-01   0.0000000000e+00   0.0000000000e+00   2.7626049832e-01
   8.8009152263e+02   8.3922546946e-02   0.0000000000e+00   6.3981695473e-01   0.0000000000e+00   0.0000000000e+00   2.7626049832e-01
   8.8009152263e+02   8.3922546946e-02   0.0000000000e+00   6.3981695473e-01   0.0000000000e+00   0.0000000000e+00   2.7626049832e-01
   8.7131727934e+02   7.9833754569e-02   0.0000000000e+00   6.5736544132e-01   0.0000000000e+00   0.0000000000e+00   2.6280080411e-01
   8.7131727934e+02   7.9833754569e-02   0.0000000000e+00   6.5736544132e-01   0.0000000000e+00   0.0000000000e+00   2.6280080411e-01
   8.8743660673e+02   8.7345351952e-02   0.0000000000e+00   6.2512678653e-01   0.0000000000e+00   0.0000000000e+00   2.8752786152e-01
   8.8743660673e+02   8.7345351952e-02   0.0000000000e+00   6.2512678653e-01   0.0000000000e+00   0.0000000000e+00   2.8752786152e-01
   8.8506765738e+02   8.6241422903e-02   0.0000000000e+00   6.2986468524e-01   0.0000000000e+00   0.0000000000e+00   2.8389389186e-01
   8.8506765738e+02   8.6241422903e-02   0.0000000000e+00   6.2986468524e-01   0.0000000000e+00   0.0000000000e+00   2.8389389186e-01
   8.8743660673e+02   8.7345351952e-02   0.0000000000e+00   6.2512678653e-01   0.0000000000e+00   0.0000000000e+00   2.8752786152e-01
   8.8743660673e+02   8.7345351952e-02   0.0000000000e+00   6.2512678653e-01   0.0000000000e+00   0.0000000000e+00   2.8752786152e-01
   8.8506765738e+02   8.6241422903e-02   0.0000000000e+00   6.2986468524e-01   0.0000000000e+00   0.0000000000e+00   2.8389389186e-01
   8.8506765738e+02   8.6241422903e-02   0.0000000000e+00   6.2986468524e-01   0.0000000000e+00   0.0000000000e+00   2.8389389186e-01
   8.7819681019e+02   8.3039612024e-02   0.0000000000e+00   6.4360637963e-01   0.0000000000e+00   0.0000000000e+00   2.7335400835e-01
   8.7819681019e+02   8.3039612024e-02   0.0000000000e+00   6.4360637963e-01   0.0000000000e+00   0.0000000000e+00   2.7335400835e-01
   8.7819681019e+02   8.3039612024e-02   0.0000000000e+00   6.4360637963e-01   0.0000000000e+00   0.0000000000e+00   2.7335400835e-01
   8.7819681019e+02   8.3039612024e-02   0.0000000000e+00   6.4360637963e-01   0.0000000000e+00   0.0000000000e+00   2.7335400835e-01
   8.7819681019e+02   8.3039612024e-02   0.0000000000e+00   6.4360637963e-01   0.0000000000e+00   0.0000000000e+00   2.7335400835e-01
   8.7819681019e+02   8.3039612024e-02   0.0000000000e+00   6.4360637963e-01   0.0000000000e+00   0.0000000000e+00   2.7335400835e-01
   8.7819681019e+02   8.3039612024e-02   0.0000000000e+00   6.4360637963e-01   0.0000000000e+00   0.0000000000e+00   2.7335400835e-01
   8.7819681019e+02   8.3039612024e-02   0.0000000000e+00   6.4360637963e-01   0.0000000000e+00   0.0000000000e+00   2.7335400835e-01
   8.9026440382e+02   8.8663103783e-02   0.0000000000e+00   6.1947119236e-01   0.0000000000e+00   0.0000000000e+00   2.9186570386e-01
   8.9026440382e+02   8.8663103783e-02   0.0000000000e+00   6.1947119236e-01   0.0000000000e+00   0.0000000000e+00   2.9186570386e-01
   8.9026440382e+02   8.8663103783e-02   0.0000000000e+00   6.1947119236e-01   0.0000000000e+00   0.0000000000e+00   2.9186570386e-01
   8.9026440382e+02   8.8663103783e-02   0.0000000000e+00   6.1947119236e-01   0.0000000000e+00   0.0000000000e+00   2.9186570386e-01
   8.9026440382e+02   8.8663103783e-02   0.0000000000e+00   6.1947119236e-01   0.0000000000e+00   0.0000000000e+00   2.9186570386e-01
   8.9026440382e+02   8.8663103783e-02   0.0000000000e+00   6.1947119236e-01   0.0000000000e+00   0.0000000000e+00   2.9186570386e-01
   8.9026440382e+02   8.8663103783e-02   0.0000000000e+00   6.1947119236e-01   0.0000000000e+00   0.0000000000e+00   2.9186570386e-01
   8.9026440382e+02   8.8663103783e-02   0.0000000000e+00   6.1947119236e-01   0.0000000000e+00   0.0000000000e+00   2.9186570386e-01
   8.9151808880e+02   8.9247320270e-02   0.0000000000e+00   6.1696382239e-01   0.0000000000e+00   0.0000000000e+00   2.9378885734e-01
   8.9151808880e+02   8.9247320270e-02   0.0000000000e+00   6.1696382239e-01   0.0000000000e+00   0.0000000000e+00   2.9378885734e-01
   8.9151808880e+02   8.9247320270e-02   0.0000000000e+00   6.1696382239e-01   0.0000000000e+00   0.0000000000e+00   2.9378885734e-01
   8.9151808880e+02   8.9247320270e-02   0.0000000000e+00   6.1696382239e-01   0.0000000000e+00   0.0000000000e+00   2.9378885734e-01
   9.3338163551e+02   1.0875570919e-01   0.0000000000e+00   5.3323672898e-01   0.0000000000e+00   0.0000000000e+00   3.5800756183e-01
   9.3338163551e+02   1.0875570919e-01   0.0000000000e+00   5.3323672898e-01   0.0000000000e+00   0.0000000000e+00   3.5800756183e-01
   9.3338163551e+02   1.0875570919e-01   0.0000000000e+00   5.3323672898e-01   0.0000000000e+00   0.0000000000e+00   3.5800756183e-01
   9.3338163551e+02   1.0875570919e-01   0.0000000000e+00   5.3323672898e-01   0.0000000000e+00   0.0000000000e+00   3.5800756183e-01
   9.4733615108e+02   1.1525850549e-01   0.0000000000e+00   5.0532769784e-01   0.0000000000e+00   0.0000000000e+00   3.7941379667e-01
   9.4733615108e+02   1.1525850549e-01   0.0000000000e+00   5.0532769784e-01   0.0000000000e+00   0.0000000000e+00   3.7941379667e-01
   9.4733615108e+02   1.1525850549e-01   0.0000000000e+00   5.0532769784e-01   0.0000000000e+00   0.0000000000e+00   3.7941379667e-01
   9.4733615108e+02   1.1525850549e-01   0.0000000000e+00   5.0532769784e-01   0.0000000000e+00   0.0000000000e+00   3.7941379667e-01
   9.1942711994e+02   1.0225291288e-01   0.0000000000e+00   5.6114576012e-01   0.0000000000e+00   0.0000000000e+00   3.3660132700e-01
   9.1942711994e+02   1.0225291288e-01   0.0000000000e+00   5.6114576012e-01   0.0000000000e+00   0.0000000000e+00   3.3660132700e-01
   8.9151808880e+02   8.9247320270e-02   0.0000000000e+00   6.1696382239e-01   0.0000000000e+00   0.0000000000e+00   2.9378885734e-01
   8.9151808880e+02   8.9247320270e-02   0.0000000000e+00   6.1696382239e-01   0.0000000000e+00   0.0000000000e+00   2.9378885734e-01
   9.3713641986e+02   1.1050543655e-01   0.0000000000e+00   5.2572716027e-01   0.0000000000e+00   0.0000000000e+00   3.6376740317e-01
   9.3713641986e+02   1.1050543655e-01   0.0000000000e+00   5.2572716027e-01   0.0000000000e+00   0.0000000000e+00   3.6376740317e-01
   9.3713641986e+02   1.1050543655e-01   0.0000000000e+00   5.2572716027e-01   0.0000000000e+00   0.0000000000e+00   3.6376740317e-01
   9.3713641986e+02   1.1050543655e-01   0.0000000000e+00   5.2572716027e-01   0.0000000000e+00   0.0000000000e+00   3.6376740317e-01
   9.3713641986e+02   1.1050543655e-01   0.0000000000e+00   5.2572716027e-01   0.0000000000e+00   0.0000000000e+00   3.6376740317e-01
   9.3713641986e+02   1.1050543655e-01   0.0000000000e+00   5.2572716027e-01   0.0000000000e+00   0.0000000000e+00   3.6376740317e-01
   9.3713641986e+02   1.1050543655e-01   0.0000000000e+00   5.2572716027e-01   0.0000000000e+00   0.0000000000e+00   3.6376740317e-01
   9.3713641986e+02   1.1050543655e-01   0.0000000000e+00   5.2572716027e-01   0.0000000000e+00   0.0000000000e+00   3.6376740317e-01
   9.3713641986e+02   1.1050543655e-01   0.0000000000e+00   5.2572716027e-01   0.0000000000e+00   0.0000000000e+00   3.6376740317e-01
   9.3713641986e+02   1.1050543655e-01   0.0000000000e+00   5.2572716027e-01   0.0000000000e+00   0.0000000000e+00   3.6376740317e-01
   9.3713641986e+02   1.1050543655e-01   0.0000000000e+00   5.2572716027e-01   0.0000000000e+00   0.0000000000e+00   3.6376740317e-01
   9.3713641986e+02   1.1050543655e-01   0.0000000000e+00   5.2572716027e-01   0.0000000000e+00   0.0000000000e+00   3.6376740317e-01
   9.3713641986e+02   1.1050543655e-01   0.0000000000e+00   5.2572716027e-01   0.0000000000e+00   0.0000000000e+00   3.6376740317e-01
   9.3713641986e+02   1.1050543655e-01   0.0000000000e+00   5.2572716027e-01   0.0000000000e+00   0.0000000000e+00   3.6376740317e-01
   9.3713641986e+02   1.1050543655e-01   0.0000000000e+00   5.2572716027e-01   0.0000000000e+00   0.0000000000e+00   3.6376740317e-01
   9.3713641986e+02   1.1050543655e-01   0.0000000000e+00   5.2572716027e-01   0.0000000000e+00   0.0000000000e+00   3.6376740317e-01
   9.1221829951e+02   9.8893606666e-02   0.0000000000e+00   5.7556340098e-01   0.0000000000e+00   0.0000000000e+00   3.2554299235e-01
   9.1221829951e+02   9.8893606666e-02   0.0000000000e+00   5.7556340098e-01   0.0000000000e+00   0.0000000000e+00   3.2554299235e-01
   9.1221829951e+02   9.8893606666e-02   0.0000000000e+00   5.7556340098e-01   0.0000000000e+00   0.0000000000e+00   3.2554299235e-01
   9.1221829951e+02   9.8893606666e-02   0.0000000000e+00   5.7556340098e-01   0.0000000000e+00   0.0000000000e+00   3.2554299235e-01
   9.1320127370e+02   9.9351672078e-02   0.0000000000e+00   5.7359745260e-01   0.0000000000e+00   0.0000000000e+00   3.2705087532e-01
   9.1320127370e+02   9.9351672078e-02   0.0000000000e+00   5.7359745260e-01   0.0000000000e+00   0.0000000000e+00   3.2705087532e-01
   9.1123532532e+02   9.8435541253e-02   0.0000000000e+00   5.7752934936e-01   0.0000000000e+00   0.0000000000e+00   3.2403510938e-01
   9.1123532532e+02   9.8435541253e-02   0.0000000000e+00   5.7752934936e-01   0.0000000000e+00   0.0000000000e+00   3.2403510938e-01
   9.1270978660e+02   9.9122639372e-02   0.0000000000e+00   5.7458042679e-01   0.0000000000e+00   0.0000000000e+00   3.2629693383e-01
   9.1270978660e+02   9.9122639372e-02   0.0000000000e+00   5.7458042679e-01   0.0000000000e+00   0.0000000000e+00   3.2629693383e-01
   9.4947099492e+02   1.1625334151e-01   0.0000000000e+00   5.0105801015e-01   0.0000000000e+00   0.0000000000e+00   3.8268864834e-01
   9.4947099492e+02   1.1625334151e-01   0.0000000000e+00   5.0105801015e-01   0.0000000000e+00   0.0000000000e+00   3.8268864834e-01
   9.3059890367e+02   1.0745895773e-01   0.0000000000e+00   5.3880219266e-01   0.0000000000e+00   0.0000000000e+00   3.5373884960e-01
   9.3059890367e+02   1.0745895773e-01   0.0000000000e+00   5.3880219266e-01   0.0000000000e+00   0.0000000000e+00   3.5373884960e-01
   9.3059890367e+02   1.0745895773e-01   0.0000000000e+00   5.3880219266e-01   0.0000000000e+00   0.0000000000e+00   3.5373884960e-01
   9.3059890367e+02   1.0745895773e-01   0.0000000000e+00   5.3880219266e-01   0.0000000000e+00   0.0000000000e+00   3.5373884960e-01
   9.9369881749e+02   1.3686348162e-01   0.0000000000e+00   4.1260236502e-01   0.0000000000e+00   0.0000000000e+00   4.5053415336e-01
   9.9369881749e+02   1.3686348162e-01   0.0000000000e+00   4.1260236502e-01   0.0000000000e+00   0.0000000000e+00   4.5053415336e-01
   9.9369881749e+02   1.3686348162e-01   0.0000000000e+00   4.1260236502e-01   0.0000000000e+00   0.0000000000e+00   4.5053415336e-01
   9.9369881749e+02   1.3686348162e-01   0.0000000000e+00   4.1260236502e-01   0.0000000000e+00   0.0000000000e+00   4.5053415336e-01
   9.9369881749e+02   1.3686348162e-01   0.0000000000e+00   4.1260236502e-01   0.0000000000e+00   0.0000000000e+00   4.5053415336e-01
   9.9369881749e+02   1.3686348162e-01   0.0000000000e+00   4.1260236502e-01   0.0000000000e+00   0.0000000000e+00   4.5053415336e-01
   9.9369881749e+02   1.3686348162e-01   0.0000000000e+00   4.1260236502e-01   0.0000000000e+00   0.0000000000e+00   4.5053415336e-01
   9.9369881749e+02   1.3686348162e-01   0.0000000000e+00   4.1260236502e-01   0.0000000000e+00   0.0000000000e+00   4.5053415336e-01
   9.8623220325e+02   1.3338404364e-01   0.0000000000e+00   4.2753559351e-01   0.0000000000e+00   0.0000000000e+00   4.3908036285e-01
   9.8623220325e+02   1.3338404364e-01   0.0000000000e+00   4.2753559351e-01   0.0000000000e+00   0.0000000000e+00   4.3908036285e-01
   9.8623220325e+02   1.3338404364e-01   0.0000000000e+00   4.2753559351e-01   0.0000000000e+00   0.0000000000e+00   4.3908036285e-01
   9.8623220325e+02   1.3338404364e-01   0.0000000000e+00   4.2753559351e-01   0.0000000000e+00   0.0000000000e+00   4.3908036285e-01
   9.1172681241e+02   9.8664573959e-02   0.0000000000e+00   5.7654637517e-01   0.0000000000e+00   0.0000000000e+00   3.2478905087e-01
   9.1172681241e+02   9.8664573959e-02   0.0000000000e+00   5.7654637517e-01   0.0000000000e+00   0.0000000000e+00   3.2478905087e-01
   9.8623220325e+02   1.3338404364e-01   0.0000000000e+00   4.2753559351e-01   0.0000000000e+00   0.0000000000e+00   4.3908036285e-01
   9.8623220325e+02   1.3338404364e-01   0.0000000000e+00   4.2753559351e-01   0.0000000000e+00   0.0000000000e+00   4.3908036285e-01
   9.2215364873e+02   1.0352347374e-01   0.0000000000e+00   5.5569270253e-01   0.0000000000e+00   0.0000000000e+00   3.4078382372e-01
   9.2215364873e+02   1.0352347374e-01   0.0000000000e+00   5.5569270253e-01   0.0000000000e+00   0.0000000000e+00   3.4078382372e-01
   9.2215364873e+02   1.0352347374e-01   0.0000000000e+00   5.5569270253e-01   0.0000000000e+00   0.0000000000e+00   3.4078382372e-01
   9.2215364873e+02   1.0352347374e-01   0.0000000000e+00   5.5569270253e-01   0.0000000000e+00   0.0000000000e+00   3.4078382372e-01
   9.2215364873e+02   1.0352347374e-01   0.0000000000e+00   5.5569270253e-01   0.0000000000e+00   0.0000000000e+00   3.4078382372e-01
   9.2215364873e+02   1.0352347374e-01   0.0000000000e+00   5.5569270253e-01   0.0000000000e+00   0.0000000000e+00   3.4078382372e-01
   9.2215364873e+02   1.0352347374e-01   0.0000000000e+00   5.5569270253e-01   0.0000000000e+00   0.0000000000e+00   3.4078382372e-01
   9.2215364873e+02   1.0352347374e-01   0.0000000000e+00   5.5569270253e-01   0.0000000000e+00   0.0000000000e+00   3.4078382372e-01
   9.2215364873e+02   1.0352347374e-01   0.0000000000e+00   5.5569270253e-01   0.0000000000e+00   0.0000000000e+00   3.4078382372e-01
   9.2215364873e+02   1.0352347374e-01   0.0000000000e+00   5.5569270253e-01   0.0000000000e+00   0.0000000000e+00   3.4078382372e-01
   9.2215364873e+02   1.0352347374e-01   0.0000000000e+00   5.5569270253e-01   0.0000000000e+00   0.0000000000e+00   3.4078382372e-01
   9.2215364873e+02   1.0352347374e-01   0.0000000000e+00   5.5569270253e-01   0.0000000000e+00   0.0000000000e+00   3.4078382372e-01
   9.2215364873e+02   1.0352347374e-01   0.0000000000e+00   5.5569270253e-01   0.0000000000e+00   0.0000000000e+00   3.4078382372e-01
   9.2215364873e+02   1.0352347374e-01   0.0000000000e+00   5.5569270253e-01   0.0000000000e+00   0.0000000000e+00   3.4078382372e-01
   9.2215364873e+02   1.0352347374e-01   0.0000000000e+00   5.5569270253e-01   0.0000000000e+00   0.0000000000e+00   3.4078382372e-01
   9.2215364873e+02   1.0352347374e-01   0.0000000000e+00   5.5569270253e-01   0.0000000000e+00   0.0000000000e+00   3.4078382372e-01
   9.8093570471e+02   1.3091587834e-01   0.0000000000e+00   4.3812859058e-01   0.0000000000e+00   0.0000000000e+00   4.3095553108e-01
   9.8093570471e+02   1.3091587834e-01   0.0000000000e+00   4.3812859058e-01   0.0000000000e+00   0.0000000000e+00   4.3095553108e-01
   9.8093570471e+02   1.3091587834e-01   0.0000000000e+00   4.3812859058e-01   0.0000000000e+00   0.0000000000e+00   4.3095553108e-01
   9.8093570471e+02   1.3091587834e-01   0.0000000000e+00   4.3812859058e-01   0.0000000000e+00   0.0000000000e+00   4.3095553108e-01
   9.8093570471e+02   1.3091587834e-01   0.0000000000e+00   4.3812859058e-01   0.0000000000e+00   0.0000000000e+00   4.3095553108e-01
   9.8093570471e+02   1.3091587834e-01   0.0000000000e+00   4.3812859058e-01   0.0000000000e+00   0.0000000000e+00   4.3095553108e-01
   9.8093570471e+02   1.3091587834e-01   0.0000000000e+00   4.3812859058e-01   0.0000000000e+00   0.0000000000e+00   4.3095553108e-01
   9.8093570471e+02   1.3091587834e-01   0.0000000000e+00   4.3812859058e-01   0.0000000000e+00   0.0000000000e+00   4.3095553108e-01
   9.6567441225e+02   1.2380412475e-01   0.0000000000e+00   4.6865117550e-01   0.0000000000e+00   0.0000000000e+00   4.0754469975e-01
   9.6567441225e+02   1.2380412475e-01   0.0000000000e+00   4.6865117550e-01   0.0000000000e+00   0.0000000000e+00   4.0754469975e-01
   9.6567441225e+02   1.2380412475e-01   0.0000000000e+00   4.6865117550e-01   0.0000000000e+00   0.0000000000e+00   4.0754469975e-01
   9.6567441225e+02   1.2380412475e-01   0.0000000000e+00   4.6865117550e-01   0.0000000000e+00   0.0000000000e+00   4.0754469975e-01
   9.6567441225e+02   1.2380412475e-01   0.0000000000e+00   4.6865117550e-01   0.0000000000e+00   0.0000000000e+00   4.0754469975e-01
   9.6567441225e+02   1.2380412475e-01   0.0000000000e+00   4.6865117550e-01   0.0000000000e+00   0.0000000000e+00   4.0754469975e-01
   9.6567441225e+02   1.2380412475e-01   0.0000000000e+00   4.6865117550e-01   0.0000000000e+00   0.0000000000e+00   4.0754469975e-01
   9.6567441225e+02   1.2380412475e-01   0.0000000000e+00   4.6865117550e-01   0.0000000000e+00   0.0000000000e+00   4.0754469975e-01
   1.0927192688e+03   1.8300695552e-01   0.0000000000e+00   2.1456146240e-01   0.0000000000e+00   0.0000000000e+00   6.0243158208e-01
   1.0927192688e+03   1.8300695552e-01   0.0000000000e+00   2.1456146240e-01   0.0000000000e+00   0.0000000000e+00   6.0243158208e-01
   9.0533716679e+02   9.5687002738e-02   0.0000000000e+00   5.8932566643e-01   0.0000000000e+00   0.0000000000e+00   3.1498733083e-01
   9.0533716679e+02   9.5687002738e-02   0.0000000000e+00   5.8932566643e-01   0.0000000000e+00   0.0000000000e+00   3.1498733083e-01
   9.0533716679e+02   9.5687002738e-02   0.0000000000e+00   5.8932566643e-01   0.0000000000e+00   0.0000000000e+00   3.1498733083e-01
   9.0533716679e+02   9.5687002738e-02   0.0000000000e+00   5.8932566643e-01   0.0000000000e+00   0.0000000000e+00   3.1498733083e-01
   8.8729186058e+02   8.7277900327e-02   0.0000000000e+00   6.2541627884e-01   0.0000000000e+00   0.0000000000e+00   2.8730582083e-01
   8.8729186058e+02   8.7277900327e-02   0.0000000000e+00   6.2541627884e-01   0.0000000000e+00   0.0000000000e+00   2.8730582083e-01
   9.0533716679e+02   9.5687002738e-02   0.0000000000e+00   5.8932566643e-01   0.0000000000e+00   0.0000000000e+00   3.1498733083e-01
   9.0533716679e+02   9.5687002738e-02   0.0000000000e+00   5.8932566643e-01   0.0000000000e+00   0.0000000000e+00   3.1498733083e-01
   9.0533716679e+02   9.5687002738e-02   0.0000000000e+00   5.8932566643e-01   0.0000000000e+00   0.0000000000e+00   3.1498733083e-01
   9.0533716679e+02   9.5687002738e-02   0.0000000000e+00   5.8932566643e-01   0.0000000000e+00   0.0000000000e+00   3.1498733083e-01
   9.9000556469e+02   1.3514242792e-01   0.0000000000e+00   4.1998887062e-01   0.0000000000e+00   0.0000000000e+00   4.4486870146e-01
   9.9000556469e+02   1.3514242792e-01   0.0000000000e+00   4.1998887062e-01   0.0000000000e+00   0.0000000000e+00   4.4486870146e-01
   9.9000556469e+02   1.3514242792e-01   0.0000000000e+00   4.1998887062e-01   0.0000000000e+00   0.0000000000e+00   4.4486870146e-01
   9.9000556469e+02   1.3514242792e-01   0.0000000000e+00   4.1998887062e-01   0.0000000000e+00   0.0000000000e+00   4.4486870146e-01
   9.4969482422e+02   1.1635764583e-01   0.0000000000e+00   5.0061035156e-01   0.0000000000e+00   0.0000000000e+00   3.8303200261e-01
   9.4969482422e+02   1.1635764583e-01   0.0000000000e+00   5.0061035156e-01   0.0000000000e+00   0.0000000000e+00   3.8303200261e-01
   8.9133877754e+02   8.9163761325e-02   0.0000000000e+00   6.1732244492e-01   0.0000000000e+00   0.0000000000e+00   2.9351379376e-01
   8.9133877754e+02   8.9163761325e-02   0.0000000000e+00   6.1732244492e-01   0.0000000000e+00   0.0000000000e+00   2.9351379376e-01
   9.7887284756e+02   1.2995458808e-01   0.0000000000e+00   4.4225430489e-01   0.0000000000e+00   0.0000000000e+00   4.2779110703e-01
   9.7887284756e+02   1.2995458808e-01   0.0000000000e+00   4.4225430489e-01   0.0000000000e+00   0.0000000000e+00   4.2779110703e-01
   9.7887284756e+02   1.2995458808e-01   0.0000000000e+00   4.4225430489e-01   0.0000000000e+00   0.0000000000e+00   4.2779110703e-01
   9.7887284756e+02   1.2995458808e-01   0.0000000000e+00   4.4225430489e-01   0.0000000000e+00   0.0000000000e+00   4.2779110703e-01
   9.4969482422e+02   1.1635764583e-01   0.0000000000e+00   5.0061035156e-01   0.0000000000e+00   0.0000000000e+00   3.8303200261e-01
   9.4969482422e+02   1.1635764583e-01   0.0000000000e+00   5.0061035156e-01   0.0000000000e+00   0.0000000000e+00   3.8303200261e-01
   9.4969482422e+02   1.1635764583e-01   0.0000000000e+00   5.0061035156e-01   0.0000000000e+00   0.0000000000e+00   3.8303200261e-01
   9.4969482422e+02   1.1635764583e-01   0.0000000000e+00   5.0061035156e-01   0.0000000000e+00   0.0000000000e+00   3.8303200261e-01
   9.4969482422e+02   1.1635764583e-01   0.0000000000e+00   5.0061035156e-01   0.0000000000e+00   0.0000000000e+00   3.8303200261e-01
   9.4969482422e+02   1.1635764583e-01   0.0000000000e+00   5.0061035156e-01   0.0000000000e+00   0.0000000000e+00   3.8303200261e-01
   9.4969482422e+02   1.1635764583e-01   0.0000000000e+00   5.0061035156e-01   0.0000000000e+00   0.0000000000e+00   3.8303200261e-01
   9.4969482422e+02   1.1635764583e-01   0.0000000000e+00   5.0061035156e-01   0.0000000000e+00   0.0000000000e+00   3.8303200261e-01
   1.1039700031e+03   1.8824979131e-01   0.0000000000e+00   1.9205999374e-01   0.0000000000e+00   0.0000000000e+00   6.1969021495e-01
   1.1039700031e+03   1.8824979131e-01   0.0000000000e+00   1.9205999374e-01   0.0000000000e+00   0.0000000000e+00   6.1969021495e-01
   1.1039700031e+03   1.8824979131e-01   0.0000000000e+00   1.9205999374e-01   0.0000000000e+00   0.0000000000e+00   6.1969021495e-01
   1.1039700031e+03   1.8824979131e-01   0.0000000000e+00   1.9205999374e-01   0.0000000000e+00   0.0000000000e+00   6.1969021495e-01
   1.0359282017e+03   1.5654235060e-01   0.0000000000e+00   3.2814359665e-01   0.0000000000e+00   0.0000000000e+00   5.1531405276e-01
   1.0359282017e+03   1.5654235060e-01   0.0000000000e+00   3.2814359665e-01   0.0000000000e+00   0.0000000000e+00   5.1531405276e-01
   1.0359282017e+03   1.5654235060e-01   0.0000000000e+00   3.2814359665e-01   0.0000000000e+00   0.0000000000e+00   5.1531405276e-01
   1.0359282017e+03   1.5654235060e-01   0.0000000000e+00   3.2814359665e-01   0.0000000000e+00   0.0000000000e+00   5.1531405276e-01
   1.0529386520e+03   1.6446921077e-01   0.0000000000e+00   2.9412269592e-01   0.0000000000e+00   0.0000000000e+00   5.4140809330e-01
   1.0529386520e+03   1.6446921077e-01   0.0000000000e+00   2.9412269592e-01   0.0000000000e+00   0.0000000000e+00   5.4140809330e-01
   1.0529386520e+03   1.6446921077e-01   0.0000000000e+00   2.9412269592e-01   0.0000000000e+00   0.0000000000e+00   5.4140809330e-01
   1.0529386520e+03   1.6446921077e-01   0.0000000000e+00   2.9412269592e-01   0.0000000000e+00   0.0000000000e+00   5.4140809330e-01
   1.0189177513e+03   1.4861549042e-01   0.0000000000e+00   3.6216449738e-01   0.0000000000e+00   0.0000000000e+00   4.8922001221e-01
   1.0189177513e+03   1.4861549042e-01   0.0000000000e+00   3.6216449738e-01   0.0000000000e+00   0.0000000000e+00   4.8922001221e-01
   1.0189177513e+03   1.4861549042e-01   0.0000000000e+00   3.6216449738e-01   0.0000000000e+00   0.0000000000e+00   4.8922001221e-01
   1.0189177513e+03   1.4861549042e-01   0.0000000000e+00   3.6216449738e-01   0.0000000000e+00   0.0000000000e+00   4.8922001221e-01
   9.7697187662e+02   1.2906873671e-01   0.0000000000e+00   4.4605624676e-01   0.0000000000e+00   0.0000000000e+00   4.2487501653e-01
   9.7697187662e+02   1.2906873671e-01   0.0000000000e+00   4.4605624676e-01   0.0000000000e+00   0.0000000000e+00   4.2487501653e-01
   9.7697187662e+02   1.2906873671e-01   0.0000000000e+00   4.4605624676e-01   0.0000000000e+00   0.0000000000e+00   4.2487501653e-01
   9.7697187662e+02   1.2906873671e-01   0.0000000000e+00   4.4605624676e-01   0.0000000000e+00   0.0000000000e+00   4.2487501653e-01
   1.0377229646e+03   1.5737870909e-01   0.0000000000e+00   3.2455407083e-01   0.0000000000e+00   0.0000000000e+00   5.1806722008e-01
   1.0377229646e+03   1.5737870909e-01   0.0000000000e+00   3.2455407083e-01   0.0000000000e+00   0.0000000000e+00   5.1806722008e-01
   1.0377229646e+03   1.5737870909e-01   0.0000000000e+00   3.2455407083e-01   0.0000000000e+00   0.0000000000e+00   5.1806722008e-01
   1.0377229646e+03   1.5737870909e-01   0.0000000000e+00   3.2455407083e-01   0.0000000000e+00   0.0000000000e+00   5.1806722008e-01
   9.7697187662e+02   1.2906873671e-01   0.0000000000e+00   4.4605624676e-01   0.0000000000e+00   0.0000000000e+00   4.2487501653e-01
   9.7697187662e+02   1.2906873671e-01   0.0000000000e+00   4.4605624676e-01   0.0000000000e+00   0.0000000000e+00   4.2487501653e-01
   9.7697187662e+02   1.2906873671e-01   0.0000000000e+00   4.4605624676e-01   0.0000000000e+00   0.0000000000e+00   4.2487501653e-01
   9.7697187662e+02   1.2906873671e-01   0.0000000000e+00   4.4605624676e-01   0.0000000000e+00   0.0000000000e+00   4.2487501653e-01
   1.0405367658e+03   1.5868993883e-01   0.0000000000e+00   3.1892646849e-01   0.0000000000e+00   0.0000000000e+00   5.2238359268e-01
   1.0405367658e+03   1.5868993883e-01   0.0000000000e+00   3.1892646849e-01   0.0000000000e+00   0.0000000000e+00   5.2238359268e-01
   1.0405367658e+03   1.5868993883e-01   0.0000000000e+00   3.1892646849e-01   0.0000000000e+00   0.0000000000e+00   5.2238359268e-01
   1.0405367658e+03   1.5868993883e-01   0.0000000000e+00   3.1892646849e-01   0.0000000000e+00   0.0000000000e+00   5.2238359268e-01
   9.5875670835e+02   1.2058047867e-01   0.0000000000e+00   4.8248658329e-01   0.0000000000e+00   0.0000000000e+00   3.9693293803e-01
   9.5875670835e+02   1.2058047867e-01   0.0000000000e+00   4.8248658329e-01   0.0000000000e+00   0.0000000000e+00   3.9693293803e-01
   9.5875670835e+02   1.2058047867e-01   0.0000000000e+00   4.8248658329e-01   0.0000000000e+00   0.0000000000e+00   3.9693293803e-01
   9.5875670835e+02   1.2058047867e-01   0.0000000000e+00   4.8248658329e-01   0.0000000000e+00   0.0000000000e+00   3.9693293803e-01
   9.5949517637e+02   1.2092460435e-01   0.0000000000e+00   4.8100964725e-01   0.0000000000e+00   0.0000000000e+00   3.9806574840e-01
   9.5949517637e+02   1.2092460435e-01   0.0000000000e+00   4.8100964725e-01   0.0000000000e+00   0.0000000000e+00   3.9806574840e-01
   9.5949517637e+02   1.2092460435e-01   0.0000000000e+00   4.8100964725e-01   0.0000000000e+00   0.0000000000e+00   3.9806574840e-01
   9.5949517637e+02   1.2092460435e-01   0.0000000000e+00   4.8100964725e-01   0.0000000000e+00   0.0000000000e+00   3.9806574840e-01
   9.6522599533e+02   1.2359516272e-01   0.0000000000e+00   4.6954800934e-01   0.0000000000e+00   0.0000000000e+00   4.0685682794e-01
   9.6522599533e+02   1.2359516272e-01   0.0000000000e+00   4.6954800934e-01   0.0000000000e+00   0.0000000000e+00   4.0685682794e-01
   9.6737302542e+02   1.2459567752e-01   0.0000000000e+00   4.6525394917e-01   0.0000000000e+00   0.0000000000e+00   4.1015037332e-01
   9.6737302542e+02   1.2459567752e-01   0.0000000000e+00   4.6525394917e-01   0.0000000000e+00   0.0000000000e+00   4.1015037332e-01
   9.6307896525e+02   1.2259464792e-01   0.0000000000e+00   4.7384206951e-01   0.0000000000e+00   0.0000000000e+00   4.0356328257e-01
   9.6307896525e+02   1.2259464792e-01   0.0000000000e+00   4.7384206951e-01   0.0000000000e+00   0.0000000000e+00   4.0356328257e-01
   9.6522599533e+02   1.2359516272e-01   0.0000000000e+00   4.6954800934e-01   0.0000000000e+00   0.0000000000e+00   4.0685682794e-01
   9.6522599533e+02   1.2359516272e-01   0.0000000000e+00   4.6954800934e-01   0.0000000000e+00   0.0000000000e+00   4.0685682794e-01
   9.5949517637e+02   1.2092460435e-01   0.0000000000e+00   4.8100964725e-01   0.0000000000e+00   0.0000000000e+00   3.9806574840e-01
   9.5949517637e+02   1.2092460435e-01   0.0000000000e+00   4.8100964725e-01   0.0000000000e+00   0.0000000000e+00   3.9806574840e-01
   9.5949517637e+02   1.2092460435e-01   0.0000000000e+00   4.8100964725e-01   0.0000000000e+00   0.0000000000e+00   3.9806574840e-01
   9.5949517637e+02   1.2092460435e-01   0.0000000000e+00   4.8100964725e-01   0.0000000000e+00   0.0000000000e+00   3.9806574840e-01
   9.7000521123e+02   1.2582227461e-01   0.0000000000e+00   4.5998957753e-01   0.0000000000e+00   0.0000000000e+00   4.1418814786e-01
   9.7000521123e+02   1.2582227461e-01   0.0000000000e+00   4.5998957753e-01   0.0000000000e+00   0.0000000000e+00   4.1418814786e-01
   9.6250620931e+02   1.2232774399e-01   0.0000000000e+00   4.7498758137e-01   0.0000000000e+00   0.0000000000e+00   4.0268467464e-01
   9.6250620931e+02   1.2232774399e-01   0.0000000000e+00   4.7498758137e-01   0.0000000000e+00   0.0000000000e+00   4.0268467464e-01
   9.6952005550e+02   1.2559619231e-01   0.0000000000e+00   4.6095988899e-01   0.0000000000e+00   0.0000000000e+00   4.1344391869e-01
   9.6952005550e+02   1.2559619231e-01   0.0000000000e+00   4.6095988899e-01   0.0000000000e+00   0.0000000000e+00   4.1344391869e-01
   9.6952005550e+02   1.2559619231e-01   0.0000000000e+00   4.6095988899e-01   0.0000000000e+00   0.0000000000e+00   4.1344391869e-01
   9.6952005550e+02   1.2559619231e-01   0.0000000000e+00   4.6095988899e-01   0.0000000000e+00   0.0000000000e+00   4.1344391869e-01
   9.6952005550e+02   1.2559619231e-01   0.0000000000e+00   4.6095988899e-01   0.0000000000e+00   0.0000000000e+00   4.1344391869e-01
   9.6952005550e+02   1.2559619231e-01   0.0000000000e+00   4.6095988899e-01   0.0000000000e+00   0.0000000000e+00   4.1344391869e-01
   9.6952005550e+02   1.2559619231e-01   0.0000000000e+00   4.6095988899e-01   0.0000000000e+00   0.0000000000e+00   4.1344391869e-01
   9.6952005550e+02   1.2559619231e-01   0.0000000000e+00   4.6095988899e-01   0.0000000000e+00   0.0000000000e+00   4.1344391869e-01
   9.4180516414e+02   1.1268106873e-01   0.0000000000e+00   5.1638967171e-01   0.0000000000e+00   0.0000000000e+00   3.7092925956e-01
   9.4180516414e+02   1.1268106873e-01   0.0000000000e+00   5.1638967171e-01   0.0000000000e+00   0.0000000000e+00   3.7092925956e-01
   9.4180516414e+02   1.1268106873e-01   0.0000000000e+00   5.1638967171e-01   0.0000000000e+00   0.0000000000e+00   3.7092925956e-01
   9.4180516414e+02   1.1268106873e-01   0.0000000000e+00   5.1638967171e-01   0.0000000000e+00   0.0000000000e+00   3.7092925956e-01
   9.4180516414e+02   1.1268106873e-01   0.0000000000e+00   5.1638967171e-01   0.0000000000e+00   0.0000000000e+00   3.7092925956e-01
   9.4180516414e+02   1.1268106873e-01   0.0000000000e+00   5.1638967171e-01   0.0000000000e+00   0.0000000000e+00   3.7092925956e-01
   9.4180516414e+02   1.1268106873e-01   0.0000000000e+00   5.1638967171e-01   0.0000000000e+00   0.0000000000e+00   3.7092925956e-01
   9.4180516414e+02   1.1268106873e-01   0.0000000000e+00   5.1638967171e-01   0.0000000000e+00   0.0000000000e+00   3.7092925956e-01
   9.4180516414e+02   1.1268106873e-01   0.0000000000e+00   5.1638967171e-01   0.0000000000e+00   0.0000000000e+00   3.7092925956e-01
   9.4180516414e+02   1.1268106873e-01   0.0000000000e+00   5.1638967171e-01   0.0000000000e+00   0.0000000000e+00   3.7092925956e-01
   9.4180516414e+02   1.1268106873e-01   0.0000000000e+00   5.1638967171e-01   0.0000000000e+00   0.0000000000e+00   3.7092925956e-01
   9.4180516414e+02   1.1268106873e-01   0.0000000000e+00   5.1638967171e-01   0.0000000000e+00   0.0000000000e+00   3.7092925956e-01
   9.5080426969e+02   1.1687464679e-01   0.0000000000e+00   4.9839146063e-01   0.0000000000e+00   0.0000000000e+00   3.8473389259e-01
   9.5080426969e+02   1.1687464679e-01   0.0000000000e+00   4.9839146063e-01   0.0000000000e+00   0.0000000000e+00   3.8473389259e-01
   9.5080426969e+02   1.1687464679e-01   0.0000000000e+00   4.9839146063e-01   0.0000000000e+00   0.0000000000e+00   3.8473389259e-01
   9.5080426969e+02   1.1687464679e-01   0.0000000000e+00   4.9839146063e-01   0.0000000000e+00   0.0000000000e+00   3.8473389259e-01
   9.5080426969e+02   1.1687464679e-01   0.0000000000e+00   4.9839146063e-01   0.0000000000e+00   0.0000000000e+00   3.8473389259e-01
   9.5080426969e+02   1.1687464679e-01   0.0000000000e+00   4.9839146063e-01   0.0000000000e+00   0.0000000000e+00   3.8473389259e-01
   9.5080426969e+02   1.1687464679e-01   0.0000000000e+00   4.9839146063e-01   0.0000000000e+00   0.0000000000e+00   3.8473389259e-01
   9.5080426969e+02   1.1687464679e-01   0.0000000000e+00   4.9839146063e-01   0.0000000000e+00   0.0000000000e+00   3.8473389259e-01
   9.5080426969e+02   1.1687464679e-01   0.0000000000e+00   4.9839146063e-01   0.0000000000e+00   0.0000000000e+00   3.8473389259e-01
   9.5080426969e+02   1.1687464679e-01   0.0000000000e+00   4.9839146063e-01   0.0000000000e+00   0.0000000000e+00   3.8473389259e-01
   9.5080426969e+02   1.1687464679e-01   0.0000000000e+00   4.9839146063e-01   0.0000000000e+00   0.0000000000e+00   3.8473389259e-01
   9.5080426969e+02   1.1687464679e-01   0.0000000000e+00   4.9839146063e-01   0.0000000000e+00   0.0000000000e+00   3.8473389259e-01
   9.4180516414e+02   1.1268106873e-01   0.0000000000e+00   5.1638967171e-01   0.0000000000e+00   0.0000000000e+00   3.7092925956e-01
   9.4180516414e+02   1.1268106873e-01   0.0000000000e+00   5.1638967171e-01   0.0000000000e+00   0.0000000000e+00   3.7092925956e-01
   9.4180516414e+02   1.1268106873e-01   0.0000000000e+00   5.1638967171e-01   0.0000000000e+00   0.0000000000e+00   3.7092925956e-01
   9.4180516414e+02   1.1268106873e-01   0.0000000000e+00   5.1638967171e-01   0.0000000000e+00   0.0000000000e+00   3.7092925956e-01
   9.5080426969e+02   1.1687464679e-01   0.0000000000e+00   4.9839146063e-01   0.0000000000e+00   0.0000000000e+00   3.8473389259e-01
   9.5080426969e+02   1.1687464679e-01   0.0000000000e+00   4.9839146063e-01   0.0000000000e+00   0.0000000000e+00   3.8473389259e-01
   9.5080426969e+02   1.1687464679e-01   0.0000000000e+00   4.9839146063e-01   0.0000000000e+00   0.0000000000e+00   3.8473389259e-01
   9.5080426969e+02   1.1687464679e-01   0.0000000000e+00   4.9839146063e-01   0.0000000000e+00   0.0000000000e+00   3.8473389259e-01