# time = 14.91
# Grid Poins = 256    variable_0    variable_1    variable_2    variable_3    variable_4    variable_5    variable_6
   9.8981970043e+02   1.3505581528e-01   0.0000000000e+00   4.2036059915e-01   0.0000000000e+00   0.0000000000e+00   4.4458358557e-01
   9.8981970043e+02   1.3505581528e-01   0.0000000000e+00   4.2036059915e-01   0.0000000000e+00   0.0000000000e+00   4.4458358557e-01
   9.8981970043e+02   1.3505581528e-01   0.0000000000e+00   4.2036059915e-01   0.0000000000e+00   0.0000000000e+00   4.4458358557e-01
   9.8981970043e+02   1.3505581528e-01   0.0000000000e+00   4.2036059915e-01   0.0000000000e+00   0.0000000000e+00   4.4458358557e-01
   9.9001298128e+02   1.3514588405e-01   0.0000000000e+00   4.1997403745e-01   0.0000000000e+00   0.0000000000e+00   4.4488007851e-01
   9.9001298128e+02   1.3514588405e-01   0.0000000000e+00   4.1997403745e-01   0.0000000000e+00   0.0000000000e+00   4.4488007851e-01
   9.9001298128e+02   1.3514588405e-01   0.0000000000e+00   4.1997403745e-01   0.0000000000e+00   0.0000000000e+00   4.4488007851e-01
   9.9001298128e+02   1.3514588405e-01   0.0000000000e+00   4.1997403745e-01   0.0000000000e+00   0.0000000000e+00   4.4488007851e-01
   9.9001298128e+02   1.3514588405e-01   0.0000000000e+00   4.1997403745e-01   0.0000000000e+00   0.0000000000e+00   4.4488007851e-01
   9.9001298128e+02   1.3514588405e-01   0.0000000000e+00   4.1997403745e-01   0.0000000000e+00   0.0000000000e+00   4.4488007851e-01
   9.9001298128e+02   1.3514588405e-01   0.0000000000e+00   4.1997403745e-01   0.0000000000e+00   0.0000000000e+00   4.4488007851e-01
   9.9001298128e+02   1.3514588405e-01   0.0000000000e+00   4.1997403745e-01   0.0000000000e+00   0.0000000000e+00   4.4488007851e-01
   9.8983456818e+02   1.3506274365e-01   0.0000000000e+00   4.2033086363e-01   0.0000000000e+00   0.0000000000e+00   4.4460639272e-01
   9.8983456818e+02   1.3506274365e-01   0.0000000000e+00   4.2033086363e-01   0.0000000000e+00   0.0000000000e+00   4.4460639272e-01
   9.8983456818e+02   1.3506274365e-01   0.0000000000e+00   4.2033086363e-01   0.0000000000e+00   0.0000000000e+00   4.4460639272e-01
   9.8983456818e+02   1.3506274365e-01   0.0000000000e+00   4.2033086363e-01   0.0000000000e+00   0.0000000000e+00   4.4460639272e-01
   9.6933505139e+02   1.2550998050e-01   0.0000000000e+00   4.6132989721e-01   0.0000000000e+00   0.0000000000e+00   4.1316012228e-01
   9.6933505139e+02   1.2550998050e-01   0.0000000000e+00   4.6132989721e-01   0.0000000000e+00   0.0000000000e+00   4.1316012228e-01
   9.6933505139e+02   1.2550998050e-01   0.0000000000e+00   4.6132989721e-01   0.0000000000e+00   0.0000000000e+00   4.1316012228e-01
   9.6933505139e+02   1.2550998050e-01   0.0000000000e+00   4.6132989721e-01   0.0000000000e+00   0.0000000000e+00   4.1316012228e-01
   1.0215094966e+03   1.4982324225e-01   0.0000000000e+00   3.5698100678e-01   0.0000000000e+00   0.0000000000e+00   4.9319575097e-01
   1.0215094966e+03   1.4982324225e-01   0.0000000000e+00   3.5698100678e-01   0.0000000000e+00   0.0000000000e+00   4.9319575097e-01
   1.0215094966e+03   1.4982324225e-01   0.0000000000e+00   3.5698100678e-01   0.0000000000e+00   0.0000000000e+00   4.9319575097e-01
   1.0215094966e+03   1.4982324225e-01   0.0000000000e+00   3.5698100678e-01   0.0000000000e+00   0.0000000000e+00   4.9319575097e-01
   9.6932018364e+02   1.2550305214e-01   0.0000000000e+00   4.6135963273e-01   0.0000000000e+00   0.0000000000e+00   4.1313731513e-01
   9.6932018364e+02   1.2550305214e-01   0.0000000000e+00   4.6135963273e-01   0.0000000000e+00   0.0000000000e+00   4.1313731513e-01
   9.6932018364e+02   1.2550305214e-01   0.0000000000e+00   4.6135963273e-01   0.0000000000e+00   0.0000000000e+00   4.1313731513e-01
   9.6932018364e+02   1.2550305214e-01   0.0000000000e+00   4.6135963273e-01   0.0000000000e+00   0.0000000000e+00   4.1313731513e-01
   1.0005118197e+03   1.4003833678e-01   0.0000000000e+00   3.9897636056e-01   0.0000000000e+00   0.0000000000e+00   4.6098530266e-01
   1.0005118197e+03   1.4003833678e-01   0.0000000000e+00   3.9897636056e-01   0.0000000000e+00   0.0000000000e+00   4.6098530266e-01
   1.0005118197e+03   1.4003833678e-01   0.0000000000e+00   3.9897636056e-01   0.0000000000e+00   0.0000000000e+00   4.6098530266e-01
   1.0005118197e+03   1.4003833678e-01   0.0000000000e+00   3.9897636056e-01   0.0000000000e+00   0.0000000000e+00   4.6098530266e-01
   9.9193496483e+02   1.3604152729e-01   0.0000000000e+00   4.1613007034e-01   0.0000000000e+00   0.0000000000e+00   4.4782840237e-01
   9.9193496483e+02   1.3604152729e-01   0.0000000000e+00   4.1613007034e-01   0.0000000000e+00   0.0000000000e+00   4.4782840237e-01
   9.9193496483e+02   1.3604152729e-01   0.0000000000e+00   4.1613007034e-01   0.0000000000e+00   0.0000000000e+00   4.4782840237e-01
   9.9193496483e+02   1.3604152729e-01   0.0000000000e+00   4.1613007034e-01   0.0000000000e+00   0.0000000000e+00   4.4782840237e-01
   9.9092212374e+02   1.3556954392e-01   0.0000000000e+00   4.1815575253e-01   0.0000000000e+00   0.0000000000e+00   4.4627470355e-01
   9.9092212374e+02   1.3556954392e-01   0.0000000000e+00   4.1815575253e-01   0.0000000000e+00   0.0000000000e+00   4.4627470355e-01
   9.8764487163e+02   1.3404234630e-01   0.0000000000e+00   4.2471025675e-01   0.0000000000e+00   0.0000000000e+00   4.4124739695e-01
   9.8764487163e+02   1.3404234630e-01   0.0000000000e+00   4.2471025675e-01   0.0000000000e+00   0.0000000000e+00   4.4124739695e-01
   9.8881686527e+02   1.3458849467e-01   0.0000000000e+00   4.2236626946e-01   0.0000000000e+00   0.0000000000e+00   4.4304523587e-01
   9.8881686527e+02   1.3458849467e-01   0.0000000000e+00   4.2236626946e-01   0.0000000000e+00   0.0000000000e+00   4.4304523587e-01
   9.8762569446e+02   1.3403340975e-01   0.0000000000e+00   4.2474861108e-01   0.0000000000e+00   0.0000000000e+00   4.4121797917e-01
   9.8762569446e+02   1.3403340975e-01   0.0000000000e+00   4.2474861108e-01   0.0000000000e+00   0.0000000000e+00   4.4121797917e-01
   9.8822127987e+02   1.3431095221e-01   0.0000000000e+00   4.2355744027e-01   0.0000000000e+00   0.0000000000e+00   4.4213160752e-01
   9.8822127987e+02   1.3431095221e-01   0.0000000000e+00   4.2355744027e-01   0.0000000000e+00   0.0000000000e+00   4.4213160752e-01
   9.8822127987e+02   1.3431095221e-01   0.0000000000e+00   4.2355744027e-01   0.0000000000e+00   0.0000000000e+00   4.4213160752e-01
   9.8822127987e+02   1.3431095221e-01   0.0000000000e+00   4.2355744027e-01   0.0000000000e+00   0.0000000000e+00   4.4213160752e-01
   9.9357359088e+02   1.3680512610e-01   0.0000000000e+00   4.1285281823e-01   0.0000000000e+00   0.0000000000e+00   4.5034205567e-01
   9.9357359088e+02   1.3680512610e-01   0.0000000000e+00   4.1285281823e-01   0.0000000000e+00   0.0000000000e+00   4.5034205567e-01
   9.9357359088e+02   1.3680512610e-01   0.0000000000e+00   4.1285281823e-01   0.0000000000e+00   0.0000000000e+00   4.5034205567e-01
   9.9357359088e+02   1.3680512610e-01   0.0000000000e+00   4.1285281823e-01   0.0000000000e+00   0.0000000000e+00   4.5034205567e-01
   9.8615744050e+02   1.3334920424e-01   0.0000000000e+00   4.2768511901e-01   0.0000000000e+00   0.0000000000e+00   4.3896567675e-01
   9.8615744050e+02   1.3334920424e-01   0.0000000000e+00   4.2768511901e-01   0.0000000000e+00   0.0000000000e+00   4.3896567675e-01
   9.8764487163e+02   1.3404234630e-01   0.0000000000e+00   4.2471025675e-01   0.0000000000e+00   0.0000000000e+00   4.4124739695e-01
   9.8764487163e+02   1.3404234630e-01   0.0000000000e+00   4.2471025675e-01   0.0000000000e+00   0.0000000000e+00   4.4124739695e-01
   9.8809232687e+02   1.3425086019e-01   0.0000000000e+00   4.2381534626e-01   0.0000000000e+00   0.0000000000e+00   4.4193379355e-01
   9.8809232687e+02   1.3425086019e-01   0.0000000000e+00   4.2381534626e-01   0.0000000000e+00   0.0000000000e+00   4.4193379355e-01
   9.8809232687e+02   1.3425086019e-01   0.0000000000e+00   4.2381534626e-01   0.0000000000e+00   0.0000000000e+00   4.4193379355e-01
   9.8809232687e+02   1.3425086019e-01   0.0000000000e+00   4.2381534626e-01   0.0000000000e+00   0.0000000000e+00   4.4193379355e-01
   9.8683797298e+02   1.3366633199e-01   0.0000000000e+00   4.2632405405e-01   0.0000000000e+00   0.0000000000e+00   4.4000961396e-01
   9.8683797298e+02   1.3366633199e-01   0.0000000000e+00   4.2632405405e-01   0.0000000000e+00   0.0000000000e+00   4.4000961396e-01
   9.8683797298e+02   1.3366633199e-01   0.0000000000e+00   4.2632405405e-01   0.0000000000e+00   0.0000000000e+00   4.4000961396e-01
   9.8683797298e+02   1.3366633199e-01   0.0000000000e+00   4.2632405405e-01   0.0000000000e+00   0.0000000000e+00   4.4000961396e-01
   9.3060510488e+02   1.0746184749e-01   0.0000000000e+00   5.3878979024e-01   0.0000000000e+00   0.0000000000e+00   3.5374836227e-01
   9.3060510488e+02   1.0746184749e-01   0.0000000000e+00   5.3878979024e-01   0.0000000000e+00   0.0000000000e+00   3.5374836227e-01
   9.3060510488e+02   1.0746184749e-01   0.0000000000e+00   5.3878979024e-01   0.0000000000e+00   0.0000000000e+00   3.5374836227e-01
   9.3060510488e+02   1.0746184749e-01   0.0000000000e+00   5.3878979024e-01   0.0000000000e+00   0.0000000000e+00   3.5374836227e-01
   9.3482473334e+02   1.0942819195e-01   0.0000000000e+00   5.3035053331e-01   0.0000000000e+00   0.0000000000e+00   3.6022127473e-01
   9.3482473334e+02   1.0942819195e-01   0.0000000000e+00   5.3035053331e-01   0.0000000000e+00   0.0000000000e+00   3.6022127473e-01
   9.3482473334e+02   1.0942819195e-01   0.0000000000e+00   5.3035053331e-01   0.0000000000e+00   0.0000000000e+00   3.6022127473e-01
   9.3482473334e+02   1.0942819195e-01   0.0000000000e+00   5.3035053331e-01   0.0000000000e+00   0.0000000000e+00   3.6022127473e-01
   9.3573742248e+02   1.0985350457e-01   0.0000000000e+00   5.2852515504e-01   0.0000000000e+00   0.0000000000e+00   3.6162134039e-01
   9.3573742248e+02   1.0985350457e-01   0.0000000000e+00   5.2852515504e-01   0.0000000000e+00   0.0000000000e+00   3.6162134039e-01
   9.3573742248e+02   1.0985350457e-01   0.0000000000e+00   5.2852515504e-01   0.0000000000e+00   0.0000000000e+00   3.6162134039e-01
   9.3573742248e+02   1.0985350457e-01   0.0000000000e+00   5.2852515504e-01   0.0000000000e+00   0.0000000000e+00   3.6162134039e-01
   9.3060510488e+02   1.0746184749e-01   0.0000000000e+00   5.3878979024e-01   0.0000000000e+00   0.0000000000e+00   3.5374836227e-01
   9.3060510488e+02   1.0746184749e-01   0.0000000000e+00   5.3878979024e-01   0.0000000000e+00   0.0000000000e+00   3.5374836227e-01
   9.4086974008e+02   1.1224516165e-01   0.0000000000e+00   5.1826051984e-01   0.0000000000e+00   0.0000000000e+00   3.6949431851e-01
   9.4086974008e+02   1.1224516165e-01   0.0000000000e+00   5.1826051984e-01   0.0000000000e+00   0.0000000000e+00   3.6949431851e-01
   9.3060510488e+02   1.0746184749e-01   0.0000000000e+00   5.3878979024e-01   0.0000000000e+00   0.0000000000e+00   3.5374836227e-01
   9.3060510488e+02   1.0746184749e-01   0.0000000000e+00   5.3878979024e-01   0.0000000000e+00   0.0000000000e+00   3.5374836227e-01
   9.3060510488e+02   1.0746184749e-01   0.0000000000e+00   5.3878979024e-01   0.0000000000e+00   0.0000000000e+00   3.5374836227e-01
   9.3060510488e+02   1.0746184749e-01   0.0000000000e+00   5.3878979024e-01   0.0000000000e+00   0.0000000000e+00   3.5374836227e-01
   9.3060510488e+02   1.0746184749e-01   0.0000000000e+00   5.3878979024e-01   0.0000000000e+00   0.0000000000e+00   3.5374836227e-01
   9.3060510488e+02   1.0746184749e-01   0.0000000000e+00   5.3878979024e-01   0.0000000000e+00   0.0000000000e+00   3.5374836227e-01
   9.3060510488e+02   1.0746184749e-01   0.0000000000e+00   5.3878979024e-01   0.0000000000e+00   0.0000000000e+00   3.5374836227e-01
   9.3060510488e+02   1.0746184749e-01   0.0000000000e+00   5.3878979024e-01   0.0000000000e+00   0.0000000000e+00   3.5374836227e-01
   9.4691474682e+02   1.1506213135e-01   0.0000000000e+00   5.0617050636e-01   0.0000000000e+00   0.0000000000e+00   3.7876736230e-01
   9.4691474682e+02   1.1506213135e-01   0.0000000000e+00   5.0617050636e-01   0.0000000000e+00   0.0000000000e+00   3.7876736230e-01
   9.4691474682e+02   1.1506213135e-01   0.0000000000e+00   5.0617050636e-01   0.0000000000e+00   0.0000000000e+00   3.7876736230e-01
   9.4691474682e+02   1.1506213135e-01   0.0000000000e+00   5.0617050636e-01   0.0000000000e+00   0.0000000000e+00   3.7876736230e-01
   9.4086974008e+02   1.1224516165e-01   0.0000000000e+00   5.1826051984e-01   0.0000000000e+00   0.0000000000e+00   3.6949431851e-01
   9.4086974008e+02   1.1224516165e-01   0.0000000000e+00   5.1826051984e-01   0.0000000000e+00   0.0000000000e+00   3.6949431851e-01
   9.4086974008e+02   1.1224516165e-01   0.0000000000e+00   5.1826051984e-01   0.0000000000e+00   0.0000000000e+00   3.6949431851e-01
   9.4086974008e+02   1.1224516165e-01   0.0000000000e+00   5.1826051984e-01   0.0000000000e+00   0.0000000000e+00   3.6949431851e-01
   9.1333174687e+02   9.9412472502e-02   0.0000000000e+00   5.7333650626e-01   0.0000000000e+00   0.0000000000e+00   3.2725102124e-01
   9.1333174687e+02   9.9412472502e-02   0.0000000000e+00   5.7333650626e-01   0.0000000000e+00   0.0000000000e+00   3.2725102124e-01
   9.1333174687e+02   9.9412472502e-02   0.0000000000e+00   5.7333650626e-01   0.0000000000e+00   0.0000000000e+00   3.2725102124e-01
   9.1333174687e+02   9.9412472502e-02   0.0000000000e+00   5.7333650626e-01   0.0000000000e+00   0.0000000000e+00   3.2725102124e-01
   9.1333174687e+02   9.9412472502e-02   0.0000000000e+00   5.7333650626e-01   0.0000000000e+00   0.0000000000e+00   3.2725102124e-01
   9.1333174687e+02   9.9412472502e-02   0.0000000000e+00   5.7333650626e-01   0.0000000000e+00   0.0000000000e+00   3.2725102124e-01
   9.1333174687e+02   9.9412472502e-02   0.0000000000e+00   5.7333650626e-01   0.0000000000e+00   0.0000000000e+00   3.2725102124e-01
   9.1333174687e+02   9.9412472502e-02   0.0000000000e+00   5.7333650626e-01   0.0000000000e+00   0.0000000000e+00   3.2725102124e-01
   9.1333174687e+02   9.9412472502e-02   0.0000000000e+00   5.7333650626e-01   0.0000000000e+00   0.0000000000e+00   3.2725102124e-01
   9.1333174687e+02   9.9412472502e-02   0.0000000000e+00   5.7333650626e-01   0.0000000000e+00   0.0000000000e+00   3.2725102124e-01
   9.1333174687e+02   9.9412472502e-02   0.0000000000e+00   5.7333650626e-01   0.0000000000e+00   0.0000000000e+00   3.2725102124e-01
   9.1333174687e+02   9.9412472502e-02   0.0000000000e+00   5.7333650626e-01   0.0000000000e+00   0.0000000000e+00   3.2725102124e-01
   9.1333174687e+02   9.9412472502e-02   0.0000000000e+00   5.7333650626e-01   0.0000000000e+00   0.0000000000e+00   3.2725102124e-01
   9.1333174687e+02   9.9412472502e-02   0.0000000000e+00   5.7333650626e-01   0.0000000000e+00   0.0000000000e+00   3.2725102124e-01
   9.1333174687e+02   9.9412472502e-02   0.0000000000e+00   5.7333650626e-01   0.0000000000e+00   0.0000000000e+00   3.2725102124e-01
   9.1333174687e+02   9.9412472502e-02   0.0000000000e+00   5.7333650626e-01   0.0000000000e+00   0.0000000000e+00   3.2725102124e-01
   9.3813846428e+02   1.1097238868e-01   0.0000000000e+00   5.2372307144e-01   0.0000000000e+00   0.0000000000e+00   3.6530453988e-01
   9.3813846428e+02   1.1097238868e-01   0.0000000000e+00   5.2372307144e-01   0.0000000000e+00   0.0000000000e+00   3.6530453988e-01
   9.3813846428e+02   1.1097238868e-01   0.0000000000e+00   5.2372307144e-01   0.0000000000e+00   0.0000000000e+00   3.6530453988e-01
   9.3813846428e+02   1.1097238868e-01   0.0000000000e+00   5.2372307144e-01   0.0000000000e+00   0.0000000000e+00   3.6530453988e-01
   9.3813846428e+02   1.1097238868e-01   0.0000000000e+00   5.2372307144e-01   0.0000000000e+00   0.0000000000e+00   3.6530453988e-01
   9.3813846428e+02   1.1097238868e-01   0.0000000000e+00   5.2372307144e-01   0.0000000000e+00   0.0000000000e+00   3.6530453988e-01
   9.3813846428e+02   1.1097238868e-01   0.0000000000e+00   5.2372307144e-01   0.0000000000e+00   0.0000000000e+00   3.6530453988e-01
   9.3813846428e+02   1.1097238868e-01   0.0000000000e+00   5.2372307144e-01   0.0000000000e+00   0.0000000000e+00   3.6530453988e-01
   9.2738853190e+02   1.0596292632e-01   0.0000000000e+00   5.4522293620e-01   0.0000000000e+00   0.0000000000e+00   3.4881413748e-01
   9.2738853190e+02   1.0596292632e-01   0.0000000000e+00   5.4522293620e-01   0.0000000000e+00   0.0000000000e+00   3.4881413748e-01
   9.2738853190e+02   1.0596292632e-01   0.0000000000e+00   5.4522293620e-01   0.0000000000e+00   0.0000000000e+00   3.4881413748e-01
   9.2738853190e+02   1.0596292632e-01   0.0000000000e+00   5.4522293620e-01   0.0000000000e+00   0.0000000000e+00   3.4881413748e-01
   9.2441110853e+02   1.0457544872e-01   0.0000000000e+00   5.5117778294e-01   0.0000000000e+00   0.0000000000e+00   3.4424676834e-01
   9.2441110853e+02   1.0457544872e-01   0.0000000000e+00   5.5117778294e-01   0.0000000000e+00   0.0000000000e+00   3.4424676834e-01
   9.2441110853e+02   1.0457544872e-01   0.0000000000e+00   5.5117778294e-01   0.0000000000e+00   0.0000000000e+00   3.4424676834e-01
   9.2441110853e+02   1.0457544872e-01   0.0000000000e+00   5.5117778294e-01   0.0000000000e+00   0.0000000000e+00   3.4424676834e-01
   9.1707012212e+02   1.0115455324e-01   0.0000000000e+00   5.6585975576e-01   0.0000000000e+00   0.0000000000e+00   3.3298569100e-01
   9.1707012212e+02   1.0115455324e-01   0.0000000000e+00   5.6585975576e-01   0.0000000000e+00   0.0000000000e+00   3.3298569100e-01
   9.1707012212e+02   1.0115455324e-01   0.0000000000e+00   5.6585975576e-01   0.0000000000e+00   0.0000000000e+00   3.3298569100e-01
   9.1707012212e+02   1.0115455324e-01   0.0000000000e+00   5.6585975576e-01   0.0000000000e+00   0.0000000000e+00   3.3298569100e-01
   9.1555467413e+02   1.0044835534e-01   0.0000000000e+00   5.6889065175e-01   0.0000000000e+00   0.0000000000e+00   3.3066099292e-01
   9.1555467413e+02   1.0044835534e-01   0.0000000000e+00   5.6889065175e-01   0.0000000000e+00   0.0000000000e+00   3.3066099292e-01
   9.1555467413e+02   1.0044835534e-01   0.0000000000e+00   5.6889065175e-01   0.0000000000e+00   0.0000000000e+00   3.3066099292e-01
   9.1555467413e+02   1.0044835534e-01   0.0000000000e+00   5.6889065175e-01   0.0000000000e+00   0.0000000000e+00   3.3066099292e-01
   9.1707012212e+02   1.0115455324e-01   0.0000000000e+00   5.6585975576e-01   0.0000000000e+00   0.0000000000e+00   3.3298569100e-01
   9.1707012212e+02   1.0115455324e-01   0.0000000000e+00   5.6585975576e-01   0.0000000000e+00   0.0000000000e+00   3.3298569100e-01
   9.1707012212e+02   1.0115455324e-01   0.0000000000e+00   5.6585975576e-01   0.0000000000e+00   0.0000000000e+00   3.3298569100e-01
   9.1707012212e+02   1.0115455324e-01   0.0000000000e+00   5.6585975576e-01   0.0000000000e+00   0.0000000000e+00   3.3298569100e-01
   9.1656497279e+02   1.0091915394e-01   0.0000000000e+00   5.6687005442e-01   0.0000000000e+00   0.0000000000e+00   3.3221079164e-01
   9.1656497279e+02   1.0091915394e-01   0.0000000000e+00   5.6687005442e-01   0.0000000000e+00   0.0000000000e+00   3.3221079164e-01
   9.1656497279e+02   1.0091915394e-01   0.0000000000e+00   5.6687005442e-01   0.0000000000e+00   0.0000000000e+00   3.3221079164e-01
   9.1656497279e+02   1.0091915394e-01   0.0000000000e+00   5.6687005442e-01   0.0000000000e+00   0.0000000000e+00   3.3221079164e-01
   9.5881204703e+02   1.2060626647e-01   0.0000000000e+00   4.8237590594e-01   0.0000000000e+00   0.0000000000e+00   3.9701782760e-01
   9.5881204703e+02   1.2060626647e-01   0.0000000000e+00   4.8237590594e-01   0.0000000000e+00   0.0000000000e+00   3.9701782760e-01
   9.5881204703e+02   1.2060626647e-01   0.0000000000e+00   4.8237590594e-01   0.0000000000e+00   0.0000000000e+00   3.9701782760e-01
   9.5881204703e+02   1.2060626647e-01   0.0000000000e+00   4.8237590594e-01   0.0000000000e+00   0.0000000000e+00   3.9701782760e-01
   9.5881204703e+02   1.2060626647e-01   0.0000000000e+00   4.8237590594e-01   0.0000000000e+00   0.0000000000e+00   3.9701782760e-01
   9.5881204703e+02   1.2060626647e-01   0.0000000000e+00   4.8237590594e-01   0.0000000000e+00   0.0000000000e+00   3.9701782760e-01
   9.5881204703e+02   1.2060626647e-01   0.0000000000e+00   4.8237590594e-01   0.0000000000e+00   0.0000000000e+00   3.9701782760e-01
   9.5881204703e+02   1.2060626647e-01   0.0000000000e+00   4.8237590594e-01   0.0000000000e+00   0.0000000000e+00   3.9701782760e-01
   9.5267994882e+02   1.1774871220e-01   0.0000000000e+00   4.9464010235e-01   0.0000000000e+00   0.0000000000e+00   3.8761118545e-01
   9.5267994882e+02   1.1774871220e-01   0.0000000000e+00   4.9464010235e-01   0.0000000000e+00   0.0000000000e+00   3.8761118545e-01
   9.5267994882e+02   1.1774871220e-01   0.0000000000e+00   4.9464010235e-01   0.0000000000e+00   0.0000000000e+00   3.8761118545e-01
   9.5267994882e+02   1.1774871220e-01   0.0000000000e+00   4.9464010235e-01   0.0000000000e+00   0.0000000000e+00   3.8761118545e-01
   9.5267994882e+02   1.1774871220e-01   0.0000000000e+00   4.9464010235e-01   0.0000000000e+00   0.0000000000e+00   3.8761118545e-01
   9.5267994882e+02   1.1774871220e-01   0.0000000000e+00   4.9464010235e-01   0.0000000000e+00   0.0000000000e+00   3.8761118545e-01
   9.5267994882e+02   1.1774871220e-01   0.0000000000e+00   4.9464010235e-01   0.0000000000e+00   0.0000000000e+00   3.8761118545e-01
   9.5267994882e+02   1.1774871220e-01   0.0000000000e+00   4.9464010235e-01   0.0000000000e+00   0.0000000000e+00   3.8761118545e-01
   9.0848258349e+02   9.7152765128e-02   0.0000000000e+00   5.8303483303e-01   0.0000000000e+00   0.0000000000e+00   3.1981240184e-01
   9.0848258349e+02   9.7152765128e-02   0.0000000000e+00   5.8303483303e-01   0.0000000000e+00   0.0000000000e+00   3.1981240184e-01
   9.0848258349e+02   9.7152765128e-02   0.0000000000e+00   5.8303483303e-01   0.0000000000e+00   0.0000000000e+00   3.1981240184e-01
   9.0848258349e+02   9.7152765128e-02   0.0000000000e+00   5.8303483303e-01   0.0000000000e+00   0.0000000000e+00   3.1981240184e-01
   9.0848258349e+02   9.7152765128e-02   0.0000000000e+00   5.8303483303e-01   0.0000000000e+00   0.0000000000e+00   3.1981240184e-01
   9.0848258349e+02   9.7152765128e-02   0.0000000000e+00   5.8303483303e-01   0.0000000000e+00   0.0000000000e+00   3.1981240184e-01
   9.0848258349e+02   9.7152765128e-02   0.0000000000e+00   5.8303483303e-01   0.0000000000e+00   0.0000000000e+00   3.1981240184e-01
   9.0848258349e+02   9.7152765128e-02   0.0000000000e+00   5.8303483303e-01   0.0000000000e+00   0.0000000000e+00   3.1981240184e-01
   9.2683100746e+02   1.0570312025e-01   0.0000000000e+00   5.4633798508e-01   0.0000000000e+00   0.0000000000e+00   3.4795889467e-01
   9.2683100746e+02   1.0570312025e-01   0.0000000000e+00   5.4633798508e-01   0.0000000000e+00   0.0000000000e+00   3.4795889467e-01
   9.2683100746e+02   1.0570312025e-01   0.0000000000e+00   5.4633798508e-01   0.0000000000e+00   0.0000000000e+00   3.4795889467e-01
   9.2683100746e+02   1.0570312025e-01   0.0000000000e+00   5.4633798508e-01   0.0000000000e+00   0.0000000000e+00   3.4795889467e-01
   9.2683100746e+02   1.0570312025e-01   0.0000000000e+00   5.4633798508e-01   0.0000000000e+00   0.0000000000e+00   3.4795889467e-01
   9.2683100746e+02   1.0570312025e-01   0.0000000000e+00   5.4633798508e-01   0.0000000000e+00   0.0000000000e+00   3.4795889467e-01
   9.2683100746e+02   1.0570312025e-01   0.0000000000e+00   5.4633798508e-01   0.0000000000e+00   0.0000000000e+00   3.4795889467e-01
   9.2683100746e+02   1.0570312025e-01   0.0000000000e+00   5.4633798508e-01   0.0000000000e+00   0.0000000000e+00   3.4795889467e-01
   9.5662031321e+02   1.1958491976e-01   0.0000000000e+00   4.8675937358e-01   0.0000000000e+00   0.0000000000e+00   3.9365570667e-01
   9.5662031321e+02   1.1958491976e-01   0.0000000000e+00   4.8675937358e-01   0.0000000000e+00   0.0000000000e+00   3.9365570667e-01
   9.5662031321e+02   1.1958491976e-01   0.0000000000e+00   4.8675937358e-01   0.0000000000e+00   0.0000000000e+00   3.9365570667e-01
   9.5662031321e+02   1.1958491976e-01   0.0000000000e+00   4.8675937358e-01   0.0000000000e+00   0.0000000000e+00   3.9365570667e-01
   9.5590017727e+02   1.1924933682e-01   0.0000000000e+00   4.8819964546e-01   0.0000000000e+00   0.0000000000e+00   3.9255101772e-01
   9.5590017727e+02   1.1924933682e-01   0.0000000000e+00   4.8819964546e-01   0.0000000000e+00   0.0000000000e+00   3.9255101772e-01
   9.5590017727e+02   1.1924933682e-01   0.0000000000e+00   4.8819964546e-01   0.0000000000e+00   0.0000000000e+00   3.9255101772e-01
   9.5590017727e+02   1.1924933682e-01   0.0000000000e+00   4.8819964546e-01   0.0000000000e+00   0.0000000000e+00   3.9255101772e-01
   9.5662031321e+02   1.1958491976e-01   0.0000000000e+00   4.8675937358e-01   0.0000000000e+00   0.0000000000e+00   3.9365570667e-01
   9.5662031321e+02   1.1958491976e-01   0.0000000000e+00   4.8675937358e-01   0.0000000000e+00   0.0000000000e+00   3.9365570667e-01
   9.5662031321e+02   1.1958491976e-01   0.0000000000e+00   4.8675937358e-01   0.0000000000e+00   0.0000000000e+00   3.9365570667e-01
   9.5662031321e+02   1.1958491976e-01   0.0000000000e+00   4.8675937358e-01   0.0000000000e+00   0.0000000000e+00   3.9365570667e-01
   9.5590017727e+02   1.1924933682e-01   0.0000000000e+00   4.8819964546e-01   0.0000000000e+00   0.0000000000e+00   3.9255101772e-01
   9.5590017727e+02   1.1924933682e-01   0.0000000000e+00   4.8819964546e-01   0.0000000000e+00   0.0000000000e+00   3.9255101772e-01
   9.5590017727e+02   1.1924933682e-01   0.0000000000e+00   4.8819964546e-01   0.0000000000e+00   0.0000000000e+00   3.9255101772e-01
   9.5590017727e+02   1.1924933682e-01   0.0000000000e+00   4.8819964546e-01   0.0000000000e+00   0.0000000000e+00   3.9255101772e-01
   9.3888359993e+02   1.1131962147e-01   0.0000000000e+00   5.2223280014e-01   0.0000000000e+00   0.0000000000e+00   3.6644757839e-01
   9.3888359993e+02   1.1131962147e-01   0.0000000000e+00   5.2223280014e-01   0.0000000000e+00   0.0000000000e+00   3.6644757839e-01
   9.3888359993e+02   1.1131962147e-01   0.0000000000e+00   5.2223280014e-01   0.0000000000e+00   0.0000000000e+00   3.6644757839e-01
   9.3888359993e+02   1.1131962147e-01   0.0000000000e+00   5.2223280014e-01   0.0000000000e+00   0.0000000000e+00   3.6644757839e-01
   9.3888359993e+02   1.1131962147e-01   0.0000000000e+00   5.2223280014e-01   0.0000000000e+00   0.0000000000e+00   3.6644757839e-01
   9.3888359993e+02   1.1131962147e-01   0.0000000000e+00   5.2223280014e-01   0.0000000000e+00   0.0000000000e+00   3.6644757839e-01
   9.3888359993e+02   1.1131962147e-01   0.0000000000e+00   5.2223280014e-01   0.0000000000e+00   0.0000000000e+00   3.6644757839e-01
   9.3888359993e+02   1.1131962147e-01   0.0000000000e+00   5.2223280014e-01   0.0000000000e+00   0.0000000000e+00   3.6644757839e-01
   9.2683100746e+02   1.0570312025e-01   0.0000000000e+00   5.4633798508e-01   0.0000000000e+00   0.0000000000e+00   3.4795889467e-01
   9.2683100746e+02   1.0570312025e-01   0.0000000000e+00   5.4633798508e-01   0.0000000000e+00   0.0000000000e+00   3.4795889467e-01
   9.2683100746e+02   1.0570312025e-01   0.0000000000e+00   5.4633798508e-01   0.0000000000e+00   0.0000000000e+00   3.4795889467e-01
   9.2683100746e+02   1.0570312025e-01   0.0000000000e+00   5.4633798508e-01   0.0000000000e+00   0.0000000000e+00   3.4795889467e-01
   9.2683100746e+02   1.0570312025e-01   0.0000000000e+00   5.4633798508e-01   0.0000000000e+00   0.0000000000e+00   3.4795889467e-01
   9.2683100746e+02   1.0570312025e-01   0.0000000000e+00   5.4633798508e-01   0.0000000000e+00   0.0000000000e+00   3.4795889467e-01
   9.2683100746e+02   1.0570312025e-01   0.0000000000e+00   5.4633798508e-01   0.0000000000e+00   0.0000000000e+00   3.4795889467e-01
   9.2683100746e+02   1.0570312025e-01   0.0000000000e+00   5.4633798508e-01   0.0000000000e+00   0.0000000000e+00   3.4795889467e-01
   9.4981602807e+02   1.1641412675e-01   0.0000000000e+00   5.0036794386e-01   0.0000000000e+00   0.0000000000e+00   3.8321792938e-01
   9.4981602807e+02   1.1641412675e-01   0.0000000000e+00   5.0036794386e-01   0.0000000000e+00   0.0000000000e+00   3.8321792938e-01
   9.4981602807e+02   1.1641412675e-01   0.0000000000e+00   5.0036794386e-01   0.0000000000e+00   0.0000000000e+00   3.8321792938e-01
   9.4981602807e+02   1.1641412675e-01   0.0000000000e+00   5.0036794386e-01   0.0000000000e+00   0.0000000000e+00   3.8321792938e-01
   9.4981602807e+02   1.1641412675e-01   0.0000000000e+00   5.0036794386e-01   0.0000000000e+00   0.0000000000e+00   3.8321792938e-01
   9.4981602807e+02   1.1641412675e-01   0.0000000000e+00   5.0036794386e-01   0.0000000000e+00   0.0000000000e+00   3.8321792938e-01
   9.4981602807e+02   1.1641412675e-01   0.0000000000e+00   5.0036794386e-01   0.0000000000e+00   0.0000000000e+00   3.8321792938e-01
   9.4981602807e+02   1.1641412675e-01   0.0000000000e+00   5.0036794386e-01   0.0000000000e+00   0.0000000000e+00   3.8321792938e-01
   9.4981602807e+02   1.1641412675e-01   0.0000000000e+00   5.0036794386e-01   0.0000000000e+00   0.0000000000e+00   3.8321792938e-01
   9.4981602807e+02   1.1641412675e-01   0.0000000000e+00   5.0036794386e-01   0.0000000000e+00   0.0000000000e+00   3.8321792938e-01
   9.4981602807e+02   1.1641412675e-01   0.0000000000e+00   5.0036794386e-01   0.0000000000e+00   0.0000000000e+00   3.8321792938e-01
   9.4981602807e+02   1.1641412675e-01   0.0000000000e+00   5.0036794386e-01   0.0000000000e+00   0.0000000000e+00   3.8321792938e-01
   9.4981602807e+02   1.1641412675e-01   0.0000000000e+00   5.0036794386e-01   0.0000000000e+00   0.0000000000e+00   3.8321792938e-01
   9.4981602807e+02   1.1641412675e-01   0.0000000000e+00   5.0036794386e-01   0.0000000000e+00   0.0000000000e+00   3.8321792938e-01
   9.4981602807e+02   1.1641412675e-01   0.0000000000e+00   5.0036794386e-01   0.0000000000e+00   0.0000000000e+00   3.8321792938e-01
   9.4981602807e+02   1.1641412675e-01   0.0000000000e+00   5.0036794386e-01   0.0000000000e+00   0.0000000000e+00   3.8321792938e-01
   9.2464736209e+02   1.0468554275e-01   0.0000000000e+00   5.5070527581e-01   0.0000000000e+00   0.0000000000e+00   3.4460918144e-01
   9.2464736209e+02   1.0468554275e-01   0.0000000000e+00   5.5070527581e-01   0.0000000000e+00   0.0000000000e+00   3.4460918144e-01
   9.2464736209e+02   1.0468554275e-01   0.0000000000e+00   5.5070527581e-01   0.0000000000e+00   0.0000000000e+00   3.4460918144e-01
   9.2464736209e+02   1.0468554275e-01   0.0000000000e+00   5.5070527581e-01   0.0000000000e+00   0.0000000000e+00   3.4460918144e-01
   9.4886529588e+02   1.1597108609e-01   0.0000000000e+00   5.0226940825e-01   0.0000000000e+00   0.0000000000e+00   3.8175950566e-01
   9.4886529588e+02   1.1597108609e-01   0.0000000000e+00   5.0226940825e-01   0.0000000000e+00   0.0000000000e+00   3.8175950566e-01
   9.4886529588e+02   1.1597108609e-01   0.0000000000e+00   5.0226940825e-01   0.0000000000e+00   0.0000000000e+00   3.8175950566e-01
   9.4886529588e+02   1.1597108609e-01   0.0000000000e+00   5.0226940825e-01   0.0000000000e+00   0.0000000000e+00   3.8175950566e-01
   9.4886529588e+02   1.1597108609e-01   0.0000000000e+00   5.0226940825e-01   0.0000000000e+00   0.0000000000e+00   3.8175950566e-01
   9.4886529588e+02   1.1597108609e-01   0.0000000000e+00   5.0226940825e-01   0.0000000000e+00   0.0000000000e+00   3.8175950566e-01
   9.4886529588e+02   1.1597108609e-01   0.0000000000e+00   5.0226940825e-01   0.0000000000e+00   0.0000000000e+00   3.8175950566e-01
   9.4886529588e+02   1.1597108609e-01   0.0000000000e+00   5.0226940825e-01   0.0000000000e+00   0.0000000000e+00   3.8175950566e-01
   9.2464736209e+02   1.0468554275e-01   0.0000000000e+00   5.5070527581e-01   0.0000000000e+00   0.0000000000e+00   3.4460918144e-01
   9.2464736209e+02   1.0468554275e-01   0.0000000000e+00   5.5070527581e-01   0.0000000000e+00   0.0000000000e+00   3.4460918144e-01
   9.2464736209e+02   1.0468554275e-01   0.0000000000e+00   5.5070527581e-01   0.0000000000e+00   0.0000000000e+00   3.4460918144e-01
   9.2464736209e+02   1.0468554275e-01   0.0000000000e+00   5.5070527581e-01   0.0000000000e+00   0.0000000000e+00   3.4460918144e-01
   9.6029729612e+02   1.2129839170e-01   0.0000000000e+00   4.7940540775e-01   0.0000000000e+00   0.0000000000e+00   3.9929620055e-01
   9.6029729612e+02   1.2129839170e-01   0.0000000000e+00   4.7940540775e-01   0.0000000000e+00   0.0000000000e+00   3.9929620055e-01
   9.6029729612e+02   1.2129839170e-01   0.0000000000e+00   4.7940540775e-01   0.0000000000e+00   0.0000000000e+00   3.9929620055e-01
   9.6029729612e+02   1.2129839170e-01   0.0000000000e+00   4.7940540775e-01   0.0000000000e+00   0.0000000000e+00   3.9929620055e-01
   9.5783260128e+02   1.2014984530e-01   0.0000000000e+00   4.8433479744e-01   0.0000000000e+00   0.0000000000e+00   3.9551535726e-01
   9.5783260128e+02   1.2014984530e-01   0.0000000000e+00   4.8433479744e-01   0.0000000000e+00   0.0000000000e+00   3.9551535726e-01
   9.5783260128e+02   1.2014984530e-01   0.0000000000e+00   4.8433479744e-01   0.0000000000e+00   0.0000000000e+00   3.9551535726e-01
   9.5783260128e+02   1.2014984530e-01   0.0000000000e+00   4.8433479744e-01   0.0000000000e+00   0.0000000000e+00   3.9551535726e-01
   9.5972908849e+02   1.2103360726e-01   0.0000000000e+00   4.8054182302e-01   0.0000000000e+00   0.0000000000e+00   3.9842456972e-01
   9.5972908849e+02   1.2103360726e-01   0.0000000000e+00   4.8054182302e-01   0.0000000000e+00   0.0000000000e+00   3.9842456972e-01
   9.5688805031e+02   1.1970968509e-01   0.0000000000e+00   4.8622389937e-01   0.0000000000e+00   0.0000000000e+00   3.9406641553e-01
   9.5688805031e+02   1.1970968509e-01   0.0000000000e+00   4.8622389937e-01   0.0000000000e+00   0.0000000000e+00   3.9406641553e-01
   9.6068102473e+02   1.2147720901e-01   0.0000000000e+00   4.7863795054e-01   0.0000000000e+00   0.0000000000e+00   3.9988484045e-01
   9.6068102473e+02   1.2147720901e-01   0.0000000000e+00   4.7863795054e-01   0.0000000000e+00   0.0000000000e+00   3.9988484045e-01
   9.5972908849e+02   1.2103360726e-01   0.0000000000e+00   4.8054182302e-01   0.0000000000e+00   0.0000000000e+00   3.9842456972e-01
   9.5972908849e+02   1.2103360726e-01   0.0000000000e+00   4.8054182302e-01   0.0000000000e+00   0.0000000000e+00   3.9842456972e-01