# time = 45.787
# Grid Poins = 256    variable_0    variable_1    variable_2    variable_3    variable_4    variable_5    variable_6
   9.4990620756e+02   1.1645615035e-01   0.0000000000e+00   5.0018758489e-01   0.0000000000e+00   0.0000000000e+00   3.8335626477e-01
   9.4990620756e+02   1.1645615035e-01   0.0000000000e+00   5.0018758489e-01   0.0000000000e+00   0.0000000000e+00   3.8335626477e-01
   9.4975889312e+02   1.1638750190e-01   0.0000000000e+00   5.0048221376e-01   0.0000000000e+00   0.0000000000e+00   3.8313028434e-01
   9.4975889312e+02   1.1638750190e-01   0.0000000000e+00   5.0048221376e-01   0.0000000000e+00   0.0000000000e+00   3.8313028434e-01
   9.4990620756e+02   1.1645615035e-01   0.0000000000e+00   5.0018758489e-01   0.0000000000e+00   0.0000000000e+00   3.8335626477e-01
   9.4990620756e+02   1.1645615035e-01   0.0000000000e+00   5.0018758489e-01   0.0000000000e+00   0.0000000000e+00   3.8335626477e-01
   9.4975889312e+02   1.1638750190e-01   0.0000000000e+00   5.0048221376e-01   0.0000000000e+00   0.0000000000e+00   3.8313028434e-01
   9.4975889312e+02   1.1638750190e-01   0.0000000000e+00   5.0048221376e-01   0.0000000000e+00   0.0000000000e+00   3.8313028434e-01
   9.4979049948e+02   1.1640223045e-01   0.0000000000e+00   5.0041900104e-01   0.0000000000e+00   0.0000000000e+00   3.8317876852e-01
   9.4979049948e+02   1.1640223045e-01   0.0000000000e+00   5.0041900104e-01   0.0000000000e+00   0.0000000000e+00   3.8317876852e-01
   9.4979049948e+02   1.1640223045e-01   0.0000000000e+00   5.0041900104e-01   0.0000000000e+00   0.0000000000e+00   3.8317876852e-01
   9.4979049948e+02   1.1640223045e-01   0.0000000000e+00   5.0041900104e-01   0.0000000000e+00   0.0000000000e+00   3.8317876852e-01
   9.4990620756e+02   1.1645615035e-01   0.0000000000e+00   5.0018758489e-01   0.0000000000e+00   0.0000000000e+00   3.8335626477e-01
   9.4990620756e+02   1.1645615035e-01   0.0000000000e+00   5.0018758489e-01   0.0000000000e+00   0.0000000000e+00   3.8335626477e-01
   9.4990620756e+02   1.1645615035e-01   0.0000000000e+00   5.0018758489e-01   0.0000000000e+00   0.0000000000e+00   3.8335626477e-01
   9.4990620756e+02   1.1645615035e-01   0.0000000000e+00   5.0018758489e-01   0.0000000000e+00   0.0000000000e+00   3.8335626477e-01
   9.4997086319e+02   1.1648627983e-01   0.0000000000e+00   5.0005827362e-01   0.0000000000e+00   0.0000000000e+00   3.8345544655e-01
   9.4997086319e+02   1.1648627983e-01   0.0000000000e+00   5.0005827362e-01   0.0000000000e+00   0.0000000000e+00   3.8345544655e-01
   9.4997086319e+02   1.1648627983e-01   0.0000000000e+00   5.0005827362e-01   0.0000000000e+00   0.0000000000e+00   3.8345544655e-01
   9.4997086319e+02   1.1648627983e-01   0.0000000000e+00   5.0005827362e-01   0.0000000000e+00   0.0000000000e+00   3.8345544655e-01
   9.4984155192e+02   1.1642602086e-01   0.0000000000e+00   5.0031689615e-01   0.0000000000e+00   0.0000000000e+00   3.8325708299e-01
   9.4984155192e+02   1.1642602086e-01   0.0000000000e+00   5.0031689615e-01   0.0000000000e+00   0.0000000000e+00   3.8325708299e-01
   9.4979049948e+02   1.1640223045e-01   0.0000000000e+00   5.0041900104e-01   0.0000000000e+00   0.0000000000e+00   3.8317876852e-01
   9.4979049948e+02   1.1640223045e-01   0.0000000000e+00   5.0041900104e-01   0.0000000000e+00   0.0000000000e+00   3.8317876852e-01
   9.4982210584e+02   1.1641695899e-01   0.0000000000e+00   5.0035578831e-01   0.0000000000e+00   0.0000000000e+00   3.8322725269e-01
   9.4982210584e+02   1.1641695899e-01   0.0000000000e+00   5.0035578831e-01   0.0000000000e+00   0.0000000000e+00   3.8322725269e-01
   9.4982210584e+02   1.1641695899e-01   0.0000000000e+00   5.0035578831e-01   0.0000000000e+00   0.0000000000e+00   3.8322725269e-01
   9.4982210584e+02   1.1641695899e-01   0.0000000000e+00   5.0035578831e-01   0.0000000000e+00   0.0000000000e+00   3.8322725269e-01
   9.4981602570e+02   1.1641412565e-01   0.0000000000e+00   5.0036794859e-01   0.0000000000e+00   0.0000000000e+00   3.8321792575e-01
   9.4981602570e+02   1.1641412565e-01   0.0000000000e+00   5.0036794859e-01   0.0000000000e+00   0.0000000000e+00   3.8321792575e-01
   9.4981602570e+02   1.1641412565e-01   0.0000000000e+00   5.0036794859e-01   0.0000000000e+00   0.0000000000e+00   3.8321792575e-01
   9.4981602570e+02   1.1641412565e-01   0.0000000000e+00   5.0036794859e-01   0.0000000000e+00   0.0000000000e+00   3.8321792575e-01
   9.4965474241e+02   1.1633896773e-01   0.0000000000e+00   5.0069051519e-01   0.0000000000e+00   0.0000000000e+00   3.8297051709e-01
   9.4965474241e+02   1.1633896773e-01   0.0000000000e+00   5.0069051519e-01   0.0000000000e+00   0.0000000000e+00   3.8297051709e-01
   9.4965474241e+02   1.1633896773e-01   0.0000000000e+00   5.0069051519e-01   0.0000000000e+00   0.0000000000e+00   3.8297051709e-01
   9.4965474241e+02   1.1633896773e-01   0.0000000000e+00   5.0069051519e-01   0.0000000000e+00   0.0000000000e+00   3.8297051709e-01
   9.5010099334e+02   1.1654692041e-01   0.0000000000e+00   4.9979801333e-01   0.0000000000e+00   0.0000000000e+00   3.8365506627e-01
   9.5010099334e+02   1.1654692041e-01   0.0000000000e+00   4.9979801333e-01   0.0000000000e+00   0.0000000000e+00   3.8365506627e-01
   9.5010099334e+02   1.1654692041e-01   0.0000000000e+00   4.9979801333e-01   0.0000000000e+00   0.0000000000e+00   3.8365506627e-01
   9.5010099334e+02   1.1654692041e-01   0.0000000000e+00   4.9979801333e-01   0.0000000000e+00   0.0000000000e+00   3.8365506627e-01
   9.4987786787e+02   1.1644294407e-01   0.0000000000e+00   5.0024426426e-01   0.0000000000e+00   0.0000000000e+00   3.8331279168e-01
   9.4987786787e+02   1.1644294407e-01   0.0000000000e+00   5.0024426426e-01   0.0000000000e+00   0.0000000000e+00   3.8331279168e-01
   9.4987786787e+02   1.1644294407e-01   0.0000000000e+00   5.0024426426e-01   0.0000000000e+00   0.0000000000e+00   3.8331279168e-01
   9.4987786787e+02   1.1644294407e-01   0.0000000000e+00   5.0024426426e-01   0.0000000000e+00   0.0000000000e+00   3.8331279168e-01
   9.4987786787e+02   1.1644294407e-01   0.0000000000e+00   5.0024426426e-01   0.0000000000e+00   0.0000000000e+00   3.8331279168e-01
   9.4987786787e+02   1.1644294407e-01   0.0000000000e+00   5.0024426426e-01   0.0000000000e+00   0.0000000000e+00   3.8331279168e-01
   9.4987786787e+02   1.1644294407e-01   0.0000000000e+00   5.0024426426e-01   0.0000000000e+00   0.0000000000e+00   3.8331279168e-01
   9.4987786787e+02   1.1644294407e-01   0.0000000000e+00   5.0024426426e-01   0.0000000000e+00   0.0000000000e+00   3.8331279168e-01
   9.5006406319e+02   1.1652971098e-01   0.0000000000e+00   4.9987187363e-01   0.0000000000e+00   0.0000000000e+00   3.8359841539e-01
   9.5006406319e+02   1.1652971098e-01   0.0000000000e+00   4.9987187363e-01   0.0000000000e+00   0.0000000000e+00   3.8359841539e-01
   9.5006406319e+02   1.1652971098e-01   0.0000000000e+00   4.9987187363e-01   0.0000000000e+00   0.0000000000e+00   3.8359841539e-01
   9.5006406319e+02   1.1652971098e-01   0.0000000000e+00   4.9987187363e-01   0.0000000000e+00   0.0000000000e+00   3.8359841539e-01
   9.5011090913e+02   1.1655154116e-01   0.0000000000e+00   4.9977818175e-01   0.0000000000e+00   0.0000000000e+00   3.8367027709e-01
   9.5011090913e+02   1.1655154116e-01   0.0000000000e+00   4.9977818175e-01   0.0000000000e+00   0.0000000000e+00   3.8367027709e-01
   9.5011090913e+02   1.1655154116e-01   0.0000000000e+00   4.9977818175e-01   0.0000000000e+00   0.0000000000e+00   3.8367027709e-01
   9.5011090913e+02   1.1655154116e-01   0.0000000000e+00   4.9977818175e-01   0.0000000000e+00   0.0000000000e+00   3.8367027709e-01
   9.5006162353e+02   1.1652857410e-01   0.0000000000e+00   4.9987675295e-01   0.0000000000e+00   0.0000000000e+00   3.8359467296e-01
   9.5006162353e+02   1.1652857410e-01   0.0000000000e+00   4.9987675295e-01   0.0000000000e+00   0.0000000000e+00   3.8359467296e-01
   9.5006162353e+02   1.1652857410e-01   0.0000000000e+00   4.9987675295e-01   0.0000000000e+00   0.0000000000e+00   3.8359467296e-01
   9.5006162353e+02   1.1652857410e-01   0.0000000000e+00   4.9987675295e-01   0.0000000000e+00   0.0000000000e+00   3.8359467296e-01
   9.5008344297e+02   1.1653874195e-01   0.0000000000e+00   4.9983311406e-01   0.0000000000e+00   0.0000000000e+00   3.8362814400e-01
   9.5008344297e+02   1.1653874195e-01   0.0000000000e+00   4.9983311406e-01   0.0000000000e+00   0.0000000000e+00   3.8362814400e-01
   9.5011090913e+02   1.1655154116e-01   0.0000000000e+00   4.9977818175e-01   0.0000000000e+00   0.0000000000e+00   3.8367027709e-01
   9.5011090913e+02   1.1655154116e-01   0.0000000000e+00   4.9977818175e-01   0.0000000000e+00   0.0000000000e+00   3.8367027709e-01
   9.5005597682e+02   1.1652594274e-01   0.0000000000e+00   4.9988804636e-01   0.0000000000e+00   0.0000000000e+00   3.8358601090e-01
   9.5005597682e+02   1.1652594274e-01   0.0000000000e+00   4.9988804636e-01   0.0000000000e+00   0.0000000000e+00   3.8358601090e-01
   9.4965474241e+02   1.1633896773e-01   0.0000000000e+00   5.0069051519e-01   0.0000000000e+00   0.0000000000e+00   3.8297051709e-01
   9.4965474241e+02   1.1633896773e-01   0.0000000000e+00   5.0069051519e-01   0.0000000000e+00   0.0000000000e+00   3.8297051709e-01
   9.4985535961e+02   1.1643245523e-01   0.0000000000e+00   5.0028928078e-01   0.0000000000e+00   0.0000000000e+00   3.8327826399e-01
   9.4985535961e+02   1.1643245523e-01   0.0000000000e+00   5.0028928078e-01   0.0000000000e+00   0.0000000000e+00   3.8327826399e-01
   9.4985535961e+02   1.1643245523e-01   0.0000000000e+00   5.0028928078e-01   0.0000000000e+00   0.0000000000e+00   3.8327826399e-01
   9.4985535961e+02   1.1643245523e-01   0.0000000000e+00   5.0028928078e-01   0.0000000000e+00   0.0000000000e+00   3.8327826399e-01
   9.4965474241e+02   1.1633896773e-01   0.0000000000e+00   5.0069051519e-01   0.0000000000e+00   0.0000000000e+00   3.8297051709e-01
   9.4965474241e+02   1.1633896773e-01   0.0000000000e+00   5.0069051519e-01   0.0000000000e+00   0.0000000000e+00   3.8297051709e-01
   9.5005597682e+02   1.1652594274e-01   0.0000000000e+00   4.9988804636e-01   0.0000000000e+00   0.0000000000e+00   3.8358601090e-01
   9.5005597682e+02   1.1652594274e-01   0.0000000000e+00   4.9988804636e-01   0.0000000000e+00   0.0000000000e+00   3.8358601090e-01
   9.4985535961e+02   1.1643245523e-01   0.0000000000e+00   5.0028928078e-01   0.0000000000e+00   0.0000000000e+00   3.8327826399e-01
   9.4985535961e+02   1.1643245523e-01   0.0000000000e+00   5.0028928078e-01   0.0000000000e+00   0.0000000000e+00   3.8327826399e-01
   9.4985535961e+02   1.1643245523e-01   0.0000000000e+00   5.0028928078e-01   0.0000000000e+00   0.0000000000e+00   3.8327826399e-01
   9.4985535961e+02   1.1643245523e-01   0.0000000000e+00   5.0028928078e-01   0.0000000000e+00   0.0000000000e+00   3.8327826399e-01
   9.4982179474e+02   1.1641681402e-01   0.0000000000e+00   5.0035641052e-01   0.0000000000e+00   0.0000000000e+00   3.8322677546e-01
   9.4982179474e+02   1.1641681402e-01   0.0000000000e+00   5.0035641052e-01   0.0000000000e+00   0.0000000000e+00   3.8322677546e-01
   9.4982179474e+02   1.1641681402e-01   0.0000000000e+00   5.0035641052e-01   0.0000000000e+00   0.0000000000e+00   3.8322677546e-01
   9.4982179474e+02   1.1641681402e-01   0.0000000000e+00   5.0035641052e-01   0.0000000000e+00   0.0000000000e+00   3.8322677546e-01
   9.4982179474e+02   1.1641681402e-01   0.0000000000e+00   5.0035641052e-01   0.0000000000e+00   0.0000000000e+00   3.8322677546e-01
   9.4982179474e+02   1.1641681402e-01   0.0000000000e+00   5.0035641052e-01   0.0000000000e+00   0.0000000000e+00   3.8322677546e-01
   9.4982179474e+02   1.1641681402e-01   0.0000000000e+00   5.0035641052e-01   0.0000000000e+00   0.0000000000e+00   3.8322677546e-01
   9.4982179474e+02   1.1641681402e-01   0.0000000000e+00   5.0035641052e-01   0.0000000000e+00   0.0000000000e+00   3.8322677546e-01
   9.4985341390e+02   1.1643154853e-01   0.0000000000e+00   5.0029317221e-01   0.0000000000e+00   0.0000000000e+00   3.8327527926e-01
   9.4985341390e+02   1.1643154853e-01   0.0000000000e+00   5.0029317221e-01   0.0000000000e+00   0.0000000000e+00   3.8327527926e-01
   9.4981547091e+02   1.1641386712e-01   0.0000000000e+00   5.0036905819e-01   0.0000000000e+00   0.0000000000e+00   3.8321707469e-01
   9.4981547091e+02   1.1641386712e-01   0.0000000000e+00   5.0036905819e-01   0.0000000000e+00   0.0000000000e+00   3.8321707469e-01
   9.4985341390e+02   1.1643154853e-01   0.0000000000e+00   5.0029317221e-01   0.0000000000e+00   0.0000000000e+00   3.8327527926e-01
   9.4985341390e+02   1.1643154853e-01   0.0000000000e+00   5.0029317221e-01   0.0000000000e+00   0.0000000000e+00   3.8327527926e-01
   9.4981547091e+02   1.1641386712e-01   0.0000000000e+00   5.0036905819e-01   0.0000000000e+00   0.0000000000e+00   3.8321707469e-01
   9.4981547091e+02   1.1641386712e-01   0.0000000000e+00   5.0036905819e-01   0.0000000000e+00   0.0000000000e+00   3.8321707469e-01
   9.5004561360e+02   1.1652111348e-01   0.0000000000e+00   4.9990877279e-01   0.0000000000e+00   0.0000000000e+00   3.8357011372e-01
   9.5004561360e+02   1.1652111348e-01   0.0000000000e+00   4.9990877279e-01   0.0000000000e+00   0.0000000000e+00   3.8357011372e-01
   9.5004561360e+02   1.1652111348e-01   0.0000000000e+00   4.9990877279e-01   0.0000000000e+00   0.0000000000e+00   3.8357011372e-01
   9.5004561360e+02   1.1652111348e-01   0.0000000000e+00   4.9990877279e-01   0.0000000000e+00   0.0000000000e+00   3.8357011372e-01
   9.5004561360e+02   1.1652111348e-01   0.0000000000e+00   4.9990877279e-01   0.0000000000e+00   0.0000000000e+00   3.8357011372e-01
   9.5004561360e+02   1.1652111348e-01   0.0000000000e+00   4.9990877279e-01   0.0000000000e+00   0.0000000000e+00   3.8357011372e-01
   9.5004561360e+02   1.1652111348e-01   0.0000000000e+00   4.9990877279e-01   0.0000000000e+00   0.0000000000e+00   3.8357011372e-01
   9.5004561360e+02   1.1652111348e-01   0.0000000000e+00   4.9990877279e-01   0.0000000000e+00   0.0000000000e+00   3.8357011372e-01
   9.5009923289e+02   1.1654610004e-01   0.0000000000e+00   4.9980153421e-01   0.0000000000e+00   0.0000000000e+00   3.8365236574e-01
   9.5009923289e+02   1.1654610004e-01   0.0000000000e+00   4.9980153421e-01   0.0000000000e+00   0.0000000000e+00   3.8365236574e-01
   9.5009923289e+02   1.1654610004e-01   0.0000000000e+00   4.9980153421e-01   0.0000000000e+00   0.0000000000e+00   3.8365236574e-01
   9.5009923289e+02   1.1654610004e-01   0.0000000000e+00   4.9980153421e-01   0.0000000000e+00   0.0000000000e+00   3.8365236574e-01
   9.5009923289e+02   1.1654610004e-01   0.0000000000e+00   4.9980153421e-01   0.0000000000e+00   0.0000000000e+00   3.8365236574e-01
   9.5009923289e+02   1.1654610004e-01   0.0000000000e+00   4.9980153421e-01   0.0000000000e+00   0.0000000000e+00   3.8365236574e-01
   9.5009923289e+02   1.1654610004e-01   0.0000000000e+00   4.9980153421e-01   0.0000000000e+00   0.0000000000e+00   3.8365236574e-01
   9.5009923289e+02   1.1654610004e-01   0.0000000000e+00   4.9980153421e-01   0.0000000000e+00   0.0000000000e+00   3.8365236574e-01
   9.5004006886e+02   1.1651852964e-01   0.0000000000e+00   4.9991986227e-01   0.0000000000e+00   0.0000000000e+00   3.8356160809e-01
   9.5004006886e+02   1.1651852964e-01   0.0000000000e+00   4.9991986227e-01   0.0000000000e+00   0.0000000000e+00   3.8356160809e-01
   9.5004006886e+02   1.1651852964e-01   0.0000000000e+00   4.9991986227e-01   0.0000000000e+00   0.0000000000e+00   3.8356160809e-01
   9.5004006886e+02   1.1651852964e-01   0.0000000000e+00   4.9991986227e-01   0.0000000000e+00   0.0000000000e+00   3.8356160809e-01
   9.4984155192e+02   1.1642602086e-01   0.0000000000e+00   5.0031689615e-01   0.0000000000e+00   0.0000000000e+00   3.8325708299e-01
   9.4984155192e+02   1.1642602086e-01   0.0000000000e+00   5.0031689615e-01   0.0000000000e+00   0.0000000000e+00   3.8325708299e-01
   9.4984155192e+02   1.1642602086e-01   0.0000000000e+00   5.0031689615e-01   0.0000000000e+00   0.0000000000e+00   3.8325708299e-01
   9.4984155192e+02   1.1642602086e-01   0.0000000000e+00   5.0031689615e-01   0.0000000000e+00   0.0000000000e+00   3.8325708299e-01
   9.4984155192e+02   1.1642602086e-01   0.0000000000e+00   5.0031689615e-01   0.0000000000e+00   0.0000000000e+00   3.8325708299e-01
   9.4984155192e+02   1.1642602086e-01   0.0000000000e+00   5.0031689615e-01   0.0000000000e+00   0.0000000000e+00   3.8325708299e-01
   9.4984155192e+02   1.1642602086e-01   0.0000000000e+00   5.0031689615e-01   0.0000000000e+00   0.0000000000e+00   3.8325708299e-01
   9.4984155192e+02   1.1642602086e-01   0.0000000000e+00   5.0031689615e-01   0.0000000000e+00   0.0000000000e+00   3.8325708299e-01
   9.5004006886e+02   1.1651852964e-01   0.0000000000e+00   4.9991986227e-01   0.0000000000e+00   0.0000000000e+00   3.8356160809e-01
   9.5004006886e+02   1.1651852964e-01   0.0000000000e+00   4.9991986227e-01   0.0000000000e+00   0.0000000000e+00   3.8356160809e-01
   9.5004006886e+02   1.1651852964e-01   0.0000000000e+00   4.9991986227e-01   0.0000000000e+00   0.0000000000e+00   3.8356160809e-01
   9.5004006886e+02   1.1651852964e-01   0.0000000000e+00   4.9991986227e-01   0.0000000000e+00   0.0000000000e+00   3.8356160809e-01
   9.4996622569e+02   1.1648411876e-01   0.0000000000e+00   5.0006754863e-01   0.0000000000e+00   0.0000000000e+00   3.8344833262e-01
   9.4996622569e+02   1.1648411876e-01   0.0000000000e+00   5.0006754863e-01   0.0000000000e+00   0.0000000000e+00   3.8344833262e-01
   9.4996622569e+02   1.1648411876e-01   0.0000000000e+00   5.0006754863e-01   0.0000000000e+00   0.0000000000e+00   3.8344833262e-01
   9.4996622569e+02   1.1648411876e-01   0.0000000000e+00   5.0006754863e-01   0.0000000000e+00   0.0000000000e+00   3.8344833262e-01
   9.5005093768e+02   1.1652359450e-01   0.0000000000e+00   4.9989812464e-01   0.0000000000e+00   0.0000000000e+00   3.8357828086e-01
   9.5005093768e+02   1.1652359450e-01   0.0000000000e+00   4.9989812464e-01   0.0000000000e+00   0.0000000000e+00   3.8357828086e-01
   9.5005093768e+02   1.1652359450e-01   0.0000000000e+00   4.9989812464e-01   0.0000000000e+00   0.0000000000e+00   3.8357828086e-01
   9.5005093768e+02   1.1652359450e-01   0.0000000000e+00   4.9989812464e-01   0.0000000000e+00   0.0000000000e+00   3.8357828086e-01
   9.5005093768e+02   1.1652359450e-01   0.0000000000e+00   4.9989812464e-01   0.0000000000e+00   0.0000000000e+00   3.8357828086e-01
   9.5005093768e+02   1.1652359450e-01   0.0000000000e+00   4.9989812464e-01   0.0000000000e+00   0.0000000000e+00   3.8357828086e-01
   9.5005093768e+02   1.1652359450e-01   0.0000000000e+00   4.9989812464e-01   0.0000000000e+00   0.0000000000e+00   3.8357828086e-01
   9.5005093768e+02   1.1652359450e-01   0.0000000000e+00   4.9989812464e-01   0.0000000000e+00   0.0000000000e+00   3.8357828086e-01
   9.4996622569e+02   1.1648411876e-01   0.0000000000e+00   5.0006754863e-01   0.0000000000e+00   0.0000000000e+00   3.8344833262e-01
   9.4996622569e+02   1.1648411876e-01   0.0000000000e+00   5.0006754863e-01   0.0000000000e+00   0.0000000000e+00   3.8344833262e-01
   9.4996622569e+02   1.1648411876e-01   0.0000000000e+00   5.0006754863e-01   0.0000000000e+00   0.0000000000e+00   3.8344833262e-01
   9.4996622569e+02   1.1648411876e-01   0.0000000000e+00   5.0006754863e-01   0.0000000000e+00   0.0000000000e+00   3.8344833262e-01
   9.5009556921e+02   1.1654439277e-01   0.0000000000e+00   4.9980886157e-01   0.0000000000e+00   0.0000000000e+00   3.8364674566e-01
   9.5009556921e+02   1.1654439277e-01   0.0000000000e+00   4.9980886157e-01   0.0000000000e+00   0.0000000000e+00   3.8364674566e-01
   9.5009556921e+02   1.1654439277e-01   0.0000000000e+00   4.9980886157e-01   0.0000000000e+00   0.0000000000e+00   3.8364674566e-01
   9.5009556921e+02   1.1654439277e-01   0.0000000000e+00   4.9980886157e-01   0.0000000000e+00   0.0000000000e+00   3.8364674566e-01
   9.5009556921e+02   1.1654439277e-01   0.0000000000e+00   4.9980886157e-01   0.0000000000e+00   0.0000000000e+00   3.8364674566e-01
   9.5009556921e+02   1.1654439277e-01   0.0000000000e+00   4.9980886157e-01   0.0000000000e+00   0.0000000000e+00   3.8364674566e-01
   9.5009556921e+02   1.1654439277e-01   0.0000000000e+00   4.9980886157e-01   0.0000000000e+00   0.0000000000e+00   3.8364674566e-01
   9.5009556921e+02   1.1654439277e-01   0.0000000000e+00   4.9980886157e-01   0.0000000000e+00   0.0000000000e+00   3.8364674566e-01
   9.5011788498e+02   1.1655479190e-01   0.0000000000e+00   4.9976423003e-01   0.0000000000e+00   0.0000000000e+00   3.8368097806e-01
   9.5011788498e+02   1.1655479190e-01   0.0000000000e+00   4.9976423003e-01   0.0000000000e+00   0.0000000000e+00   3.8368097806e-01
   9.5011788498e+02   1.1655479190e-01   0.0000000000e+00   4.9976423003e-01   0.0000000000e+00   0.0000000000e+00   3.8368097806e-01
   9.5011788498e+02   1.1655479190e-01   0.0000000000e+00   4.9976423003e-01   0.0000000000e+00   0.0000000000e+00   3.8368097806e-01
   9.5007325345e+02   1.1653399363e-01   0.0000000000e+00   4.9985349311e-01   0.0000000000e+00   0.0000000000e+00   3.8361251326e-01
   9.5007325345e+02   1.1653399363e-01   0.0000000000e+00   4.9985349311e-01   0.0000000000e+00   0.0000000000e+00   3.8361251326e-01
   9.5007325345e+02   1.1653399363e-01   0.0000000000e+00   4.9985349311e-01   0.0000000000e+00   0.0000000000e+00   3.8361251326e-01
   9.5007325345e+02   1.1653399363e-01   0.0000000000e+00   4.9985349311e-01   0.0000000000e+00   0.0000000000e+00   3.8361251326e-01
   9.5009815631e+02   1.1654559836e-01   0.0000000000e+00   4.9980368738e-01   0.0000000000e+00   0.0000000000e+00   3.8365071427e-01
   9.5009815631e+02   1.1654559836e-01   0.0000000000e+00   4.9980368738e-01   0.0000000000e+00   0.0000000000e+00   3.8365071427e-01
   9.5009815631e+02   1.1654559836e-01   0.0000000000e+00   4.9980368738e-01   0.0000000000e+00   0.0000000000e+00   3.8365071427e-01
   9.5009815631e+02   1.1654559836e-01   0.0000000000e+00   4.9980368738e-01   0.0000000000e+00   0.0000000000e+00   3.8365071427e-01
   9.5005903617e+02   1.1652736839e-01   0.0000000000e+00   4.9988192765e-01   0.0000000000e+00   0.0000000000e+00   3.8359070396e-01
   9.5005903617e+02   1.1652736839e-01   0.0000000000e+00   4.9988192765e-01   0.0000000000e+00   0.0000000000e+00   3.8359070396e-01
   9.5005903617e+02   1.1652736839e-01   0.0000000000e+00   4.9988192765e-01   0.0000000000e+00   0.0000000000e+00   3.8359070396e-01
   9.5005903617e+02   1.1652736839e-01   0.0000000000e+00   4.9988192765e-01   0.0000000000e+00   0.0000000000e+00   3.8359070396e-01
   9.5009815631e+02   1.1654559836e-01   0.0000000000e+00   4.9980368738e-01   0.0000000000e+00   0.0000000000e+00   3.8365071427e-01
   9.5009815631e+02   1.1654559836e-01   0.0000000000e+00   4.9980368738e-01   0.0000000000e+00   0.0000000000e+00   3.8365071427e-01
   9.5009815631e+02   1.1654559836e-01   0.0000000000e+00   4.9980368738e-01   0.0000000000e+00   0.0000000000e+00   3.8365071427e-01
   9.5009815631e+02   1.1654559836e-01   0.0000000000e+00   4.9980368738e-01   0.0000000000e+00   0.0000000000e+00   3.8365071427e-01
   9.5013727645e+02   1.1656382832e-01   0.0000000000e+00   4.9972544710e-01   0.0000000000e+00   0.0000000000e+00   3.8371072458e-01
   9.5013727645e+02   1.1656382832e-01   0.0000000000e+00   4.9972544710e-01   0.0000000000e+00   0.0000000000e+00   3.8371072458e-01
   9.5013727645e+02   1.1656382832e-01   0.0000000000e+00   4.9972544710e-01   0.0000000000e+00   0.0000000000e+00   3.8371072458e-01
   9.5013727645e+02   1.1656382832e-01   0.0000000000e+00   4.9972544710e-01   0.0000000000e+00   0.0000000000e+00   3.8371072458e-01
   9.4996966605e+02   1.1648572197e-01   0.0000000000e+00   5.0006066791e-01   0.0000000000e+00   0.0000000000e+00   3.8345361013e-01
   9.4996966605e+02   1.1648572197e-01   0.0000000000e+00   5.0006066791e-01   0.0000000000e+00   0.0000000000e+00   3.8345361013e-01
   9.4996966605e+02   1.1648572197e-01   0.0000000000e+00   5.0006066791e-01   0.0000000000e+00   0.0000000000e+00   3.8345361013e-01
   9.4996966605e+02   1.1648572197e-01   0.0000000000e+00   5.0006066791e-01   0.0000000000e+00   0.0000000000e+00   3.8345361013e-01
   9.4996966605e+02   1.1648572197e-01   0.0000000000e+00   5.0006066791e-01   0.0000000000e+00   0.0000000000e+00   3.8345361013e-01
   9.4996966605e+02   1.1648572197e-01   0.0000000000e+00   5.0006066791e-01   0.0000000000e+00   0.0000000000e+00   3.8345361013e-01
   9.4996966605e+02   1.1648572197e-01   0.0000000000e+00   5.0006066791e-01   0.0000000000e+00   0.0000000000e+00   3.8345361013e-01
   9.4996966605e+02   1.1648572197e-01   0.0000000000e+00   5.0006066791e-01   0.0000000000e+00   0.0000000000e+00   3.8345361013e-01
   9.4985132965e+02   1.1643057727e-01   0.0000000000e+00   5.0029734069e-01   0.0000000000e+00   0.0000000000e+00   3.8327208203e-01
   9.4985132965e+02   1.1643057727e-01   0.0000000000e+00   5.0029734069e-01   0.0000000000e+00   0.0000000000e+00   3.8327208203e-01
   9.4970447873e+02   1.1636214483e-01   0.0000000000e+00   5.0059104254e-01   0.0000000000e+00   0.0000000000e+00   3.8304681263e-01
   9.4970447873e+02   1.1636214483e-01   0.0000000000e+00   5.0059104254e-01   0.0000000000e+00   0.0000000000e+00   3.8304681263e-01
   9.4985132965e+02   1.1643057727e-01   0.0000000000e+00   5.0029734069e-01   0.0000000000e+00   0.0000000000e+00   3.8327208203e-01
   9.4985132965e+02   1.1643057727e-01   0.0000000000e+00   5.0029734069e-01   0.0000000000e+00   0.0000000000e+00   3.8327208203e-01
   9.4999818058e+02   1.1649900972e-01   0.0000000000e+00   5.0000363884e-01   0.0000000000e+00   0.0000000000e+00   3.8349735144e-01
   9.4999818058e+02   1.1649900972e-01   0.0000000000e+00   5.0000363884e-01   0.0000000000e+00   0.0000000000e+00   3.8349735144e-01
   9.5024174387e+02   1.1661251008e-01   0.0000000000e+00   4.9951651226e-01   0.0000000000e+00   0.0000000000e+00   3.8387097766e-01
   9.5024174387e+02   1.1661251008e-01   0.0000000000e+00   4.9951651226e-01   0.0000000000e+00   0.0000000000e+00   3.8387097766e-01
   9.5017530082e+02   1.1658154765e-01   0.0000000000e+00   4.9964939837e-01   0.0000000000e+00   0.0000000000e+00   3.8376905398e-01
   9.5017530082e+02   1.1658154765e-01   0.0000000000e+00   4.9964939837e-01   0.0000000000e+00   0.0000000000e+00   3.8376905398e-01
   9.5020852234e+02   1.1659702886e-01   0.0000000000e+00   4.9958295532e-01   0.0000000000e+00   0.0000000000e+00   3.8382001582e-01
   9.5020852234e+02   1.1659702886e-01   0.0000000000e+00   4.9958295532e-01   0.0000000000e+00   0.0000000000e+00   3.8382001582e-01
   9.5020852234e+02   1.1659702886e-01   0.0000000000e+00   4.9958295532e-01   0.0000000000e+00   0.0000000000e+00   3.8382001582e-01
   9.5020852234e+02   1.1659702886e-01   0.0000000000e+00   4.9958295532e-01   0.0000000000e+00   0.0000000000e+00   3.8382001582e-01
   9.5018690325e+02   1.1658695438e-01   0.0000000000e+00   4.9962619351e-01   0.0000000000e+00   0.0000000000e+00   3.8378685212e-01
   9.5018690325e+02   1.1658695438e-01   0.0000000000e+00   4.9962619351e-01   0.0000000000e+00   0.0000000000e+00   3.8378685212e-01
   9.5018690325e+02   1.1658695438e-01   0.0000000000e+00   4.9962619351e-01   0.0000000000e+00   0.0000000000e+00   3.8378685212e-01
   9.5018690325e+02   1.1658695438e-01   0.0000000000e+00   4.9962619351e-01   0.0000000000e+00   0.0000000000e+00   3.8378685212e-01
   9.5018690325e+02   1.1658695438e-01   0.0000000000e+00   4.9962619351e-01   0.0000000000e+00   0.0000000000e+00   3.8378685212e-01
   9.5018690325e+02   1.1658695438e-01   0.0000000000e+00   4.9962619351e-01   0.0000000000e+00   0.0000000000e+00   3.8378685212e-01
   9.5018690325e+02   1.1658695438e-01   0.0000000000e+00   4.9962619351e-01   0.0000000000e+00   0.0000000000e+00   3.8378685212e-01
   9.5018690325e+02   1.1658695438e-01   0.0000000000e+00   4.9962619351e-01   0.0000000000e+00   0.0000000000e+00   3.8378685212e-01
   9.5020366706e+02   1.1659476630e-01   0.0000000000e+00   4.9959266589e-01   0.0000000000e+00   0.0000000000e+00   3.8381256781e-01
   9.5020366706e+02   1.1659476630e-01   0.0000000000e+00   4.9959266589e-01   0.0000000000e+00   0.0000000000e+00   3.8381256781e-01
   9.5020366706e+02   1.1659476630e-01   0.0000000000e+00   4.9959266589e-01   0.0000000000e+00   0.0000000000e+00   3.8381256781e-01
   9.5020366706e+02   1.1659476630e-01   0.0000000000e+00   4.9959266589e-01   0.0000000000e+00   0.0000000000e+00   3.8381256781e-01
   9.5010585410e+02   1.1654918552e-01   0.0000000000e+00   4.9978829180e-01   0.0000000000e+00   0.0000000000e+00   3.8366252268e-01
   9.5010585410e+02   1.1654918552e-01   0.0000000000e+00   4.9978829180e-01   0.0000000000e+00   0.0000000000e+00   3.8366252268e-01
   9.5010585410e+02   1.1654918552e-01   0.0000000000e+00   4.9978829180e-01   0.0000000000e+00   0.0000000000e+00   3.8366252268e-01
   9.5010585410e+02   1.1654918552e-01   0.0000000000e+00   4.9978829180e-01   0.0000000000e+00   0.0000000000e+00   3.8366252268e-01
   9.5000804114e+02   1.1650360474e-01   0.0000000000e+00   4.9998391772e-01   0.0000000000e+00   0.0000000000e+00   3.8351247754e-01
   9.5000804114e+02   1.1650360474e-01   0.0000000000e+00   4.9998391772e-01   0.0000000000e+00   0.0000000000e+00   3.8351247754e-01
   9.5020366706e+02   1.1659476630e-01   0.0000000000e+00   4.9959266589e-01   0.0000000000e+00   0.0000000000e+00   3.8381256781e-01
   9.5020366706e+02   1.1659476630e-01   0.0000000000e+00   4.9959266589e-01   0.0000000000e+00   0.0000000000e+00   3.8381256781e-01
   9.5000804114e+02   1.1650360474e-01   0.0000000000e+00   4.9998391772e-01   0.0000000000e+00   0.0000000000e+00   3.8351247754e-01
   9.5000804114e+02   1.1650360474e-01   0.0000000000e+00   4.9998391772e-01   0.0000000000e+00   0.0000000000e+00   3.8351247754e-01
   9.5000804114e+02   1.1650360474e-01   0.0000000000e+00   4.9998391772e-01   0.0000000000e+00   0.0000000000e+00   3.8351247754e-01
   9.5000804114e+02   1.1650360474e-01   0.0000000000e+00   4.9998391772e-01   0.0000000000e+00   0.0000000000e+00   3.8351247754e-01
   9.5023667908e+02   1.1661014989e-01   0.0000000000e+00   4.9952664184e-01   0.0000000000e+00   0.0000000000e+00   3.8386320827e-01
   9.5023667908e+02   1.1661014989e-01   0.0000000000e+00   4.9952664184e-01   0.0000000000e+00   0.0000000000e+00   3.8386320827e-01
   9.5023667908e+02   1.1661014989e-01   0.0000000000e+00   4.9952664184e-01   0.0000000000e+00   0.0000000000e+00   3.8386320827e-01
   9.5023667908e+02   1.1661014989e-01   0.0000000000e+00   4.9952664184e-01   0.0000000000e+00   0.0000000000e+00   3.8386320827e-01
   9.5022225618e+02   1.1660342883e-01   0.0000000000e+00   4.9955548763e-01   0.0000000000e+00   0.0000000000e+00   3.8384108354e-01
   9.5022225618e+02   1.1660342883e-01   0.0000000000e+00   4.9955548763e-01   0.0000000000e+00   0.0000000000e+00   3.8384108354e-01
   9.5022225618e+02   1.1660342883e-01   0.0000000000e+00   4.9955548763e-01   0.0000000000e+00   0.0000000000e+00   3.8384108354e-01
   9.5022225618e+02   1.1660342883e-01   0.0000000000e+00   4.9955548763e-01   0.0000000000e+00   0.0000000000e+00   3.8384108354e-01
   9.5023088024e+02   1.1660744763e-01   0.0000000000e+00   4.9953823952e-01   0.0000000000e+00   0.0000000000e+00   3.8385431285e-01
   9.5023088024e+02   1.1660744763e-01   0.0000000000e+00   4.9953823952e-01   0.0000000000e+00   0.0000000000e+00   3.8385431285e-01
   9.5023088024e+02   1.1660744763e-01   0.0000000000e+00   4.9953823952e-01   0.0000000000e+00   0.0000000000e+00   3.8385431285e-01
   9.5023088024e+02   1.1660744763e-01   0.0000000000e+00   4.9953823952e-01   0.0000000000e+00   0.0000000000e+00   3.8385431285e-01
   9.5022508141e+02   1.1660474538e-01   0.0000000000e+00   4.9954983719e-01   0.0000000000e+00   0.0000000000e+00   3.8384541744e-01
   9.5022508141e+02   1.1660474538e-01   0.0000000000e+00   4.9954983719e-01   0.0000000000e+00   0.0000000000e+00   3.8384541744e-01
   9.5023667908e+02   1.1661014989e-01   0.0000000000e+00   4.9952664184e-01   0.0000000000e+00   0.0000000000e+00   3.8386320827e-01
   9.5023667908e+02   1.1661014989e-01   0.0000000000e+00   4.9952664184e-01   0.0000000000e+00   0.0000000000e+00   3.8386320827e-01
   9.4999872440e+02   1.1649926314e-01   0.0000000000e+00   5.0000255119e-01   0.0000000000e+00   0.0000000000e+00   3.8349818566e-01
   9.4999872440e+02   1.1649926314e-01   0.0000000000e+00   5.0000255119e-01   0.0000000000e+00   0.0000000000e+00   3.8349818566e-01
   9.4990319266e+02   1.1645474541e-01   0.0000000000e+00   5.0019361468e-01   0.0000000000e+00   0.0000000000e+00   3.8335163992e-01
   9.4990319266e+02   1.1645474541e-01   0.0000000000e+00   5.0019361468e-01   0.0000000000e+00   0.0000000000e+00   3.8335163992e-01
   9.4999872440e+02   1.1649926314e-01   0.0000000000e+00   5.0000255119e-01   0.0000000000e+00   0.0000000000e+00   3.8349818566e-01
   9.4999872440e+02   1.1649926314e-01   0.0000000000e+00   5.0000255119e-01   0.0000000000e+00   0.0000000000e+00   3.8349818566e-01
   9.5009425615e+02   1.1654378088e-01   0.0000000000e+00   4.9981148771e-01   0.0000000000e+00   0.0000000000e+00   3.8364473141e-01
   9.5009425615e+02   1.1654378088e-01   0.0000000000e+00   4.9981148771e-01   0.0000000000e+00   0.0000000000e+00   3.8364473141e-01
   9.4999872440e+02   1.1649926314e-01   0.0000000000e+00   5.0000255119e-01   0.0000000000e+00   0.0000000000e+00   3.8349818566e-01
   9.4999872440e+02   1.1649926314e-01   0.0000000000e+00   5.0000255119e-01   0.0000000000e+00   0.0000000000e+00   3.8349818566e-01
   9.4999872440e+02   1.1649926314e-01   0.0000000000e+00   5.0000255119e-01   0.0000000000e+00   0.0000000000e+00   3.8349818566e-01
   9.4999872440e+02   1.1649926314e-01   0.0000000000e+00   5.0000255119e-01   0.0000000000e+00   0.0000000000e+00   3.8349818566e-01
   9.4999872440e+02   1.1649926314e-01   0.0000000000e+00   5.0000255119e-01   0.0000000000e+00   0.0000000000e+00   3.8349818566e-01
   9.4999872440e+02   1.1649926314e-01   0.0000000000e+00   5.0000255119e-01   0.0000000000e+00   0.0000000000e+00   3.8349818566e-01
   9.4999872440e+02   1.1649926314e-01   0.0000000000e+00   5.0000255119e-01   0.0000000000e+00   0.0000000000e+00   3.8349818566e-01
   9.4999872440e+02   1.1649926314e-01   0.0000000000e+00   5.0000255119e-01   0.0000000000e+00   0.0000000000e+00   3.8349818566e-01