# time = 17.6106
# Grid Poins = 256    variable_0    variable_1    variable_2    variable_3    variable_4    variable_5    variable_6
   9.8481002542e+02   1.3272130958e-01   0.0000000000e+00   4.3037994916e-01   0.0000000000e+00   0.0000000000e+00   4.3689874125e-01
   9.8481002542e+02   1.3272130958e-01   0.0000000000e+00   4.3037994916e-01   0.0000000000e+00   0.0000000000e+00   4.3689874125e-01
   9.8481002542e+02   1.3272130958e-01   0.0000000000e+00   4.3037994916e-01   0.0000000000e+00   0.0000000000e+00   4.3689874125e-01
   9.8481002542e+02   1.3272130958e-01   0.0000000000e+00   4.3037994916e-01   0.0000000000e+00   0.0000000000e+00   4.3689874125e-01
   9.8481002542e+02   1.3272130958e-01   0.0000000000e+00   4.3037994916e-01   0.0000000000e+00   0.0000000000e+00   4.3689874125e-01
   9.8481002542e+02   1.3272130958e-01   0.0000000000e+00   4.3037994916e-01   0.0000000000e+00   0.0000000000e+00   4.3689874125e-01
   9.8481002542e+02   1.3272130958e-01   0.0000000000e+00   4.3037994916e-01   0.0000000000e+00   0.0000000000e+00   4.3689874125e-01
   9.8481002542e+02   1.3272130958e-01   0.0000000000e+00   4.3037994916e-01   0.0000000000e+00   0.0000000000e+00   4.3689874125e-01
   9.8477383840e+02   1.3270444645e-01   0.0000000000e+00   4.3045232320e-01   0.0000000000e+00   0.0000000000e+00   4.3684323035e-01
   9.8477383840e+02   1.3270444645e-01   0.0000000000e+00   4.3045232320e-01   0.0000000000e+00   0.0000000000e+00   4.3684323035e-01
   9.5139128263e+02   1.1714819448e-01   0.0000000000e+00   4.9721743473e-01   0.0000000000e+00   0.0000000000e+00   3.8563437078e-01
   9.5139128263e+02   1.1714819448e-01   0.0000000000e+00   4.9721743473e-01   0.0000000000e+00   0.0000000000e+00   3.8563437078e-01
   9.6808256052e+02   1.2492632047e-01   0.0000000000e+00   4.6383487897e-01   0.0000000000e+00   0.0000000000e+00   4.1123880057e-01
   9.6808256052e+02   1.2492632047e-01   0.0000000000e+00   4.6383487897e-01   0.0000000000e+00   0.0000000000e+00   4.1123880057e-01
   9.6808256052e+02   1.2492632047e-01   0.0000000000e+00   4.6383487897e-01   0.0000000000e+00   0.0000000000e+00   4.1123880057e-01
   9.6808256052e+02   1.2492632047e-01   0.0000000000e+00   4.6383487897e-01   0.0000000000e+00   0.0000000000e+00   4.1123880057e-01
   9.4984786644e+02   1.1642896342e-01   0.0000000000e+00   5.0030426713e-01   0.0000000000e+00   0.0000000000e+00   3.8326676946e-01
   9.4984786644e+02   1.1642896342e-01   0.0000000000e+00   5.0030426713e-01   0.0000000000e+00   0.0000000000e+00   3.8326676946e-01
   9.4984786644e+02   1.1642896342e-01   0.0000000000e+00   5.0030426713e-01   0.0000000000e+00   0.0000000000e+00   3.8326676946e-01
   9.4984786644e+02   1.1642896342e-01   0.0000000000e+00   5.0030426713e-01   0.0000000000e+00   0.0000000000e+00   3.8326676946e-01
   9.4959670669e+02   1.1631192312e-01   0.0000000000e+00   5.0080658663e-01   0.0000000000e+00   0.0000000000e+00   3.8288149026e-01
   9.4959670669e+02   1.1631192312e-01   0.0000000000e+00   5.0080658663e-01   0.0000000000e+00   0.0000000000e+00   3.8288149026e-01
   9.4959670669e+02   1.1631192312e-01   0.0000000000e+00   5.0080658663e-01   0.0000000000e+00   0.0000000000e+00   3.8288149026e-01
   9.4959670669e+02   1.1631192312e-01   0.0000000000e+00   5.0080658663e-01   0.0000000000e+00   0.0000000000e+00   3.8288149026e-01
   9.4939620360e+02   1.1621848879e-01   0.0000000000e+00   5.0120759280e-01   0.0000000000e+00   0.0000000000e+00   3.8257391841e-01
   9.4939620360e+02   1.1621848879e-01   0.0000000000e+00   5.0120759280e-01   0.0000000000e+00   0.0000000000e+00   3.8257391841e-01
   9.4954605003e+02   1.1628831714e-01   0.0000000000e+00   5.0090789995e-01   0.0000000000e+00   0.0000000000e+00   3.8280378291e-01
   9.4954605003e+02   1.1628831714e-01   0.0000000000e+00   5.0090789995e-01   0.0000000000e+00   0.0000000000e+00   3.8280378291e-01
   9.4939620360e+02   1.1621848879e-01   0.0000000000e+00   5.0120759280e-01   0.0000000000e+00   0.0000000000e+00   3.8257391841e-01
   9.4939620360e+02   1.1621848879e-01   0.0000000000e+00   5.0120759280e-01   0.0000000000e+00   0.0000000000e+00   3.8257391841e-01
   9.4954605003e+02   1.1628831714e-01   0.0000000000e+00   5.0090789995e-01   0.0000000000e+00   0.0000000000e+00   3.8280378291e-01
   9.4954605003e+02   1.1628831714e-01   0.0000000000e+00   5.0090789995e-01   0.0000000000e+00   0.0000000000e+00   3.8280378291e-01
   9.4565262666e+02   1.1447398407e-01   0.0000000000e+00   5.0869474667e-01   0.0000000000e+00   0.0000000000e+00   3.7683126925e-01
   9.4565262666e+02   1.1447398407e-01   0.0000000000e+00   5.0869474667e-01   0.0000000000e+00   0.0000000000e+00   3.7683126925e-01
   9.4565262666e+02   1.1447398407e-01   0.0000000000e+00   5.0869474667e-01   0.0000000000e+00   0.0000000000e+00   3.7683126925e-01
   9.4565262666e+02   1.1447398407e-01   0.0000000000e+00   5.0869474667e-01   0.0000000000e+00   0.0000000000e+00   3.7683126925e-01
   9.4546818773e+02   1.1438803563e-01   0.0000000000e+00   5.0906362455e-01   0.0000000000e+00   0.0000000000e+00   3.7654833982e-01
   9.4546818773e+02   1.1438803563e-01   0.0000000000e+00   5.0906362455e-01   0.0000000000e+00   0.0000000000e+00   3.7654833982e-01
   9.4583706560e+02   1.1455993251e-01   0.0000000000e+00   5.0832586880e-01   0.0000000000e+00   0.0000000000e+00   3.7711419869e-01
   9.4583706560e+02   1.1455993251e-01   0.0000000000e+00   5.0832586880e-01   0.0000000000e+00   0.0000000000e+00   3.7711419869e-01
   9.3856855371e+02   1.1117281011e-01   0.0000000000e+00   5.2286289258e-01   0.0000000000e+00   0.0000000000e+00   3.6596429731e-01
   9.3856855371e+02   1.1117281011e-01   0.0000000000e+00   5.2286289258e-01   0.0000000000e+00   0.0000000000e+00   3.6596429731e-01
   9.3856855371e+02   1.1117281011e-01   0.0000000000e+00   5.2286289258e-01   0.0000000000e+00   0.0000000000e+00   3.6596429731e-01
   9.3856855371e+02   1.1117281011e-01   0.0000000000e+00   5.2286289258e-01   0.0000000000e+00   0.0000000000e+00   3.6596429731e-01
   9.3856855371e+02   1.1117281011e-01   0.0000000000e+00   5.2286289258e-01   0.0000000000e+00   0.0000000000e+00   3.6596429731e-01
   9.3856855371e+02   1.1117281011e-01   0.0000000000e+00   5.2286289258e-01   0.0000000000e+00   0.0000000000e+00   3.6596429731e-01
   9.3856855371e+02   1.1117281011e-01   0.0000000000e+00   5.2286289258e-01   0.0000000000e+00   0.0000000000e+00   3.6596429731e-01
   9.3856855371e+02   1.1117281011e-01   0.0000000000e+00   5.2286289258e-01   0.0000000000e+00   0.0000000000e+00   3.6596429731e-01
   9.3853354858e+02   1.1115649774e-01   0.0000000000e+00   5.2293290285e-01   0.0000000000e+00   0.0000000000e+00   3.6591059941e-01
   9.3853354858e+02   1.1115649774e-01   0.0000000000e+00   5.2293290285e-01   0.0000000000e+00   0.0000000000e+00   3.6591059941e-01
   9.3874357939e+02   1.1125437198e-01   0.0000000000e+00   5.2251284122e-01   0.0000000000e+00   0.0000000000e+00   3.6623278680e-01
   9.3874357939e+02   1.1125437198e-01   0.0000000000e+00   5.2251284122e-01   0.0000000000e+00   0.0000000000e+00   3.6623278680e-01
   9.3874357939e+02   1.1125437198e-01   0.0000000000e+00   5.2251284122e-01   0.0000000000e+00   0.0000000000e+00   3.6623278680e-01
   9.3874357939e+02   1.1125437198e-01   0.0000000000e+00   5.2251284122e-01   0.0000000000e+00   0.0000000000e+00   3.6623278680e-01
   9.3853354858e+02   1.1115649774e-01   0.0000000000e+00   5.2293290285e-01   0.0000000000e+00   0.0000000000e+00   3.6591059941e-01
   9.3853354858e+02   1.1115649774e-01   0.0000000000e+00   5.2293290285e-01   0.0000000000e+00   0.0000000000e+00   3.6591059941e-01
   9.4908251768e+02   1.1607231133e-01   0.0000000000e+00   5.0183496463e-01   0.0000000000e+00   0.0000000000e+00   3.8209272403e-01
   9.4908251768e+02   1.1607231133e-01   0.0000000000e+00   5.0183496463e-01   0.0000000000e+00   0.0000000000e+00   3.8209272403e-01
   9.4908251768e+02   1.1607231133e-01   0.0000000000e+00   5.0183496463e-01   0.0000000000e+00   0.0000000000e+00   3.8209272403e-01
   9.4908251768e+02   1.1607231133e-01   0.0000000000e+00   5.0183496463e-01   0.0000000000e+00   0.0000000000e+00   3.8209272403e-01
   9.4906183939e+02   1.1606267526e-01   0.0000000000e+00   5.0187632122e-01   0.0000000000e+00   0.0000000000e+00   3.8206100352e-01
   9.4906183939e+02   1.1606267526e-01   0.0000000000e+00   5.0187632122e-01   0.0000000000e+00   0.0000000000e+00   3.8206100352e-01
   9.4906183939e+02   1.1606267526e-01   0.0000000000e+00   5.0187632122e-01   0.0000000000e+00   0.0000000000e+00   3.8206100352e-01
   9.4906183939e+02   1.1606267526e-01   0.0000000000e+00   5.0187632122e-01   0.0000000000e+00   0.0000000000e+00   3.8206100352e-01
   9.4406977292e+02   1.1373637513e-01   0.0000000000e+00   5.1186045417e-01   0.0000000000e+00   0.0000000000e+00   3.7440317070e-01
   9.4406977292e+02   1.1373637513e-01   0.0000000000e+00   5.1186045417e-01   0.0000000000e+00   0.0000000000e+00   3.7440317070e-01
   9.4406977292e+02   1.1373637513e-01   0.0000000000e+00   5.1186045417e-01   0.0000000000e+00   0.0000000000e+00   3.7440317070e-01
   9.4406977292e+02   1.1373637513e-01   0.0000000000e+00   5.1186045417e-01   0.0000000000e+00   0.0000000000e+00   3.7440317070e-01
   9.4406977292e+02   1.1373637513e-01   0.0000000000e+00   5.1186045417e-01   0.0000000000e+00   0.0000000000e+00   3.7440317070e-01
   9.4406977292e+02   1.1373637513e-01   0.0000000000e+00   5.1186045417e-01   0.0000000000e+00   0.0000000000e+00   3.7440317070e-01
   9.4406977292e+02   1.1373637513e-01   0.0000000000e+00   5.1186045417e-01   0.0000000000e+00   0.0000000000e+00   3.7440317070e-01
   9.4406977292e+02   1.1373637513e-01   0.0000000000e+00   5.1186045417e-01   0.0000000000e+00   0.0000000000e+00   3.7440317070e-01
   9.4263320913e+02   1.1306693722e-01   0.0000000000e+00   5.1473358174e-01   0.0000000000e+00   0.0000000000e+00   3.7219948103e-01
   9.4263320913e+02   1.1306693722e-01   0.0000000000e+00   5.1473358174e-01   0.0000000000e+00   0.0000000000e+00   3.7219948103e-01
   9.4263320913e+02   1.1306693722e-01   0.0000000000e+00   5.1473358174e-01   0.0000000000e+00   0.0000000000e+00   3.7219948103e-01
   9.4263320913e+02   1.1306693722e-01   0.0000000000e+00   5.1473358174e-01   0.0000000000e+00   0.0000000000e+00   3.7219948103e-01
   9.4694290049e+02   1.1507525094e-01   0.0000000000e+00   5.0611419902e-01   0.0000000000e+00   0.0000000000e+00   3.7881055004e-01
   9.4694290049e+02   1.1507525094e-01   0.0000000000e+00   5.0611419902e-01   0.0000000000e+00   0.0000000000e+00   3.7881055004e-01
   9.4406977292e+02   1.1373637513e-01   0.0000000000e+00   5.1186045417e-01   0.0000000000e+00   0.0000000000e+00   3.7440317070e-01
   9.4406977292e+02   1.1373637513e-01   0.0000000000e+00   5.1186045417e-01   0.0000000000e+00   0.0000000000e+00   3.7440317070e-01
   9.6714030000e+02   1.2448722760e-01   0.0000000000e+00   4.6571940001e-01   0.0000000000e+00   0.0000000000e+00   4.0979337239e-01
   9.6714030000e+02   1.2448722760e-01   0.0000000000e+00   4.6571940001e-01   0.0000000000e+00   0.0000000000e+00   4.0979337239e-01
   9.6714030000e+02   1.2448722760e-01   0.0000000000e+00   4.6571940001e-01   0.0000000000e+00   0.0000000000e+00   4.0979337239e-01
   9.6714030000e+02   1.2448722760e-01   0.0000000000e+00   4.6571940001e-01   0.0000000000e+00   0.0000000000e+00   4.0979337239e-01
   9.6714030000e+02   1.2448722760e-01   0.0000000000e+00   4.6571940001e-01   0.0000000000e+00   0.0000000000e+00   4.0979337239e-01
   9.6714030000e+02   1.2448722760e-01   0.0000000000e+00   4.6571940001e-01   0.0000000000e+00   0.0000000000e+00   4.0979337239e-01
   9.6714030000e+02   1.2448722760e-01   0.0000000000e+00   4.6571940001e-01   0.0000000000e+00   0.0000000000e+00   4.0979337239e-01
   9.6714030000e+02   1.2448722760e-01   0.0000000000e+00   4.6571940001e-01   0.0000000000e+00   0.0000000000e+00   4.0979337239e-01
   9.5139128263e+02   1.1714819448e-01   0.0000000000e+00   4.9721743473e-01   0.0000000000e+00   0.0000000000e+00   3.8563437078e-01
   9.5139128263e+02   1.1714819448e-01   0.0000000000e+00   4.9721743473e-01   0.0000000000e+00   0.0000000000e+00   3.8563437078e-01
   9.5139128263e+02   1.1714819448e-01   0.0000000000e+00   4.9721743473e-01   0.0000000000e+00   0.0000000000e+00   3.8563437078e-01
   9.5139128263e+02   1.1714819448e-01   0.0000000000e+00   4.9721743473e-01   0.0000000000e+00   0.0000000000e+00   3.8563437078e-01
   9.4950676159e+02   1.1627000875e-01   0.0000000000e+00   5.0098647682e-01   0.0000000000e+00   0.0000000000e+00   3.8274351443e-01
   9.4950676159e+02   1.1627000875e-01   0.0000000000e+00   5.0098647682e-01   0.0000000000e+00   0.0000000000e+00   3.8274351443e-01
   9.4950676159e+02   1.1627000875e-01   0.0000000000e+00   5.0098647682e-01   0.0000000000e+00   0.0000000000e+00   3.8274351443e-01
   9.4950676159e+02   1.1627000875e-01   0.0000000000e+00   5.0098647682e-01   0.0000000000e+00   0.0000000000e+00   3.8274351443e-01
   9.4696991126e+02   1.1508783794e-01   0.0000000000e+00   5.0606017748e-01   0.0000000000e+00   0.0000000000e+00   3.7885198458e-01
   9.4696991126e+02   1.1508783794e-01   0.0000000000e+00   5.0606017748e-01   0.0000000000e+00   0.0000000000e+00   3.7885198458e-01
   9.4696991126e+02   1.1508783794e-01   0.0000000000e+00   5.0606017748e-01   0.0000000000e+00   0.0000000000e+00   3.7885198458e-01
   9.4696991126e+02   1.1508783794e-01   0.0000000000e+00   5.0606017748e-01   0.0000000000e+00   0.0000000000e+00   3.7885198458e-01
   9.3551020239e+02   1.0974762014e-01   0.0000000000e+00   5.2897959523e-01   0.0000000000e+00   0.0000000000e+00   3.6127278463e-01
   9.3551020239e+02   1.0974762014e-01   0.0000000000e+00   5.2897959523e-01   0.0000000000e+00   0.0000000000e+00   3.6127278463e-01
   9.3551020239e+02   1.0974762014e-01   0.0000000000e+00   5.2897959523e-01   0.0000000000e+00   0.0000000000e+00   3.6127278463e-01
   9.3551020239e+02   1.0974762014e-01   0.0000000000e+00   5.2897959523e-01   0.0000000000e+00   0.0000000000e+00   3.6127278463e-01
   9.4700092870e+02   1.1510229205e-01   0.0000000000e+00   5.0599814259e-01   0.0000000000e+00   0.0000000000e+00   3.7889956535e-01
   9.4700092870e+02   1.1510229205e-01   0.0000000000e+00   5.0599814259e-01   0.0000000000e+00   0.0000000000e+00   3.7889956535e-01
   9.4700092870e+02   1.1510229205e-01   0.0000000000e+00   5.0599814259e-01   0.0000000000e+00   0.0000000000e+00   3.7889956535e-01
   9.4700092870e+02   1.1510229205e-01   0.0000000000e+00   5.0599814259e-01   0.0000000000e+00   0.0000000000e+00   3.7889956535e-01
   9.3590759951e+02   1.0993280697e-01   0.0000000000e+00   5.2818480099e-01   0.0000000000e+00   0.0000000000e+00   3.6188239204e-01
   9.3590759951e+02   1.0993280697e-01   0.0000000000e+00   5.2818480099e-01   0.0000000000e+00   0.0000000000e+00   3.6188239204e-01
   9.3590759951e+02   1.0993280697e-01   0.0000000000e+00   5.2818480099e-01   0.0000000000e+00   0.0000000000e+00   3.6188239204e-01
   9.3590759951e+02   1.0993280697e-01   0.0000000000e+00   5.2818480099e-01   0.0000000000e+00   0.0000000000e+00   3.6188239204e-01
   9.4568951445e+02   1.1449117376e-01   0.0000000000e+00   5.0862097110e-01   0.0000000000e+00   0.0000000000e+00   3.7688785514e-01
   9.4568951445e+02   1.1449117376e-01   0.0000000000e+00   5.0862097110e-01   0.0000000000e+00   0.0000000000e+00   3.7688785514e-01
   9.4568951445e+02   1.1449117376e-01   0.0000000000e+00   5.0862097110e-01   0.0000000000e+00   0.0000000000e+00   3.7688785514e-01
   9.4568951445e+02   1.1449117376e-01   0.0000000000e+00   5.0862097110e-01   0.0000000000e+00   0.0000000000e+00   3.7688785514e-01
   9.4909285683e+02   1.1607712937e-01   0.0000000000e+00   5.0181428634e-01   0.0000000000e+00   0.0000000000e+00   3.8210858429e-01
   9.4909285683e+02   1.1607712937e-01   0.0000000000e+00   5.0181428634e-01   0.0000000000e+00   0.0000000000e+00   3.8210858429e-01
   9.4909285683e+02   1.1607712937e-01   0.0000000000e+00   5.0181428634e-01   0.0000000000e+00   0.0000000000e+00   3.8210858429e-01
   9.4909285683e+02   1.1607712937e-01   0.0000000000e+00   5.0181428634e-01   0.0000000000e+00   0.0000000000e+00   3.8210858429e-01
   9.3570890095e+02   1.0984021355e-01   0.0000000000e+00   5.2858219811e-01   0.0000000000e+00   0.0000000000e+00   3.6157758834e-01
   9.3570890095e+02   1.0984021355e-01   0.0000000000e+00   5.2858219811e-01   0.0000000000e+00   0.0000000000e+00   3.6157758834e-01
   9.3570890095e+02   1.0984021355e-01   0.0000000000e+00   5.2858219811e-01   0.0000000000e+00   0.0000000000e+00   3.6157758834e-01
   9.3570890095e+02   1.0984021355e-01   0.0000000000e+00   5.2858219811e-01   0.0000000000e+00   0.0000000000e+00   3.6157758834e-01
   9.3570890095e+02   1.0984021355e-01   0.0000000000e+00   5.2858219811e-01   0.0000000000e+00   0.0000000000e+00   3.6157758834e-01
   9.3570890095e+02   1.0984021355e-01   0.0000000000e+00   5.2858219811e-01   0.0000000000e+00   0.0000000000e+00   3.6157758834e-01
   9.3570890095e+02   1.0984021355e-01   0.0000000000e+00   5.2858219811e-01   0.0000000000e+00   0.0000000000e+00   3.6157758834e-01
   9.3570890095e+02   1.0984021355e-01   0.0000000000e+00   5.2858219811e-01   0.0000000000e+00   0.0000000000e+00   3.6157758834e-01
   9.3361273261e+02   1.0886340030e-01   0.0000000000e+00   5.3277453479e-01   0.0000000000e+00   0.0000000000e+00   3.5836206491e-01
   9.3361273261e+02   1.0886340030e-01   0.0000000000e+00   5.3277453479e-01   0.0000000000e+00   0.0000000000e+00   3.5836206491e-01
   9.3210580254e+02   1.0816117175e-01   0.0000000000e+00   5.3578839492e-01   0.0000000000e+00   0.0000000000e+00   3.5605043333e-01
   9.3210580254e+02   1.0816117175e-01   0.0000000000e+00   5.3578839492e-01   0.0000000000e+00   0.0000000000e+00   3.5605043333e-01
   9.3700352885e+02   1.1044350942e-01   0.0000000000e+00   5.2599294229e-01   0.0000000000e+00   0.0000000000e+00   3.6356354829e-01
   9.3700352885e+02   1.1044350942e-01   0.0000000000e+00   5.2599294229e-01   0.0000000000e+00   0.0000000000e+00   3.6356354829e-01
   9.3361273261e+02   1.0886340030e-01   0.0000000000e+00   5.3277453479e-01   0.0000000000e+00   0.0000000000e+00   3.5836206491e-01
   9.3361273261e+02   1.0886340030e-01   0.0000000000e+00   5.3277453479e-01   0.0000000000e+00   0.0000000000e+00   3.5836206491e-01
   9.3700352885e+02   1.1044350942e-01   0.0000000000e+00   5.2599294229e-01   0.0000000000e+00   0.0000000000e+00   3.6356354829e-01
   9.3700352885e+02   1.1044350942e-01   0.0000000000e+00   5.2599294229e-01   0.0000000000e+00   0.0000000000e+00   3.6356354829e-01
   9.3153196430e+02   1.0789376346e-01   0.0000000000e+00   5.3693607139e-01   0.0000000000e+00   0.0000000000e+00   3.5517016515e-01
   9.3153196430e+02   1.0789376346e-01   0.0000000000e+00   5.3693607139e-01   0.0000000000e+00   0.0000000000e+00   3.5517016515e-01
   9.3153196430e+02   1.0789376346e-01   0.0000000000e+00   5.3693607139e-01   0.0000000000e+00   0.0000000000e+00   3.5517016515e-01
   9.3153196430e+02   1.0789376346e-01   0.0000000000e+00   5.3693607139e-01   0.0000000000e+00   0.0000000000e+00   3.5517016515e-01
   9.3511966267e+02   1.0956562885e-01   0.0000000000e+00   5.2976067465e-01   0.0000000000e+00   0.0000000000e+00   3.6067369650e-01
   9.3511966267e+02   1.0956562885e-01   0.0000000000e+00   5.2976067465e-01   0.0000000000e+00   0.0000000000e+00   3.6067369650e-01
   9.3688868638e+02   1.1038999289e-01   0.0000000000e+00   5.2622262725e-01   0.0000000000e+00   0.0000000000e+00   3.6338737986e-01
   9.3688868638e+02   1.1038999289e-01   0.0000000000e+00   5.2622262725e-01   0.0000000000e+00   0.0000000000e+00   3.6338737986e-01
   9.3688868638e+02   1.1038999289e-01   0.0000000000e+00   5.2622262725e-01   0.0000000000e+00   0.0000000000e+00   3.6338737986e-01
   9.3688868638e+02   1.1038999289e-01   0.0000000000e+00   5.2622262725e-01   0.0000000000e+00   0.0000000000e+00   3.6338737986e-01
   9.3688868638e+02   1.1038999289e-01   0.0000000000e+00   5.2622262725e-01   0.0000000000e+00   0.0000000000e+00   3.6338737986e-01
   9.3688868638e+02   1.1038999289e-01   0.0000000000e+00   5.2622262725e-01   0.0000000000e+00   0.0000000000e+00   3.6338737986e-01
   9.3688868638e+02   1.1038999289e-01   0.0000000000e+00   5.2622262725e-01   0.0000000000e+00   0.0000000000e+00   3.6338737986e-01
   9.3688868638e+02   1.1038999289e-01   0.0000000000e+00   5.2622262725e-01   0.0000000000e+00   0.0000000000e+00   3.6338737986e-01
   9.3574985116e+02   1.0985929633e-01   0.0000000000e+00   5.2850029767e-01   0.0000000000e+00   0.0000000000e+00   3.6164040600e-01
   9.3574985116e+02   1.0985929633e-01   0.0000000000e+00   5.2850029767e-01   0.0000000000e+00   0.0000000000e+00   3.6164040600e-01
   9.3574985116e+02   1.0985929633e-01   0.0000000000e+00   5.2850029767e-01   0.0000000000e+00   0.0000000000e+00   3.6164040600e-01
   9.3574985116e+02   1.0985929633e-01   0.0000000000e+00   5.2850029767e-01   0.0000000000e+00   0.0000000000e+00   3.6164040600e-01
   9.3700352885e+02   1.1044350942e-01   0.0000000000e+00   5.2599294229e-01   0.0000000000e+00   0.0000000000e+00   3.6356354829e-01
   9.3700352885e+02   1.1044350942e-01   0.0000000000e+00   5.2599294229e-01   0.0000000000e+00   0.0000000000e+00   3.6356354829e-01
   9.3449617347e+02   1.0927508324e-01   0.0000000000e+00   5.3100765305e-01   0.0000000000e+00   0.0000000000e+00   3.5971726371e-01
   9.3449617347e+02   1.0927508324e-01   0.0000000000e+00   5.3100765305e-01   0.0000000000e+00   0.0000000000e+00   3.5971726371e-01
   9.3610373602e+02   1.1002420647e-01   0.0000000000e+00   5.2779252796e-01   0.0000000000e+00   0.0000000000e+00   3.6218326557e-01
   9.3610373602e+02   1.1002420647e-01   0.0000000000e+00   5.2779252796e-01   0.0000000000e+00   0.0000000000e+00   3.6218326557e-01
   9.3610373602e+02   1.1002420647e-01   0.0000000000e+00   5.2779252796e-01   0.0000000000e+00   0.0000000000e+00   3.6218326557e-01
   9.3610373602e+02   1.1002420647e-01   0.0000000000e+00   5.2779252796e-01   0.0000000000e+00   0.0000000000e+00   3.6218326557e-01
   9.3673360357e+02   1.1031772439e-01   0.0000000000e+00   5.2653279285e-01   0.0000000000e+00   0.0000000000e+00   3.6314948275e-01
   9.3673360357e+02   1.1031772439e-01   0.0000000000e+00   5.2653279285e-01   0.0000000000e+00   0.0000000000e+00   3.6314948275e-01
   9.3673360357e+02   1.1031772439e-01   0.0000000000e+00   5.2653279285e-01   0.0000000000e+00   0.0000000000e+00   3.6314948275e-01
   9.3673360357e+02   1.1031772439e-01   0.0000000000e+00   5.2653279285e-01   0.0000000000e+00   0.0000000000e+00   3.6314948275e-01
   9.3081781624e+02   1.0756097087e-01   0.0000000000e+00   5.3836436752e-01   0.0000000000e+00   0.0000000000e+00   3.5407466161e-01
   9.3081781624e+02   1.0756097087e-01   0.0000000000e+00   5.3836436752e-01   0.0000000000e+00   0.0000000000e+00   3.5407466161e-01
   9.3081781624e+02   1.0756097087e-01   0.0000000000e+00   5.3836436752e-01   0.0000000000e+00   0.0000000000e+00   3.5407466161e-01
   9.3081781624e+02   1.0756097087e-01   0.0000000000e+00   5.3836436752e-01   0.0000000000e+00   0.0000000000e+00   3.5407466161e-01
   9.3081781624e+02   1.0756097087e-01   0.0000000000e+00   5.3836436752e-01   0.0000000000e+00   0.0000000000e+00   3.5407466161e-01
   9.3081781624e+02   1.0756097087e-01   0.0000000000e+00   5.3836436752e-01   0.0000000000e+00   0.0000000000e+00   3.5407466161e-01
   9.3081781624e+02   1.0756097087e-01   0.0000000000e+00   5.3836436752e-01   0.0000000000e+00   0.0000000000e+00   3.5407466161e-01
   9.3081781624e+02   1.0756097087e-01   0.0000000000e+00   5.3836436752e-01   0.0000000000e+00   0.0000000000e+00   3.5407466161e-01
   9.4266519383e+02   1.1308184207e-01   0.0000000000e+00   5.1466961235e-01   0.0000000000e+00   0.0000000000e+00   3.7224854558e-01
   9.4266519383e+02   1.1308184207e-01   0.0000000000e+00   5.1466961235e-01   0.0000000000e+00   0.0000000000e+00   3.7224854558e-01
   9.4266519383e+02   1.1308184207e-01   0.0000000000e+00   5.1466961235e-01   0.0000000000e+00   0.0000000000e+00   3.7224854558e-01
   9.4266519383e+02   1.1308184207e-01   0.0000000000e+00   5.1466961235e-01   0.0000000000e+00   0.0000000000e+00   3.7224854558e-01
   9.4828185030e+02   1.1569920079e-01   0.0000000000e+00   5.0343629939e-01   0.0000000000e+00   0.0000000000e+00   3.8086449982e-01
   9.4828185030e+02   1.1569920079e-01   0.0000000000e+00   5.0343629939e-01   0.0000000000e+00   0.0000000000e+00   3.8086449982e-01
   9.4828185030e+02   1.1569920079e-01   0.0000000000e+00   5.0343629939e-01   0.0000000000e+00   0.0000000000e+00   3.8086449982e-01
   9.4828185030e+02   1.1569920079e-01   0.0000000000e+00   5.0343629939e-01   0.0000000000e+00   0.0000000000e+00   3.8086449982e-01
   9.4828185030e+02   1.1569920079e-01   0.0000000000e+00   5.0343629939e-01   0.0000000000e+00   0.0000000000e+00   3.8086449982e-01
   9.4828185030e+02   1.1569920079e-01   0.0000000000e+00   5.0343629939e-01   0.0000000000e+00   0.0000000000e+00   3.8086449982e-01
   9.3578880224e+02   1.0987744751e-01   0.0000000000e+00   5.2842239551e-01   0.0000000000e+00   0.0000000000e+00   3.6170015697e-01
   9.3578880224e+02   1.0987744751e-01   0.0000000000e+00   5.2842239551e-01   0.0000000000e+00   0.0000000000e+00   3.6170015697e-01
   9.3641866980e+02   1.1017096543e-01   0.0000000000e+00   5.2716266041e-01   0.0000000000e+00   0.0000000000e+00   3.6266637416e-01
   9.3641866980e+02   1.1017096543e-01   0.0000000000e+00   5.2716266041e-01   0.0000000000e+00   0.0000000000e+00   3.6266637416e-01
   9.3641866980e+02   1.1017096543e-01   0.0000000000e+00   5.2716266041e-01   0.0000000000e+00   0.0000000000e+00   3.6266637416e-01
   9.3641866980e+02   1.1017096543e-01   0.0000000000e+00   5.2716266041e-01   0.0000000000e+00   0.0000000000e+00   3.6266637416e-01
   9.6853320797e+02   1.2513632192e-01   0.0000000000e+00   4.6293358407e-01   0.0000000000e+00   0.0000000000e+00   4.1193009401e-01
   9.6853320797e+02   1.2513632192e-01   0.0000000000e+00   4.6293358407e-01   0.0000000000e+00   0.0000000000e+00   4.1193009401e-01
   9.6853320797e+02   1.2513632192e-01   0.0000000000e+00   4.6293358407e-01   0.0000000000e+00   0.0000000000e+00   4.1193009401e-01
   9.6853320797e+02   1.2513632192e-01   0.0000000000e+00   4.6293358407e-01   0.0000000000e+00   0.0000000000e+00   4.1193009401e-01
   9.5885926858e+02   1.2062827168e-01   0.0000000000e+00   4.8228146284e-01   0.0000000000e+00   0.0000000000e+00   3.9709026548e-01
   9.5885926858e+02   1.2062827168e-01   0.0000000000e+00   4.8228146284e-01   0.0000000000e+00   0.0000000000e+00   3.9709026548e-01
   9.5885926858e+02   1.2062827168e-01   0.0000000000e+00   4.8228146284e-01   0.0000000000e+00   0.0000000000e+00   3.9709026548e-01
   9.5885926858e+02   1.2062827168e-01   0.0000000000e+00   4.8228146284e-01   0.0000000000e+00   0.0000000000e+00   3.9709026548e-01
   9.8004050782e+02   1.3049871710e-01   0.0000000000e+00   4.3991898436e-01   0.0000000000e+00   0.0000000000e+00   4.2958229854e-01
   9.8004050782e+02   1.3049871710e-01   0.0000000000e+00   4.3991898436e-01   0.0000000000e+00   0.0000000000e+00   4.2958229854e-01
   9.8004050782e+02   1.3049871710e-01   0.0000000000e+00   4.3991898436e-01   0.0000000000e+00   0.0000000000e+00   4.2958229854e-01
   9.8004050782e+02   1.3049871710e-01   0.0000000000e+00   4.3991898436e-01   0.0000000000e+00   0.0000000000e+00   4.2958229854e-01
   9.2987532226e+02   1.0712176921e-01   0.0000000000e+00   5.4024935547e-01   0.0000000000e+00   0.0000000000e+00   3.5262887532e-01
   9.2987532226e+02   1.0712176921e-01   0.0000000000e+00   5.4024935547e-01   0.0000000000e+00   0.0000000000e+00   3.5262887532e-01
   9.8784321490e+02   1.3413477415e-01   0.0000000000e+00   4.2431357021e-01   0.0000000000e+00   0.0000000000e+00   4.4155165564e-01
   9.8784321490e+02   1.3413477415e-01   0.0000000000e+00   4.2431357021e-01   0.0000000000e+00   0.0000000000e+00   4.4155165564e-01
   9.6086969908e+02   1.2156513115e-01   0.0000000000e+00   4.7826060184e-01   0.0000000000e+00   0.0000000000e+00   4.0017426701e-01
   9.6086969908e+02   1.2156513115e-01   0.0000000000e+00   4.7826060184e-01   0.0000000000e+00   0.0000000000e+00   4.0017426701e-01
   9.6086969908e+02   1.2156513115e-01   0.0000000000e+00   4.7826060184e-01   0.0000000000e+00   0.0000000000e+00   4.0017426701e-01
   9.6086969908e+02   1.2156513115e-01   0.0000000000e+00   4.7826060184e-01   0.0000000000e+00   0.0000000000e+00   4.0017426701e-01
   9.5952941208e+02   1.2094055817e-01   0.0000000000e+00   4.8094117584e-01   0.0000000000e+00   0.0000000000e+00   3.9811826599e-01
   9.5952941208e+02   1.2094055817e-01   0.0000000000e+00   4.8094117584e-01   0.0000000000e+00   0.0000000000e+00   3.9811826599e-01
   9.5952941208e+02   1.2094055817e-01   0.0000000000e+00   4.8094117584e-01   0.0000000000e+00   0.0000000000e+00   3.9811826599e-01
   9.5952941208e+02   1.2094055817e-01   0.0000000000e+00   4.8094117584e-01   0.0000000000e+00   0.0000000000e+00   3.9811826599e-01
   9.8579415774e+02   1.3317991469e-01   0.0000000000e+00   4.2841168451e-01   0.0000000000e+00   0.0000000000e+00   4.3840840080e-01
   9.8579415774e+02   1.3317991469e-01   0.0000000000e+00   4.2841168451e-01   0.0000000000e+00   0.0000000000e+00   4.3840840080e-01
   9.8579415774e+02   1.3317991469e-01   0.0000000000e+00   4.2841168451e-01   0.0000000000e+00   0.0000000000e+00   4.3840840080e-01
   9.8579415774e+02   1.3317991469e-01   0.0000000000e+00   4.2841168451e-01   0.0000000000e+00   0.0000000000e+00   4.3840840080e-01
   9.6277955804e+02   1.2245512434e-01   0.0000000000e+00   4.7444088392e-01   0.0000000000e+00   0.0000000000e+00   4.0310399175e-01
   9.6277955804e+02   1.2245512434e-01   0.0000000000e+00   4.7444088392e-01   0.0000000000e+00   0.0000000000e+00   4.0310399175e-01
   9.6277955804e+02   1.2245512434e-01   0.0000000000e+00   4.7444088392e-01   0.0000000000e+00   0.0000000000e+00   4.0310399175e-01
   9.6277955804e+02   1.2245512434e-01   0.0000000000e+00   4.7444088392e-01   0.0000000000e+00   0.0000000000e+00   4.0310399175e-01
   9.6561651217e+02   1.2377714335e-01   0.0000000000e+00   4.6876697565e-01   0.0000000000e+00   0.0000000000e+00   4.0745588100e-01
   9.6561651217e+02   1.2377714335e-01   0.0000000000e+00   4.6876697565e-01   0.0000000000e+00   0.0000000000e+00   4.0745588100e-01
   9.6561651217e+02   1.2377714335e-01   0.0000000000e+00   4.6876697565e-01   0.0000000000e+00   0.0000000000e+00   4.0745588100e-01
   9.6561651217e+02   1.2377714335e-01   0.0000000000e+00   4.6876697565e-01   0.0000000000e+00   0.0000000000e+00   4.0745588100e-01
   9.6918589869e+02   1.2544047543e-01   0.0000000000e+00   4.6162820262e-01   0.0000000000e+00   0.0000000000e+00   4.1293132195e-01
   9.6918589869e+02   1.2544047543e-01   0.0000000000e+00   4.6162820262e-01   0.0000000000e+00   0.0000000000e+00   4.1293132195e-01
   9.4776957959e+02   1.1546048293e-01   0.0000000000e+00   5.0446084081e-01   0.0000000000e+00   0.0000000000e+00   3.8007867626e-01
   9.4776957959e+02   1.1546048293e-01   0.0000000000e+00   5.0446084081e-01   0.0000000000e+00   0.0000000000e+00   3.8007867626e-01
   9.6164510384e+02   1.2192646932e-01   0.0000000000e+00   4.7670979232e-01   0.0000000000e+00   0.0000000000e+00   4.0136373835e-01
   9.6164510384e+02   1.2192646932e-01   0.0000000000e+00   4.7670979232e-01   0.0000000000e+00   0.0000000000e+00   4.0136373835e-01
   9.6164510384e+02   1.2192646932e-01   0.0000000000e+00   4.7670979232e-01   0.0000000000e+00   0.0000000000e+00   4.0136373835e-01
   9.6164510384e+02   1.2192646932e-01   0.0000000000e+00   4.7670979232e-01   0.0000000000e+00   0.0000000000e+00   4.0136373835e-01
   9.6164510384e+02   1.2192646932e-01   0.0000000000e+00   4.7670979232e-01   0.0000000000e+00   0.0000000000e+00   4.0136373835e-01
   9.6164510384e+02   1.2192646932e-01   0.0000000000e+00   4.7670979232e-01   0.0000000000e+00   0.0000000000e+00   4.0136373835e-01
   9.6164510384e+02   1.2192646932e-01   0.0000000000e+00   4.7670979232e-01   0.0000000000e+00   0.0000000000e+00   4.0136373835e-01
   9.6164510384e+02   1.2192646932e-01   0.0000000000e+00   4.7670979232e-01   0.0000000000e+00   0.0000000000e+00   4.0136373835e-01
   9.3121560926e+02   1.0774634219e-01   0.0000000000e+00   5.3756878147e-01   0.0000000000e+00   0.0000000000e+00   3.5468487634e-01
   9.3121560926e+02   1.0774634219e-01   0.0000000000e+00   5.3756878147e-01   0.0000000000e+00   0.0000000000e+00   3.5468487634e-01
   9.6822456196e+02   1.2499249306e-01   0.0000000000e+00   4.6355087608e-01   0.0000000000e+00   0.0000000000e+00   4.1145663086e-01
   9.6822456196e+02   1.2499249306e-01   0.0000000000e+00   4.6355087608e-01   0.0000000000e+00   0.0000000000e+00   4.1145663086e-01
   9.7562635250e+02   1.2844172324e-01   0.0000000000e+00   4.4874729500e-01   0.0000000000e+00   0.0000000000e+00   4.2281098177e-01
   9.7562635250e+02   1.2844172324e-01   0.0000000000e+00   4.4874729500e-01   0.0000000000e+00   0.0000000000e+00   4.2281098177e-01
   9.6822456196e+02   1.2499249306e-01   0.0000000000e+00   4.6355087608e-01   0.0000000000e+00   0.0000000000e+00   4.1145663086e-01
   9.6822456196e+02   1.2499249306e-01   0.0000000000e+00   4.6355087608e-01   0.0000000000e+00   0.0000000000e+00   4.1145663086e-01
   9.5985523862e+02   1.2109239315e-01   0.0000000000e+00   4.8028952276e-01   0.0000000000e+00   0.0000000000e+00   3.9861808409e-01
   9.5985523862e+02   1.2109239315e-01   0.0000000000e+00   4.8028952276e-01   0.0000000000e+00   0.0000000000e+00   3.9861808409e-01
   9.5985523862e+02   1.2109239315e-01   0.0000000000e+00   4.8028952276e-01   0.0000000000e+00   0.0000000000e+00   3.9861808409e-01
   9.5985523862e+02   1.2109239315e-01   0.0000000000e+00   4.8028952276e-01   0.0000000000e+00   0.0000000000e+00   3.9861808409e-01
   9.5985523862e+02   1.2109239315e-01   0.0000000000e+00   4.8028952276e-01   0.0000000000e+00   0.0000000000e+00   3.9861808409e-01
   9.5985523862e+02   1.2109239315e-01   0.0000000000e+00   4.8028952276e-01   0.0000000000e+00   0.0000000000e+00   3.9861808409e-01
   9.5985523862e+02   1.2109239315e-01   0.0000000000e+00   4.8028952276e-01   0.0000000000e+00   0.0000000000e+00   3.9861808409e-01
   9.5985523862e+02   1.2109239315e-01   0.0000000000e+00   4.8028952276e-01   0.0000000000e+00   0.0000000000e+00   3.9861808409e-01