# time = 105.662
# Grid Poins = 256    variable_0    variable_1    variable_2    variable_3    variable_4    variable_5    variable_6
   9.5000000272e+02   1.1649985884e-01   0.0000000000e+00   4.9999999457e-01   0.0000000000e+00   0.0000000000e+00   3.8350014660e-01
   9.5000000272e+02   1.1649985884e-01   0.0000000000e+00   4.9999999457e-01   0.0000000000e+00   0.0000000000e+00   3.8350014660e-01
   9.5000000336e+02   1.1649985914e-01   0.0000000000e+00   4.9999999328e-01   0.0000000000e+00   0.0000000000e+00   3.8350014759e-01
   9.5000000336e+02   1.1649985914e-01   0.0000000000e+00   4.9999999328e-01   0.0000000000e+00   0.0000000000e+00   3.8350014759e-01
   9.5000000336e+02   1.1649985914e-01   0.0000000000e+00   4.9999999328e-01   0.0000000000e+00   0.0000000000e+00   3.8350014759e-01
   9.5000000336e+02   1.1649985914e-01   0.0000000000e+00   4.9999999328e-01   0.0000000000e+00   0.0000000000e+00   3.8350014759e-01
   9.5000000272e+02   1.1649985884e-01   0.0000000000e+00   4.9999999457e-01   0.0000000000e+00   0.0000000000e+00   3.8350014660e-01
   9.5000000272e+02   1.1649985884e-01   0.0000000000e+00   4.9999999457e-01   0.0000000000e+00   0.0000000000e+00   3.8350014660e-01
   9.5000000320e+02   1.1649985906e-01   0.0000000000e+00   4.9999999360e-01   0.0000000000e+00   0.0000000000e+00   3.8350014734e-01
   9.5000000320e+02   1.1649985906e-01   0.0000000000e+00   4.9999999360e-01   0.0000000000e+00   0.0000000000e+00   3.8350014734e-01
   9.5000000306e+02   1.1649985900e-01   0.0000000000e+00   4.9999999388e-01   0.0000000000e+00   0.0000000000e+00   3.8350014712e-01
   9.5000000306e+02   1.1649985900e-01   0.0000000000e+00   4.9999999388e-01   0.0000000000e+00   0.0000000000e+00   3.8350014712e-01
   9.5000000357e+02   1.1649985924e-01   0.0000000000e+00   4.9999999285e-01   0.0000000000e+00   0.0000000000e+00   3.8350014791e-01
   9.5000000357e+02   1.1649985924e-01   0.0000000000e+00   4.9999999285e-01   0.0000000000e+00   0.0000000000e+00   3.8350014791e-01
   9.5000000357e+02   1.1649985924e-01   0.0000000000e+00   4.9999999285e-01   0.0000000000e+00   0.0000000000e+00   3.8350014791e-01
   9.5000000357e+02   1.1649985924e-01   0.0000000000e+00   4.9999999285e-01   0.0000000000e+00   0.0000000000e+00   3.8350014791e-01
   9.5000000302e+02   1.1649985898e-01   0.0000000000e+00   4.9999999396e-01   0.0000000000e+00   0.0000000000e+00   3.8350014706e-01
   9.5000000302e+02   1.1649985898e-01   0.0000000000e+00   4.9999999396e-01   0.0000000000e+00   0.0000000000e+00   3.8350014706e-01
   9.5000000302e+02   1.1649985898e-01   0.0000000000e+00   4.9999999396e-01   0.0000000000e+00   0.0000000000e+00   3.8350014706e-01
   9.5000000302e+02   1.1649985898e-01   0.0000000000e+00   4.9999999396e-01   0.0000000000e+00   0.0000000000e+00   3.8350014706e-01
   9.5000000302e+02   1.1649985898e-01   0.0000000000e+00   4.9999999396e-01   0.0000000000e+00   0.0000000000e+00   3.8350014706e-01
   9.5000000302e+02   1.1649985898e-01   0.0000000000e+00   4.9999999396e-01   0.0000000000e+00   0.0000000000e+00   3.8350014706e-01
   9.5000000302e+02   1.1649985898e-01   0.0000000000e+00   4.9999999396e-01   0.0000000000e+00   0.0000000000e+00   3.8350014706e-01
   9.5000000302e+02   1.1649985898e-01   0.0000000000e+00   4.9999999396e-01   0.0000000000e+00   0.0000000000e+00   3.8350014706e-01
   9.5000000339e+02   1.1649985915e-01   0.0000000000e+00   4.9999999322e-01   0.0000000000e+00   0.0000000000e+00   3.8350014763e-01
   9.5000000339e+02   1.1649985915e-01   0.0000000000e+00   4.9999999322e-01   0.0000000000e+00   0.0000000000e+00   3.8350014763e-01
   9.5000000339e+02   1.1649985915e-01   0.0000000000e+00   4.9999999322e-01   0.0000000000e+00   0.0000000000e+00   3.8350014763e-01
   9.5000000339e+02   1.1649985915e-01   0.0000000000e+00   4.9999999322e-01   0.0000000000e+00   0.0000000000e+00   3.8350014763e-01
   9.5000000339e+02   1.1649985915e-01   0.0000000000e+00   4.9999999322e-01   0.0000000000e+00   0.0000000000e+00   3.8350014763e-01
   9.5000000339e+02   1.1649985915e-01   0.0000000000e+00   4.9999999322e-01   0.0000000000e+00   0.0000000000e+00   3.8350014763e-01
   9.5000000339e+02   1.1649985915e-01   0.0000000000e+00   4.9999999322e-01   0.0000000000e+00   0.0000000000e+00   3.8350014763e-01
   9.5000000339e+02   1.1649985915e-01   0.0000000000e+00   4.9999999322e-01   0.0000000000e+00   0.0000000000e+00   3.8350014763e-01
   9.4999999700e+02   1.1649985617e-01   0.0000000000e+00   5.0000000599e-01   0.0000000000e+00   0.0000000000e+00   3.8350013783e-01
   9.4999999700e+02   1.1649985617e-01   0.0000000000e+00   5.0000000599e-01   0.0000000000e+00   0.0000000000e+00   3.8350013783e-01
   9.4999999700e+02   1.1649985617e-01   0.0000000000e+00   5.0000000599e-01   0.0000000000e+00   0.0000000000e+00   3.8350013783e-01
   9.4999999700e+02   1.1649985617e-01   0.0000000000e+00   5.0000000599e-01   0.0000000000e+00   0.0000000000e+00   3.8350013783e-01
   9.5000000011e+02   1.1649985762e-01   0.0000000000e+00   4.9999999979e-01   0.0000000000e+00   0.0000000000e+00   3.8350014259e-01
   9.5000000011e+02   1.1649985762e-01   0.0000000000e+00   4.9999999979e-01   0.0000000000e+00   0.0000000000e+00   3.8350014259e-01
   9.5000000011e+02   1.1649985762e-01   0.0000000000e+00   4.9999999979e-01   0.0000000000e+00   0.0000000000e+00   3.8350014259e-01
   9.5000000011e+02   1.1649985762e-01   0.0000000000e+00   4.9999999979e-01   0.0000000000e+00   0.0000000000e+00   3.8350014259e-01
   9.4999999718e+02   1.1649985626e-01   0.0000000000e+00   5.0000000563e-01   0.0000000000e+00   0.0000000000e+00   3.8350013811e-01
   9.4999999718e+02   1.1649985626e-01   0.0000000000e+00   5.0000000563e-01   0.0000000000e+00   0.0000000000e+00   3.8350013811e-01
   9.4999999718e+02   1.1649985626e-01   0.0000000000e+00   5.0000000563e-01   0.0000000000e+00   0.0000000000e+00   3.8350013811e-01
   9.4999999718e+02   1.1649985626e-01   0.0000000000e+00   5.0000000563e-01   0.0000000000e+00   0.0000000000e+00   3.8350013811e-01
   9.4999999444e+02   1.1649985498e-01   0.0000000000e+00   5.0000001112e-01   0.0000000000e+00   0.0000000000e+00   3.8350013390e-01
   9.4999999444e+02   1.1649985498e-01   0.0000000000e+00   5.0000001112e-01   0.0000000000e+00   0.0000000000e+00   3.8350013390e-01
   9.4999999444e+02   1.1649985498e-01   0.0000000000e+00   5.0000001112e-01   0.0000000000e+00   0.0000000000e+00   3.8350013390e-01
   9.4999999444e+02   1.1649985498e-01   0.0000000000e+00   5.0000001112e-01   0.0000000000e+00   0.0000000000e+00   3.8350013390e-01
   9.5000000477e+02   1.1649985979e-01   0.0000000000e+00   4.9999999045e-01   0.0000000000e+00   0.0000000000e+00   3.8350014975e-01
   9.5000000477e+02   1.1649985979e-01   0.0000000000e+00   4.9999999045e-01   0.0000000000e+00   0.0000000000e+00   3.8350014975e-01
   9.5000000477e+02   1.1649985979e-01   0.0000000000e+00   4.9999999045e-01   0.0000000000e+00   0.0000000000e+00   3.8350014975e-01
   9.5000000477e+02   1.1649985979e-01   0.0000000000e+00   4.9999999045e-01   0.0000000000e+00   0.0000000000e+00   3.8350014975e-01
   9.5000000477e+02   1.1649985979e-01   0.0000000000e+00   4.9999999045e-01   0.0000000000e+00   0.0000000000e+00   3.8350014975e-01
   9.5000000477e+02   1.1649985979e-01   0.0000000000e+00   4.9999999045e-01   0.0000000000e+00   0.0000000000e+00   3.8350014975e-01
   9.5000000477e+02   1.1649985979e-01   0.0000000000e+00   4.9999999045e-01   0.0000000000e+00   0.0000000000e+00   3.8350014975e-01
   9.5000000477e+02   1.1649985979e-01   0.0000000000e+00   4.9999999045e-01   0.0000000000e+00   0.0000000000e+00   3.8350014975e-01
   9.5000000293e+02   1.1649985893e-01   0.0000000000e+00   4.9999999415e-01   0.0000000000e+00   0.0000000000e+00   3.8350014692e-01
   9.5000000293e+02   1.1649985893e-01   0.0000000000e+00   4.9999999415e-01   0.0000000000e+00   0.0000000000e+00   3.8350014692e-01
   9.4999999621e+02   1.1649985580e-01   0.0000000000e+00   5.0000000758e-01   0.0000000000e+00   0.0000000000e+00   3.8350013661e-01
   9.4999999621e+02   1.1649985580e-01   0.0000000000e+00   5.0000000758e-01   0.0000000000e+00   0.0000000000e+00   3.8350013661e-01
   9.5000000293e+02   1.1649985893e-01   0.0000000000e+00   4.9999999415e-01   0.0000000000e+00   0.0000000000e+00   3.8350014692e-01
   9.5000000293e+02   1.1649985893e-01   0.0000000000e+00   4.9999999415e-01   0.0000000000e+00   0.0000000000e+00   3.8350014692e-01
   9.4999999621e+02   1.1649985580e-01   0.0000000000e+00   5.0000000758e-01   0.0000000000e+00   0.0000000000e+00   3.8350013661e-01
   9.4999999621e+02   1.1649985580e-01   0.0000000000e+00   5.0000000758e-01   0.0000000000e+00   0.0000000000e+00   3.8350013661e-01
   9.4999999947e+02   1.1649985732e-01   0.0000000000e+00   5.0000000106e-01   0.0000000000e+00   0.0000000000e+00   3.8350014162e-01
   9.4999999947e+02   1.1649985732e-01   0.0000000000e+00   5.0000000106e-01   0.0000000000e+00   0.0000000000e+00   3.8350014162e-01
   9.4999999687e+02   1.1649985611e-01   0.0000000000e+00   5.0000000626e-01   0.0000000000e+00   0.0000000000e+00   3.8350013763e-01
   9.4999999687e+02   1.1649985611e-01   0.0000000000e+00   5.0000000626e-01   0.0000000000e+00   0.0000000000e+00   3.8350013763e-01
   9.4999999947e+02   1.1649985732e-01   0.0000000000e+00   5.0000000106e-01   0.0000000000e+00   0.0000000000e+00   3.8350014162e-01
   9.4999999947e+02   1.1649985732e-01   0.0000000000e+00   5.0000000106e-01   0.0000000000e+00   0.0000000000e+00   3.8350014162e-01
   9.5000000207e+02   1.1649985853e-01   0.0000000000e+00   4.9999999586e-01   0.0000000000e+00   0.0000000000e+00   3.8350014560e-01
   9.5000000207e+02   1.1649985853e-01   0.0000000000e+00   4.9999999586e-01   0.0000000000e+00   0.0000000000e+00   3.8350014560e-01
   9.4999999514e+02   1.1649985530e-01   0.0000000000e+00   5.0000000972e-01   0.0000000000e+00   0.0000000000e+00   3.8350013497e-01
   9.4999999514e+02   1.1649985530e-01   0.0000000000e+00   5.0000000972e-01   0.0000000000e+00   0.0000000000e+00   3.8350013497e-01
   9.4999999860e+02   1.1649985692e-01   0.0000000000e+00   5.0000000279e-01   0.0000000000e+00   0.0000000000e+00   3.8350014029e-01
   9.4999999860e+02   1.1649985692e-01   0.0000000000e+00   5.0000000279e-01   0.0000000000e+00   0.0000000000e+00   3.8350014029e-01
   9.4999999860e+02   1.1649985692e-01   0.0000000000e+00   5.0000000279e-01   0.0000000000e+00   0.0000000000e+00   3.8350014029e-01
   9.4999999860e+02   1.1649985692e-01   0.0000000000e+00   5.0000000279e-01   0.0000000000e+00   0.0000000000e+00   3.8350014029e-01
   9.4999999860e+02   1.1649985692e-01   0.0000000000e+00   5.0000000279e-01   0.0000000000e+00   0.0000000000e+00   3.8350014029e-01
   9.4999999860e+02   1.1649985692e-01   0.0000000000e+00   5.0000000279e-01   0.0000000000e+00   0.0000000000e+00   3.8350014029e-01
   9.4999999949e+02   1.1649985733e-01   0.0000000000e+00   5.0000000102e-01   0.0000000000e+00   0.0000000000e+00   3.8350014165e-01
   9.4999999949e+02   1.1649985733e-01   0.0000000000e+00   5.0000000102e-01   0.0000000000e+00   0.0000000000e+00   3.8350014165e-01
   9.4999999949e+02   1.1649985733e-01   0.0000000000e+00   5.0000000102e-01   0.0000000000e+00   0.0000000000e+00   3.8350014165e-01
   9.4999999949e+02   1.1649985733e-01   0.0000000000e+00   5.0000000102e-01   0.0000000000e+00   0.0000000000e+00   3.8350014165e-01
   9.4999999949e+02   1.1649985733e-01   0.0000000000e+00   5.0000000102e-01   0.0000000000e+00   0.0000000000e+00   3.8350014165e-01
   9.4999999949e+02   1.1649985733e-01   0.0000000000e+00   5.0000000102e-01   0.0000000000e+00   0.0000000000e+00   3.8350014165e-01
   9.4999999949e+02   1.1649985733e-01   0.0000000000e+00   5.0000000102e-01   0.0000000000e+00   0.0000000000e+00   3.8350014165e-01
   9.4999999949e+02   1.1649985733e-01   0.0000000000e+00   5.0000000102e-01   0.0000000000e+00   0.0000000000e+00   3.8350014165e-01
   9.4999999949e+02   1.1649985733e-01   0.0000000000e+00   5.0000000102e-01   0.0000000000e+00   0.0000000000e+00   3.8350014165e-01
   9.4999999949e+02   1.1649985733e-01   0.0000000000e+00   5.0000000102e-01   0.0000000000e+00   0.0000000000e+00   3.8350014165e-01
   9.4999999949e+02   1.1649985733e-01   0.0000000000e+00   5.0000000102e-01   0.0000000000e+00   0.0000000000e+00   3.8350014165e-01
   9.4999999949e+02   1.1649985733e-01   0.0000000000e+00   5.0000000102e-01   0.0000000000e+00   0.0000000000e+00   3.8350014165e-01
   9.4999999949e+02   1.1649985733e-01   0.0000000000e+00   5.0000000102e-01   0.0000000000e+00   0.0000000000e+00   3.8350014165e-01
   9.4999999949e+02   1.1649985733e-01   0.0000000000e+00   5.0000000102e-01   0.0000000000e+00   0.0000000000e+00   3.8350014165e-01
   9.4999999949e+02   1.1649985733e-01   0.0000000000e+00   5.0000000102e-01   0.0000000000e+00   0.0000000000e+00   3.8350014165e-01
   9.4999999949e+02   1.1649985733e-01   0.0000000000e+00   5.0000000102e-01   0.0000000000e+00   0.0000000000e+00   3.8350014165e-01
   9.5000000333e+02   1.1649985912e-01   0.0000000000e+00   4.9999999333e-01   0.0000000000e+00   0.0000000000e+00   3.8350014754e-01
   9.5000000333e+02   1.1649985912e-01   0.0000000000e+00   4.9999999333e-01   0.0000000000e+00   0.0000000000e+00   3.8350014754e-01
   9.5000000333e+02   1.1649985912e-01   0.0000000000e+00   4.9999999333e-01   0.0000000000e+00   0.0000000000e+00   3.8350014754e-01
   9.5000000333e+02   1.1649985912e-01   0.0000000000e+00   4.9999999333e-01   0.0000000000e+00   0.0000000000e+00   3.8350014754e-01
   9.5000000333e+02   1.1649985912e-01   0.0000000000e+00   4.9999999333e-01   0.0000000000e+00   0.0000000000e+00   3.8350014754e-01
   9.5000000333e+02   1.1649985912e-01   0.0000000000e+00   4.9999999333e-01   0.0000000000e+00   0.0000000000e+00   3.8350014754e-01
   9.5000000333e+02   1.1649985912e-01   0.0000000000e+00   4.9999999333e-01   0.0000000000e+00   0.0000000000e+00   3.8350014754e-01
   9.5000000333e+02   1.1649985912e-01   0.0000000000e+00   4.9999999333e-01   0.0000000000e+00   0.0000000000e+00   3.8350014754e-01
   9.5000000497e+02   1.1649985989e-01   0.0000000000e+00   4.9999999006e-01   0.0000000000e+00   0.0000000000e+00   3.8350015006e-01
   9.5000000497e+02   1.1649985989e-01   0.0000000000e+00   4.9999999006e-01   0.0000000000e+00   0.0000000000e+00   3.8350015006e-01
   9.5000000497e+02   1.1649985989e-01   0.0000000000e+00   4.9999999006e-01   0.0000000000e+00   0.0000000000e+00   3.8350015006e-01
   9.5000000497e+02   1.1649985989e-01   0.0000000000e+00   4.9999999006e-01   0.0000000000e+00   0.0000000000e+00   3.8350015006e-01
   9.5000000497e+02   1.1649985989e-01   0.0000000000e+00   4.9999999006e-01   0.0000000000e+00   0.0000000000e+00   3.8350015006e-01
   9.5000000497e+02   1.1649985989e-01   0.0000000000e+00   4.9999999006e-01   0.0000000000e+00   0.0000000000e+00   3.8350015006e-01
   9.5000000497e+02   1.1649985989e-01   0.0000000000e+00   4.9999999006e-01   0.0000000000e+00   0.0000000000e+00   3.8350015006e-01
   9.5000000497e+02   1.1649985989e-01   0.0000000000e+00   4.9999999006e-01   0.0000000000e+00   0.0000000000e+00   3.8350015006e-01
   9.5000000586e+02   1.1649986030e-01   0.0000000000e+00   4.9999998827e-01   0.0000000000e+00   0.0000000000e+00   3.8350015143e-01
   9.5000000586e+02   1.1649986030e-01   0.0000000000e+00   4.9999998827e-01   0.0000000000e+00   0.0000000000e+00   3.8350015143e-01
   9.5000000586e+02   1.1649986030e-01   0.0000000000e+00   4.9999998827e-01   0.0000000000e+00   0.0000000000e+00   3.8350015143e-01
   9.5000000586e+02   1.1649986030e-01   0.0000000000e+00   4.9999998827e-01   0.0000000000e+00   0.0000000000e+00   3.8350015143e-01
   9.5000000333e+02   1.1649985912e-01   0.0000000000e+00   4.9999999333e-01   0.0000000000e+00   0.0000000000e+00   3.8350014754e-01
   9.5000000333e+02   1.1649985912e-01   0.0000000000e+00   4.9999999333e-01   0.0000000000e+00   0.0000000000e+00   3.8350014754e-01
   9.5000000333e+02   1.1649985912e-01   0.0000000000e+00   4.9999999333e-01   0.0000000000e+00   0.0000000000e+00   3.8350014754e-01
   9.5000000333e+02   1.1649985912e-01   0.0000000000e+00   4.9999999333e-01   0.0000000000e+00   0.0000000000e+00   3.8350014754e-01
   9.5000000460e+02   1.1649985971e-01   0.0000000000e+00   4.9999999080e-01   0.0000000000e+00   0.0000000000e+00   3.8350014948e-01
   9.5000000460e+02   1.1649985971e-01   0.0000000000e+00   4.9999999080e-01   0.0000000000e+00   0.0000000000e+00   3.8350014948e-01
   9.5000000460e+02   1.1649985971e-01   0.0000000000e+00   4.9999999080e-01   0.0000000000e+00   0.0000000000e+00   3.8350014948e-01
   9.5000000460e+02   1.1649985971e-01   0.0000000000e+00   4.9999999080e-01   0.0000000000e+00   0.0000000000e+00   3.8350014948e-01
   9.5000000333e+02   1.1649985912e-01   0.0000000000e+00   4.9999999333e-01   0.0000000000e+00   0.0000000000e+00   3.8350014754e-01
   9.5000000333e+02   1.1649985912e-01   0.0000000000e+00   4.9999999333e-01   0.0000000000e+00   0.0000000000e+00   3.8350014754e-01
   9.5000000586e+02   1.1649986030e-01   0.0000000000e+00   4.9999998827e-01   0.0000000000e+00   0.0000000000e+00   3.8350015143e-01
   9.5000000586e+02   1.1649986030e-01   0.0000000000e+00   4.9999998827e-01   0.0000000000e+00   0.0000000000e+00   3.8350015143e-01
   9.5000000318e+02   1.1649985905e-01   0.0000000000e+00   4.9999999364e-01   0.0000000000e+00   0.0000000000e+00   3.8350014730e-01
   9.5000000318e+02   1.1649985905e-01   0.0000000000e+00   4.9999999364e-01   0.0000000000e+00   0.0000000000e+00   3.8350014730e-01
   9.4999999976e+02   1.1649985746e-01   0.0000000000e+00   5.0000000049e-01   0.0000000000e+00   0.0000000000e+00   3.8350014206e-01
   9.4999999976e+02   1.1649985746e-01   0.0000000000e+00   5.0000000049e-01   0.0000000000e+00   0.0000000000e+00   3.8350014206e-01
   9.4999999976e+02   1.1649985746e-01   0.0000000000e+00   5.0000000049e-01   0.0000000000e+00   0.0000000000e+00   3.8350014206e-01
   9.4999999976e+02   1.1649985746e-01   0.0000000000e+00   5.0000000049e-01   0.0000000000e+00   0.0000000000e+00   3.8350014206e-01
   9.5000000318e+02   1.1649985905e-01   0.0000000000e+00   4.9999999364e-01   0.0000000000e+00   0.0000000000e+00   3.8350014730e-01
   9.5000000318e+02   1.1649985905e-01   0.0000000000e+00   4.9999999364e-01   0.0000000000e+00   0.0000000000e+00   3.8350014730e-01
   9.5000000403e+02   1.1649985945e-01   0.0000000000e+00   4.9999999193e-01   0.0000000000e+00   0.0000000000e+00   3.8350014862e-01
   9.5000000403e+02   1.1649985945e-01   0.0000000000e+00   4.9999999193e-01   0.0000000000e+00   0.0000000000e+00   3.8350014862e-01
   9.5000000403e+02   1.1649985945e-01   0.0000000000e+00   4.9999999193e-01   0.0000000000e+00   0.0000000000e+00   3.8350014862e-01
   9.5000000403e+02   1.1649985945e-01   0.0000000000e+00   4.9999999193e-01   0.0000000000e+00   0.0000000000e+00   3.8350014862e-01
   9.5000000574e+02   1.1649986025e-01   0.0000000000e+00   4.9999998851e-01   0.0000000000e+00   0.0000000000e+00   3.8350015124e-01
   9.5000000574e+02   1.1649986025e-01   0.0000000000e+00   4.9999998851e-01   0.0000000000e+00   0.0000000000e+00   3.8350015124e-01
   9.5000000574e+02   1.1649986025e-01   0.0000000000e+00   4.9999998851e-01   0.0000000000e+00   0.0000000000e+00   3.8350015124e-01
   9.5000000574e+02   1.1649986025e-01   0.0000000000e+00   4.9999998851e-01   0.0000000000e+00   0.0000000000e+00   3.8350015124e-01
   9.4999999539e+02   1.1649985542e-01   0.0000000000e+00   5.0000000921e-01   0.0000000000e+00   0.0000000000e+00   3.8350013536e-01
   9.4999999539e+02   1.1649985542e-01   0.0000000000e+00   5.0000000921e-01   0.0000000000e+00   0.0000000000e+00   3.8350013536e-01
   9.4999999539e+02   1.1649985542e-01   0.0000000000e+00   5.0000000921e-01   0.0000000000e+00   0.0000000000e+00   3.8350013536e-01
   9.4999999539e+02   1.1649985542e-01   0.0000000000e+00   5.0000000921e-01   0.0000000000e+00   0.0000000000e+00   3.8350013536e-01
   9.4999999044e+02   1.1649985311e-01   0.0000000000e+00   5.0000001913e-01   0.0000000000e+00   0.0000000000e+00   3.8350012776e-01
   9.4999999044e+02   1.1649985311e-01   0.0000000000e+00   5.0000001913e-01   0.0000000000e+00   0.0000000000e+00   3.8350012776e-01
   9.4999999044e+02   1.1649985311e-01   0.0000000000e+00   5.0000001913e-01   0.0000000000e+00   0.0000000000e+00   3.8350012776e-01
   9.4999999044e+02   1.1649985311e-01   0.0000000000e+00   5.0000001913e-01   0.0000000000e+00   0.0000000000e+00   3.8350012776e-01
   9.5000000079e+02   1.1649985794e-01   0.0000000000e+00   4.9999999841e-01   0.0000000000e+00   0.0000000000e+00   3.8350014365e-01
   9.5000000079e+02   1.1649985794e-01   0.0000000000e+00   4.9999999841e-01   0.0000000000e+00   0.0000000000e+00   3.8350014365e-01
   9.4999998999e+02   1.1649985291e-01   0.0000000000e+00   5.0000002001e-01   0.0000000000e+00   0.0000000000e+00   3.8350012708e-01
   9.4999998999e+02   1.1649985291e-01   0.0000000000e+00   5.0000002001e-01   0.0000000000e+00   0.0000000000e+00   3.8350012708e-01
   9.4999999044e+02   1.1649985311e-01   0.0000000000e+00   5.0000001913e-01   0.0000000000e+00   0.0000000000e+00   3.8350012776e-01
   9.4999999044e+02   1.1649985311e-01   0.0000000000e+00   5.0000001913e-01   0.0000000000e+00   0.0000000000e+00   3.8350012776e-01
   9.4999999044e+02   1.1649985311e-01   0.0000000000e+00   5.0000001913e-01   0.0000000000e+00   0.0000000000e+00   3.8350012776e-01
   9.4999999044e+02   1.1649985311e-01   0.0000000000e+00   5.0000001913e-01   0.0000000000e+00   0.0000000000e+00   3.8350012776e-01
   9.4999998953e+02   1.1649985269e-01   0.0000000000e+00   5.0000002093e-01   0.0000000000e+00   0.0000000000e+00   3.8350012638e-01
   9.4999998953e+02   1.1649985269e-01   0.0000000000e+00   5.0000002093e-01   0.0000000000e+00   0.0000000000e+00   3.8350012638e-01
   9.4999998953e+02   1.1649985269e-01   0.0000000000e+00   5.0000002093e-01   0.0000000000e+00   0.0000000000e+00   3.8350012638e-01
   9.4999998953e+02   1.1649985269e-01   0.0000000000e+00   5.0000002093e-01   0.0000000000e+00   0.0000000000e+00   3.8350012638e-01
   9.4999998953e+02   1.1649985269e-01   0.0000000000e+00   5.0000002093e-01   0.0000000000e+00   0.0000000000e+00   3.8350012638e-01
   9.4999998953e+02   1.1649985269e-01   0.0000000000e+00   5.0000002093e-01   0.0000000000e+00   0.0000000000e+00   3.8350012638e-01
   9.4999998953e+02   1.1649985269e-01   0.0000000000e+00   5.0000002093e-01   0.0000000000e+00   0.0000000000e+00   3.8350012638e-01
   9.4999998953e+02   1.1649985269e-01   0.0000000000e+00   5.0000002093e-01   0.0000000000e+00   0.0000000000e+00   3.8350012638e-01
   9.5000000774e+02   1.1649986118e-01   0.0000000000e+00   4.9999998453e-01   0.0000000000e+00   0.0000000000e+00   3.8350015430e-01
   9.5000000774e+02   1.1649986118e-01   0.0000000000e+00   4.9999998453e-01   0.0000000000e+00   0.0000000000e+00   3.8350015430e-01
   9.5000000774e+02   1.1649986118e-01   0.0000000000e+00   4.9999998453e-01   0.0000000000e+00   0.0000000000e+00   3.8350015430e-01
   9.5000000774e+02   1.1649986118e-01   0.0000000000e+00   4.9999998453e-01   0.0000000000e+00   0.0000000000e+00   3.8350015430e-01
   9.5000000774e+02   1.1649986118e-01   0.0000000000e+00   4.9999998453e-01   0.0000000000e+00   0.0000000000e+00   3.8350015430e-01
   9.5000000774e+02   1.1649986118e-01   0.0000000000e+00   4.9999998453e-01   0.0000000000e+00   0.0000000000e+00   3.8350015430e-01
   9.5000000774e+02   1.1649986118e-01   0.0000000000e+00   4.9999998453e-01   0.0000000000e+00   0.0000000000e+00   3.8350015430e-01
   9.5000000774e+02   1.1649986118e-01   0.0000000000e+00   4.9999998453e-01   0.0000000000e+00   0.0000000000e+00   3.8350015430e-01
   9.4999998999e+02   1.1649985291e-01   0.0000000000e+00   5.0000002001e-01   0.0000000000e+00   0.0000000000e+00   3.8350012708e-01
   9.4999998999e+02   1.1649985291e-01   0.0000000000e+00   5.0000002001e-01   0.0000000000e+00   0.0000000000e+00   3.8350012708e-01
   9.4999998999e+02   1.1649985291e-01   0.0000000000e+00   5.0000002001e-01   0.0000000000e+00   0.0000000000e+00   3.8350012708e-01
   9.4999998999e+02   1.1649985291e-01   0.0000000000e+00   5.0000002001e-01   0.0000000000e+00   0.0000000000e+00   3.8350012708e-01
   9.4999998999e+02   1.1649985291e-01   0.0000000000e+00   5.0000002001e-01   0.0000000000e+00   0.0000000000e+00   3.8350012708e-01
   9.4999998999e+02   1.1649985291e-01   0.0000000000e+00   5.0000002001e-01   0.0000000000e+00   0.0000000000e+00   3.8350012708e-01
   9.4999998999e+02   1.1649985291e-01   0.0000000000e+00   5.0000002001e-01   0.0000000000e+00   0.0000000000e+00   3.8350012708e-01
   9.4999998999e+02   1.1649985291e-01   0.0000000000e+00   5.0000002001e-01   0.0000000000e+00   0.0000000000e+00   3.8350012708e-01
   9.4999999539e+02   1.1649985542e-01   0.0000000000e+00   5.0000000921e-01   0.0000000000e+00   0.0000000000e+00   3.8350013536e-01
   9.4999999539e+02   1.1649985542e-01   0.0000000000e+00   5.0000000921e-01   0.0000000000e+00   0.0000000000e+00   3.8350013536e-01
   9.4999999539e+02   1.1649985542e-01   0.0000000000e+00   5.0000000921e-01   0.0000000000e+00   0.0000000000e+00   3.8350013536e-01
   9.4999999539e+02   1.1649985542e-01   0.0000000000e+00   5.0000000921e-01   0.0000000000e+00   0.0000000000e+00   3.8350013536e-01
   9.4999999539e+02   1.1649985542e-01   0.0000000000e+00   5.0000000921e-01   0.0000000000e+00   0.0000000000e+00   3.8350013536e-01
   9.4999999539e+02   1.1649985542e-01   0.0000000000e+00   5.0000000921e-01   0.0000000000e+00   0.0000000000e+00   3.8350013536e-01
   9.4999999539e+02   1.1649985542e-01   0.0000000000e+00   5.0000000921e-01   0.0000000000e+00   0.0000000000e+00   3.8350013536e-01
   9.4999999539e+02   1.1649985542e-01   0.0000000000e+00   5.0000000921e-01   0.0000000000e+00   0.0000000000e+00   3.8350013536e-01
   9.4999999316e+02   1.1649985438e-01   0.0000000000e+00   5.0000001367e-01   0.0000000000e+00   0.0000000000e+00   3.8350013194e-01
   9.4999999316e+02   1.1649985438e-01   0.0000000000e+00   5.0000001367e-01   0.0000000000e+00   0.0000000000e+00   3.8350013194e-01
   9.4999998604e+02   1.1649985107e-01   0.0000000000e+00   5.0000002792e-01   0.0000000000e+00   0.0000000000e+00   3.8350012102e-01
   9.4999998604e+02   1.1649985107e-01   0.0000000000e+00   5.0000002792e-01   0.0000000000e+00   0.0000000000e+00   3.8350012102e-01
   9.4999999316e+02   1.1649985438e-01   0.0000000000e+00   5.0000001367e-01   0.0000000000e+00   0.0000000000e+00   3.8350013194e-01
   9.4999999316e+02   1.1649985438e-01   0.0000000000e+00   5.0000001367e-01   0.0000000000e+00   0.0000000000e+00   3.8350013194e-01
   9.5000000698e+02   1.1649986082e-01   0.0000000000e+00   4.9999998603e-01   0.0000000000e+00   0.0000000000e+00   3.8350015314e-01
   9.5000000698e+02   1.1649986082e-01   0.0000000000e+00   4.9999998603e-01   0.0000000000e+00   0.0000000000e+00   3.8350015314e-01
   9.4999999128e+02   1.1649985351e-01   0.0000000000e+00   5.0000001745e-01   0.0000000000e+00   0.0000000000e+00   3.8350012905e-01
   9.4999999128e+02   1.1649985351e-01   0.0000000000e+00   5.0000001745e-01   0.0000000000e+00   0.0000000000e+00   3.8350012905e-01
   9.4999999128e+02   1.1649985351e-01   0.0000000000e+00   5.0000001745e-01   0.0000000000e+00   0.0000000000e+00   3.8350012905e-01
   9.4999999128e+02   1.1649985351e-01   0.0000000000e+00   5.0000001745e-01   0.0000000000e+00   0.0000000000e+00   3.8350012905e-01
   9.4999998604e+02   1.1649985107e-01   0.0000000000e+00   5.0000002792e-01   0.0000000000e+00   0.0000000000e+00   3.8350012102e-01
   9.4999998604e+02   1.1649985107e-01   0.0000000000e+00   5.0000002792e-01   0.0000000000e+00   0.0000000000e+00   3.8350012102e-01
   9.4999999651e+02   1.1649985595e-01   0.0000000000e+00   5.0000000697e-01   0.0000000000e+00   0.0000000000e+00   3.8350013708e-01
   9.4999999651e+02   1.1649985595e-01   0.0000000000e+00   5.0000000697e-01   0.0000000000e+00   0.0000000000e+00   3.8350013708e-01
   9.4999999253e+02   1.1649985409e-01   0.0000000000e+00   5.0000001494e-01   0.0000000000e+00   0.0000000000e+00   3.8350013097e-01
   9.4999999253e+02   1.1649985409e-01   0.0000000000e+00   5.0000001494e-01   0.0000000000e+00   0.0000000000e+00   3.8350013097e-01
   9.4999999253e+02   1.1649985409e-01   0.0000000000e+00   5.0000001494e-01   0.0000000000e+00   0.0000000000e+00   3.8350013097e-01
   9.4999999253e+02   1.1649985409e-01   0.0000000000e+00   5.0000001494e-01   0.0000000000e+00   0.0000000000e+00   3.8350013097e-01
   9.4999999986e+02   1.1649985751e-01   0.0000000000e+00   5.0000000028e-01   0.0000000000e+00   0.0000000000e+00   3.8350014222e-01
   9.4999999986e+02   1.1649985751e-01   0.0000000000e+00   5.0000000028e-01   0.0000000000e+00   0.0000000000e+00   3.8350014222e-01
   9.4999998498e+02   1.1649985057e-01   0.0000000000e+00   5.0000003004e-01   0.0000000000e+00   0.0000000000e+00   3.8350011939e-01
   9.4999998498e+02   1.1649985057e-01   0.0000000000e+00   5.0000003004e-01   0.0000000000e+00   0.0000000000e+00   3.8350011939e-01
   9.4999999986e+02   1.1649985751e-01   0.0000000000e+00   5.0000000028e-01   0.0000000000e+00   0.0000000000e+00   3.8350014222e-01
   9.4999999986e+02   1.1649985751e-01   0.0000000000e+00   5.0000000028e-01   0.0000000000e+00   0.0000000000e+00   3.8350014222e-01
   9.4999998488e+02   1.1649985052e-01   0.0000000000e+00   5.0000003025e-01   0.0000000000e+00   0.0000000000e+00   3.8350011923e-01
   9.4999998488e+02   1.1649985052e-01   0.0000000000e+00   5.0000003025e-01   0.0000000000e+00   0.0000000000e+00   3.8350011923e-01
   9.4999998488e+02   1.1649985052e-01   0.0000000000e+00   5.0000003025e-01   0.0000000000e+00   0.0000000000e+00   3.8350011923e-01
   9.4999998488e+02   1.1649985052e-01   0.0000000000e+00   5.0000003025e-01   0.0000000000e+00   0.0000000000e+00   3.8350011923e-01
   9.4999999986e+02   1.1649985751e-01   0.0000000000e+00   5.0000000028e-01   0.0000000000e+00   0.0000000000e+00   3.8350014222e-01
   9.4999999986e+02   1.1649985751e-01   0.0000000000e+00   5.0000000028e-01   0.0000000000e+00   0.0000000000e+00   3.8350014222e-01
   9.4999999278e+02   1.1649985421e-01   0.0000000000e+00   5.0000001444e-01   0.0000000000e+00   0.0000000000e+00   3.8350013136e-01
   9.4999999278e+02   1.1649985421e-01   0.0000000000e+00   5.0000001444e-01   0.0000000000e+00   0.0000000000e+00   3.8350013136e-01
   9.4999999995e+02   1.1649985754e-01   0.0000000000e+00   5.0000000011e-01   0.0000000000e+00   0.0000000000e+00   3.8350014235e-01
   9.4999999995e+02   1.1649985754e-01   0.0000000000e+00   5.0000000011e-01   0.0000000000e+00   0.0000000000e+00   3.8350014235e-01
   9.5000001452e+02   1.1649986434e-01   0.0000000000e+00   4.9999997096e-01   0.0000000000e+00   0.0000000000e+00   3.8350016470e-01
   9.5000001452e+02   1.1649986434e-01   0.0000000000e+00   4.9999997096e-01   0.0000000000e+00   0.0000000000e+00   3.8350016470e-01
   9.4999999278e+02   1.1649985421e-01   0.0000000000e+00   5.0000001444e-01   0.0000000000e+00   0.0000000000e+00   3.8350013136e-01
   9.4999999278e+02   1.1649985421e-01   0.0000000000e+00   5.0000001444e-01   0.0000000000e+00   0.0000000000e+00   3.8350013136e-01
   9.5000001459e+02   1.1649986437e-01   0.0000000000e+00   4.9999997082e-01   0.0000000000e+00   0.0000000000e+00   3.8350016481e-01
   9.5000001459e+02   1.1649986437e-01   0.0000000000e+00   4.9999997082e-01   0.0000000000e+00   0.0000000000e+00   3.8350016481e-01
   9.5000001459e+02   1.1649986437e-01   0.0000000000e+00   4.9999997082e-01   0.0000000000e+00   0.0000000000e+00   3.8350016481e-01
   9.5000001459e+02   1.1649986437e-01   0.0000000000e+00   4.9999997082e-01   0.0000000000e+00   0.0000000000e+00   3.8350016481e-01
   9.5000001459e+02   1.1649986437e-01   0.0000000000e+00   4.9999997082e-01   0.0000000000e+00   0.0000000000e+00   3.8350016481e-01
   9.5000001459e+02   1.1649986437e-01   0.0000000000e+00   4.9999997082e-01   0.0000000000e+00   0.0000000000e+00   3.8350016481e-01
   9.5000001459e+02   1.1649986437e-01   0.0000000000e+00   4.9999997082e-01   0.0000000000e+00   0.0000000000e+00   3.8350016481e-01
   9.5000001459e+02   1.1649986437e-01   0.0000000000e+00   4.9999997082e-01   0.0000000000e+00   0.0000000000e+00   3.8350016481e-01
   9.5000000715e+02   1.1649986090e-01   0.0000000000e+00   4.9999998569e-01   0.0000000000e+00   0.0000000000e+00   3.8350015340e-01
   9.5000000715e+02   1.1649986090e-01   0.0000000000e+00   4.9999998569e-01   0.0000000000e+00   0.0000000000e+00   3.8350015340e-01
   9.5000000715e+02   1.1649986090e-01   0.0000000000e+00   4.9999998569e-01   0.0000000000e+00   0.0000000000e+00   3.8350015340e-01
   9.5000000715e+02   1.1649986090e-01   0.0000000000e+00   4.9999998569e-01   0.0000000000e+00   0.0000000000e+00   3.8350015340e-01
   9.5000000715e+02   1.1649986090e-01   0.0000000000e+00   4.9999998569e-01   0.0000000000e+00   0.0000000000e+00   3.8350015340e-01
   9.5000000715e+02   1.1649986090e-01   0.0000000000e+00   4.9999998569e-01   0.0000000000e+00   0.0000000000e+00   3.8350015340e-01
   9.5000000715e+02   1.1649986090e-01   0.0000000000e+00   4.9999998569e-01   0.0000000000e+00   0.0000000000e+00   3.8350015340e-01
   9.5000000715e+02   1.1649986090e-01   0.0000000000e+00   4.9999998569e-01   0.0000000000e+00   0.0000000000e+00   3.8350015340e-01
   9.5000000724e+02   1.1649986094e-01   0.0000000000e+00   4.9999998552e-01   0.0000000000e+00   0.0000000000e+00   3.8350015353e-01
   9.5000000724e+02   1.1649986094e-01   0.0000000000e+00   4.9999998552e-01   0.0000000000e+00   0.0000000000e+00   3.8350015353e-01
   9.5000000008e+02   1.1649985761e-01   0.0000000000e+00   4.9999999984e-01   0.0000000000e+00   0.0000000000e+00   3.8350014255e-01
   9.5000000008e+02   1.1649985761e-01   0.0000000000e+00   4.9999999984e-01   0.0000000000e+00   0.0000000000e+00   3.8350014255e-01
   9.5000001440e+02   1.1649986428e-01   0.0000000000e+00   4.9999997121e-01   0.0000000000e+00   0.0000000000e+00   3.8350016452e-01
   9.5000001440e+02   1.1649986428e-01   0.0000000000e+00   4.9999997121e-01   0.0000000000e+00   0.0000000000e+00   3.8350016452e-01
   9.5000000724e+02   1.1649986094e-01   0.0000000000e+00   4.9999998552e-01   0.0000000000e+00   0.0000000000e+00   3.8350015353e-01
   9.5000000724e+02   1.1649986094e-01   0.0000000000e+00   4.9999998552e-01   0.0000000000e+00   0.0000000000e+00   3.8350015353e-01