# time = 92.7764
# Grid Poins = 256    variable_0    variable_1    variable_2    variable_3    variable_4    variable_5    variable_6
   9.4999994877e+02   1.1649983370e-01   0.0000000000e+00   5.0000010247e-01   0.0000000000e+00   0.0000000000e+00   3.8350006384e-01
   9.4999994877e+02   1.1649983370e-01   0.0000000000e+00   5.0000010247e-01   0.0000000000e+00   0.0000000000e+00   3.8350006384e-01
   9.4999994877e+02   1.1649983370e-01   0.0000000000e+00   5.0000010247e-01   0.0000000000e+00   0.0000000000e+00   3.8350006384e-01
   9.4999994877e+02   1.1649983370e-01   0.0000000000e+00   5.0000010247e-01   0.0000000000e+00   0.0000000000e+00   3.8350006384e-01
   9.4999994632e+02   1.1649983256e-01   0.0000000000e+00   5.0000010736e-01   0.0000000000e+00   0.0000000000e+00   3.8350006009e-01
   9.4999994632e+02   1.1649983256e-01   0.0000000000e+00   5.0000010736e-01   0.0000000000e+00   0.0000000000e+00   3.8350006009e-01
   9.4999994632e+02   1.1649983256e-01   0.0000000000e+00   5.0000010736e-01   0.0000000000e+00   0.0000000000e+00   3.8350006009e-01
   9.4999994632e+02   1.1649983256e-01   0.0000000000e+00   5.0000010736e-01   0.0000000000e+00   0.0000000000e+00   3.8350006009e-01
   9.4999994872e+02   1.1649983367e-01   0.0000000000e+00   5.0000010256e-01   0.0000000000e+00   0.0000000000e+00   3.8350006376e-01
   9.4999994872e+02   1.1649983367e-01   0.0000000000e+00   5.0000010256e-01   0.0000000000e+00   0.0000000000e+00   3.8350006376e-01
   9.4999994872e+02   1.1649983367e-01   0.0000000000e+00   5.0000010256e-01   0.0000000000e+00   0.0000000000e+00   3.8350006376e-01
   9.4999994872e+02   1.1649983367e-01   0.0000000000e+00   5.0000010256e-01   0.0000000000e+00   0.0000000000e+00   3.8350006376e-01
   9.4999994872e+02   1.1649983367e-01   0.0000000000e+00   5.0000010256e-01   0.0000000000e+00   0.0000000000e+00   3.8350006376e-01
   9.4999994872e+02   1.1649983367e-01   0.0000000000e+00   5.0000010256e-01   0.0000000000e+00   0.0000000000e+00   3.8350006376e-01
   9.4999994872e+02   1.1649983367e-01   0.0000000000e+00   5.0000010256e-01   0.0000000000e+00   0.0000000000e+00   3.8350006376e-01
   9.4999994872e+02   1.1649983367e-01   0.0000000000e+00   5.0000010256e-01   0.0000000000e+00   0.0000000000e+00   3.8350006376e-01
   9.5000001988e+02   1.1649986683e-01   0.0000000000e+00   4.9999996025e-01   0.0000000000e+00   0.0000000000e+00   3.8350017292e-01
   9.5000001988e+02   1.1649986683e-01   0.0000000000e+00   4.9999996025e-01   0.0000000000e+00   0.0000000000e+00   3.8350017292e-01
   9.5000001988e+02   1.1649986683e-01   0.0000000000e+00   4.9999996025e-01   0.0000000000e+00   0.0000000000e+00   3.8350017292e-01
   9.5000001988e+02   1.1649986683e-01   0.0000000000e+00   4.9999996025e-01   0.0000000000e+00   0.0000000000e+00   3.8350017292e-01
   9.5000001988e+02   1.1649986683e-01   0.0000000000e+00   4.9999996025e-01   0.0000000000e+00   0.0000000000e+00   3.8350017292e-01
   9.5000001988e+02   1.1649986683e-01   0.0000000000e+00   4.9999996025e-01   0.0000000000e+00   0.0000000000e+00   3.8350017292e-01
   9.5000001988e+02   1.1649986683e-01   0.0000000000e+00   4.9999996025e-01   0.0000000000e+00   0.0000000000e+00   3.8350017292e-01
   9.5000001988e+02   1.1649986683e-01   0.0000000000e+00   4.9999996025e-01   0.0000000000e+00   0.0000000000e+00   3.8350017292e-01
   9.5000005049e+02   1.1649988110e-01   0.0000000000e+00   4.9999989903e-01   0.0000000000e+00   0.0000000000e+00   3.8350021988e-01
   9.5000005049e+02   1.1649988110e-01   0.0000000000e+00   4.9999989903e-01   0.0000000000e+00   0.0000000000e+00   3.8350021988e-01
   9.5000005049e+02   1.1649988110e-01   0.0000000000e+00   4.9999989903e-01   0.0000000000e+00   0.0000000000e+00   3.8350021988e-01
   9.5000005049e+02   1.1649988110e-01   0.0000000000e+00   4.9999989903e-01   0.0000000000e+00   0.0000000000e+00   3.8350021988e-01
   9.5000005049e+02   1.1649988110e-01   0.0000000000e+00   4.9999989903e-01   0.0000000000e+00   0.0000000000e+00   3.8350021988e-01
   9.5000005049e+02   1.1649988110e-01   0.0000000000e+00   4.9999989903e-01   0.0000000000e+00   0.0000000000e+00   3.8350021988e-01
   9.5000005049e+02   1.1649988110e-01   0.0000000000e+00   4.9999989903e-01   0.0000000000e+00   0.0000000000e+00   3.8350021988e-01
   9.5000005049e+02   1.1649988110e-01   0.0000000000e+00   4.9999989903e-01   0.0000000000e+00   0.0000000000e+00   3.8350021988e-01
   9.5000008570e+02   1.1649989750e-01   0.0000000000e+00   4.9999982861e-01   0.0000000000e+00   0.0000000000e+00   3.8350027389e-01
   9.5000008570e+02   1.1649989750e-01   0.0000000000e+00   4.9999982861e-01   0.0000000000e+00   0.0000000000e+00   3.8350027389e-01
   9.5000008570e+02   1.1649989750e-01   0.0000000000e+00   4.9999982861e-01   0.0000000000e+00   0.0000000000e+00   3.8350027389e-01
   9.5000008570e+02   1.1649989750e-01   0.0000000000e+00   4.9999982861e-01   0.0000000000e+00   0.0000000000e+00   3.8350027389e-01
   9.5000010271e+02   1.1649990543e-01   0.0000000000e+00   4.9999979457e-01   0.0000000000e+00   0.0000000000e+00   3.8350029999e-01
   9.5000010271e+02   1.1649990543e-01   0.0000000000e+00   4.9999979457e-01   0.0000000000e+00   0.0000000000e+00   3.8350029999e-01
   9.5000006868e+02   1.1649988958e-01   0.0000000000e+00   4.9999986264e-01   0.0000000000e+00   0.0000000000e+00   3.8350024779e-01
   9.5000006868e+02   1.1649988958e-01   0.0000000000e+00   4.9999986264e-01   0.0000000000e+00   0.0000000000e+00   3.8350024779e-01
   9.5000002847e+02   1.1649987084e-01   0.0000000000e+00   4.9999994306e-01   0.0000000000e+00   0.0000000000e+00   3.8350018610e-01
   9.5000002847e+02   1.1649987084e-01   0.0000000000e+00   4.9999994306e-01   0.0000000000e+00   0.0000000000e+00   3.8350018610e-01
   9.5000002847e+02   1.1649987084e-01   0.0000000000e+00   4.9999994306e-01   0.0000000000e+00   0.0000000000e+00   3.8350018610e-01
   9.5000002847e+02   1.1649987084e-01   0.0000000000e+00   4.9999994306e-01   0.0000000000e+00   0.0000000000e+00   3.8350018610e-01
   9.5000002847e+02   1.1649987084e-01   0.0000000000e+00   4.9999994306e-01   0.0000000000e+00   0.0000000000e+00   3.8350018610e-01
   9.5000002847e+02   1.1649987084e-01   0.0000000000e+00   4.9999994306e-01   0.0000000000e+00   0.0000000000e+00   3.8350018610e-01
   9.5000002847e+02   1.1649987084e-01   0.0000000000e+00   4.9999994306e-01   0.0000000000e+00   0.0000000000e+00   3.8350018610e-01
   9.5000002847e+02   1.1649987084e-01   0.0000000000e+00   4.9999994306e-01   0.0000000000e+00   0.0000000000e+00   3.8350018610e-01
   9.5000002847e+02   1.1649987084e-01   0.0000000000e+00   4.9999994306e-01   0.0000000000e+00   0.0000000000e+00   3.8350018610e-01
   9.5000002847e+02   1.1649987084e-01   0.0000000000e+00   4.9999994306e-01   0.0000000000e+00   0.0000000000e+00   3.8350018610e-01
   9.5000002847e+02   1.1649987084e-01   0.0000000000e+00   4.9999994306e-01   0.0000000000e+00   0.0000000000e+00   3.8350018610e-01
   9.5000002847e+02   1.1649987084e-01   0.0000000000e+00   4.9999994306e-01   0.0000000000e+00   0.0000000000e+00   3.8350018610e-01
   9.5000002847e+02   1.1649987084e-01   0.0000000000e+00   4.9999994306e-01   0.0000000000e+00   0.0000000000e+00   3.8350018610e-01
   9.5000002847e+02   1.1649987084e-01   0.0000000000e+00   4.9999994306e-01   0.0000000000e+00   0.0000000000e+00   3.8350018610e-01
   9.5000002847e+02   1.1649987084e-01   0.0000000000e+00   4.9999994306e-01   0.0000000000e+00   0.0000000000e+00   3.8350018610e-01
   9.5000002847e+02   1.1649987084e-01   0.0000000000e+00   4.9999994306e-01   0.0000000000e+00   0.0000000000e+00   3.8350018610e-01
   9.5000009421e+02   1.1649990147e-01   0.0000000000e+00   4.9999981159e-01   0.0000000000e+00   0.0000000000e+00   3.8350028694e-01
   9.5000009421e+02   1.1649990147e-01   0.0000000000e+00   4.9999981159e-01   0.0000000000e+00   0.0000000000e+00   3.8350028694e-01
   9.5000009421e+02   1.1649990147e-01   0.0000000000e+00   4.9999981159e-01   0.0000000000e+00   0.0000000000e+00   3.8350028694e-01
   9.5000009421e+02   1.1649990147e-01   0.0000000000e+00   4.9999981159e-01   0.0000000000e+00   0.0000000000e+00   3.8350028694e-01
   9.5000007719e+02   1.1649989354e-01   0.0000000000e+00   4.9999984562e-01   0.0000000000e+00   0.0000000000e+00   3.8350026084e-01
   9.5000007719e+02   1.1649989354e-01   0.0000000000e+00   4.9999984562e-01   0.0000000000e+00   0.0000000000e+00   3.8350026084e-01
   9.5000007719e+02   1.1649989354e-01   0.0000000000e+00   4.9999984562e-01   0.0000000000e+00   0.0000000000e+00   3.8350026084e-01
   9.5000007719e+02   1.1649989354e-01   0.0000000000e+00   4.9999984562e-01   0.0000000000e+00   0.0000000000e+00   3.8350026084e-01
   9.5000005049e+02   1.1649988110e-01   0.0000000000e+00   4.9999989903e-01   0.0000000000e+00   0.0000000000e+00   3.8350021988e-01
   9.5000005049e+02   1.1649988110e-01   0.0000000000e+00   4.9999989903e-01   0.0000000000e+00   0.0000000000e+00   3.8350021988e-01
   9.5000005049e+02   1.1649988110e-01   0.0000000000e+00   4.9999989903e-01   0.0000000000e+00   0.0000000000e+00   3.8350021988e-01
   9.5000005049e+02   1.1649988110e-01   0.0000000000e+00   4.9999989903e-01   0.0000000000e+00   0.0000000000e+00   3.8350021988e-01
   9.5000005049e+02   1.1649988110e-01   0.0000000000e+00   4.9999989903e-01   0.0000000000e+00   0.0000000000e+00   3.8350021988e-01
   9.5000005049e+02   1.1649988110e-01   0.0000000000e+00   4.9999989903e-01   0.0000000000e+00   0.0000000000e+00   3.8350021988e-01
   9.5000005049e+02   1.1649988110e-01   0.0000000000e+00   4.9999989903e-01   0.0000000000e+00   0.0000000000e+00   3.8350021988e-01
   9.5000005049e+02   1.1649988110e-01   0.0000000000e+00   4.9999989903e-01   0.0000000000e+00   0.0000000000e+00   3.8350021988e-01
   9.5000002938e+02   1.1649987126e-01   0.0000000000e+00   4.9999994123e-01   0.0000000000e+00   0.0000000000e+00   3.8350018750e-01
   9.5000002938e+02   1.1649987126e-01   0.0000000000e+00   4.9999994123e-01   0.0000000000e+00   0.0000000000e+00   3.8350018750e-01
   9.5000002938e+02   1.1649987126e-01   0.0000000000e+00   4.9999994123e-01   0.0000000000e+00   0.0000000000e+00   3.8350018750e-01
   9.5000002938e+02   1.1649987126e-01   0.0000000000e+00   4.9999994123e-01   0.0000000000e+00   0.0000000000e+00   3.8350018750e-01
   9.5000002938e+02   1.1649987126e-01   0.0000000000e+00   4.9999994123e-01   0.0000000000e+00   0.0000000000e+00   3.8350018750e-01
   9.5000002938e+02   1.1649987126e-01   0.0000000000e+00   4.9999994123e-01   0.0000000000e+00   0.0000000000e+00   3.8350018750e-01
   9.5000002938e+02   1.1649987126e-01   0.0000000000e+00   4.9999994123e-01   0.0000000000e+00   0.0000000000e+00   3.8350018750e-01
   9.5000002938e+02   1.1649987126e-01   0.0000000000e+00   4.9999994123e-01   0.0000000000e+00   0.0000000000e+00   3.8350018750e-01
   9.4999994958e+02   1.1649983407e-01   0.0000000000e+00   5.0000010084e-01   0.0000000000e+00   0.0000000000e+00   3.8350006508e-01
   9.4999994958e+02   1.1649983407e-01   0.0000000000e+00   5.0000010084e-01   0.0000000000e+00   0.0000000000e+00   3.8350006508e-01
   9.4999994917e+02   1.1649983388e-01   0.0000000000e+00   5.0000010167e-01   0.0000000000e+00   0.0000000000e+00   3.8350006445e-01
   9.4999994917e+02   1.1649983388e-01   0.0000000000e+00   5.0000010167e-01   0.0000000000e+00   0.0000000000e+00   3.8350006445e-01
   9.4999994917e+02   1.1649983388e-01   0.0000000000e+00   5.0000010167e-01   0.0000000000e+00   0.0000000000e+00   3.8350006445e-01
   9.4999994917e+02   1.1649983388e-01   0.0000000000e+00   5.0000010167e-01   0.0000000000e+00   0.0000000000e+00   3.8350006445e-01
   9.4999994958e+02   1.1649983407e-01   0.0000000000e+00   5.0000010084e-01   0.0000000000e+00   0.0000000000e+00   3.8350006508e-01
   9.4999994958e+02   1.1649983407e-01   0.0000000000e+00   5.0000010084e-01   0.0000000000e+00   0.0000000000e+00   3.8350006508e-01
   9.4999994917e+02   1.1649983388e-01   0.0000000000e+00   5.0000010167e-01   0.0000000000e+00   0.0000000000e+00   3.8350006445e-01
   9.4999994917e+02   1.1649983388e-01   0.0000000000e+00   5.0000010167e-01   0.0000000000e+00   0.0000000000e+00   3.8350006445e-01
   9.4999994915e+02   1.1649983388e-01   0.0000000000e+00   5.0000010169e-01   0.0000000000e+00   0.0000000000e+00   3.8350006443e-01
   9.4999994915e+02   1.1649983388e-01   0.0000000000e+00   5.0000010169e-01   0.0000000000e+00   0.0000000000e+00   3.8350006443e-01
   9.4999994915e+02   1.1649983387e-01   0.0000000000e+00   5.0000010171e-01   0.0000000000e+00   0.0000000000e+00   3.8350006442e-01
   9.4999994915e+02   1.1649983387e-01   0.0000000000e+00   5.0000010171e-01   0.0000000000e+00   0.0000000000e+00   3.8350006442e-01
   9.4999994915e+02   1.1649983387e-01   0.0000000000e+00   5.0000010171e-01   0.0000000000e+00   0.0000000000e+00   3.8350006442e-01
   9.4999994915e+02   1.1649983387e-01   0.0000000000e+00   5.0000010171e-01   0.0000000000e+00   0.0000000000e+00   3.8350006442e-01
   9.4999994958e+02   1.1649983407e-01   0.0000000000e+00   5.0000010084e-01   0.0000000000e+00   0.0000000000e+00   3.8350006508e-01
   9.4999994958e+02   1.1649983407e-01   0.0000000000e+00   5.0000010084e-01   0.0000000000e+00   0.0000000000e+00   3.8350006508e-01
   9.4999994943e+02   1.1649983401e-01   0.0000000000e+00   5.0000010114e-01   0.0000000000e+00   0.0000000000e+00   3.8350006486e-01
   9.4999994943e+02   1.1649983401e-01   0.0000000000e+00   5.0000010114e-01   0.0000000000e+00   0.0000000000e+00   3.8350006486e-01
   9.4999994943e+02   1.1649983401e-01   0.0000000000e+00   5.0000010114e-01   0.0000000000e+00   0.0000000000e+00   3.8350006486e-01
   9.4999994943e+02   1.1649983401e-01   0.0000000000e+00   5.0000010114e-01   0.0000000000e+00   0.0000000000e+00   3.8350006486e-01
   9.4999994958e+02   1.1649983407e-01   0.0000000000e+00   5.0000010084e-01   0.0000000000e+00   0.0000000000e+00   3.8350006508e-01
   9.4999994958e+02   1.1649983407e-01   0.0000000000e+00   5.0000010084e-01   0.0000000000e+00   0.0000000000e+00   3.8350006508e-01
   9.4999995315e+02   1.1649983574e-01   0.0000000000e+00   5.0000009370e-01   0.0000000000e+00   0.0000000000e+00   3.8350007057e-01
   9.4999995315e+02   1.1649983574e-01   0.0000000000e+00   5.0000009370e-01   0.0000000000e+00   0.0000000000e+00   3.8350007057e-01
   9.4999994754e+02   1.1649983313e-01   0.0000000000e+00   5.0000010491e-01   0.0000000000e+00   0.0000000000e+00   3.8350006196e-01
   9.4999994754e+02   1.1649983313e-01   0.0000000000e+00   5.0000010491e-01   0.0000000000e+00   0.0000000000e+00   3.8350006196e-01
   9.4999994754e+02   1.1649983313e-01   0.0000000000e+00   5.0000010491e-01   0.0000000000e+00   0.0000000000e+00   3.8350006196e-01
   9.4999994754e+02   1.1649983313e-01   0.0000000000e+00   5.0000010491e-01   0.0000000000e+00   0.0000000000e+00   3.8350006196e-01
   9.4999995315e+02   1.1649983574e-01   0.0000000000e+00   5.0000009370e-01   0.0000000000e+00   0.0000000000e+00   3.8350007057e-01
   9.4999995315e+02   1.1649983574e-01   0.0000000000e+00   5.0000009370e-01   0.0000000000e+00   0.0000000000e+00   3.8350007057e-01
   9.4999994366e+02   1.1649983131e-01   0.0000000000e+00   5.0000011269e-01   0.0000000000e+00   0.0000000000e+00   3.8350005600e-01
   9.4999994366e+02   1.1649983131e-01   0.0000000000e+00   5.0000011269e-01   0.0000000000e+00   0.0000000000e+00   3.8350005600e-01
   9.4999994468e+02   1.1649983179e-01   0.0000000000e+00   5.0000011064e-01   0.0000000000e+00   0.0000000000e+00   3.8350005757e-01
   9.4999994468e+02   1.1649983179e-01   0.0000000000e+00   5.0000011064e-01   0.0000000000e+00   0.0000000000e+00   3.8350005757e-01
   9.4999994366e+02   1.1649983131e-01   0.0000000000e+00   5.0000011269e-01   0.0000000000e+00   0.0000000000e+00   3.8350005600e-01
   9.4999994366e+02   1.1649983131e-01   0.0000000000e+00   5.0000011269e-01   0.0000000000e+00   0.0000000000e+00   3.8350005600e-01
   9.4999994468e+02   1.1649983179e-01   0.0000000000e+00   5.0000011064e-01   0.0000000000e+00   0.0000000000e+00   3.8350005757e-01
   9.4999994468e+02   1.1649983179e-01   0.0000000000e+00   5.0000011064e-01   0.0000000000e+00   0.0000000000e+00   3.8350005757e-01
   9.4999994439e+02   1.1649983166e-01   0.0000000000e+00   5.0000011122e-01   0.0000000000e+00   0.0000000000e+00   3.8350005712e-01
   9.4999994439e+02   1.1649983166e-01   0.0000000000e+00   5.0000011122e-01   0.0000000000e+00   0.0000000000e+00   3.8350005712e-01
   9.4999994439e+02   1.1649983166e-01   0.0000000000e+00   5.0000011122e-01   0.0000000000e+00   0.0000000000e+00   3.8350005712e-01
   9.4999994439e+02   1.1649983166e-01   0.0000000000e+00   5.0000011122e-01   0.0000000000e+00   0.0000000000e+00   3.8350005712e-01
   9.4999994366e+02   1.1649983131e-01   0.0000000000e+00   5.0000011269e-01   0.0000000000e+00   0.0000000000e+00   3.8350005600e-01
   9.4999994366e+02   1.1649983131e-01   0.0000000000e+00   5.0000011269e-01   0.0000000000e+00   0.0000000000e+00   3.8350005600e-01
   9.4999994483e+02   1.1649983186e-01   0.0000000000e+00   5.0000011034e-01   0.0000000000e+00   0.0000000000e+00   3.8350005780e-01
   9.4999994483e+02   1.1649983186e-01   0.0000000000e+00   5.0000011034e-01   0.0000000000e+00   0.0000000000e+00   3.8350005780e-01
   9.5000002989e+02   1.1649987150e-01   0.0000000000e+00   4.9999994021e-01   0.0000000000e+00   0.0000000000e+00   3.8350018829e-01
   9.5000002989e+02   1.1649987150e-01   0.0000000000e+00   4.9999994021e-01   0.0000000000e+00   0.0000000000e+00   3.8350018829e-01
   9.5000002989e+02   1.1649987150e-01   0.0000000000e+00   4.9999994021e-01   0.0000000000e+00   0.0000000000e+00   3.8350018829e-01
   9.5000002989e+02   1.1649987150e-01   0.0000000000e+00   4.9999994021e-01   0.0000000000e+00   0.0000000000e+00   3.8350018829e-01
   9.5000002989e+02   1.1649987150e-01   0.0000000000e+00   4.9999994021e-01   0.0000000000e+00   0.0000000000e+00   3.8350018829e-01
   9.5000002989e+02   1.1649987150e-01   0.0000000000e+00   4.9999994021e-01   0.0000000000e+00   0.0000000000e+00   3.8350018829e-01
   9.5000002989e+02   1.1649987150e-01   0.0000000000e+00   4.9999994021e-01   0.0000000000e+00   0.0000000000e+00   3.8350018829e-01
   9.5000002989e+02   1.1649987150e-01   0.0000000000e+00   4.9999994021e-01   0.0000000000e+00   0.0000000000e+00   3.8350018829e-01
   9.5000002989e+02   1.1649987150e-01   0.0000000000e+00   4.9999994021e-01   0.0000000000e+00   0.0000000000e+00   3.8350018829e-01
   9.5000002989e+02   1.1649987150e-01   0.0000000000e+00   4.9999994021e-01   0.0000000000e+00   0.0000000000e+00   3.8350018829e-01
   9.5000002989e+02   1.1649987150e-01   0.0000000000e+00   4.9999994021e-01   0.0000000000e+00   0.0000000000e+00   3.8350018829e-01
   9.5000002989e+02   1.1649987150e-01   0.0000000000e+00   4.9999994021e-01   0.0000000000e+00   0.0000000000e+00   3.8350018829e-01
   9.5000002989e+02   1.1649987150e-01   0.0000000000e+00   4.9999994021e-01   0.0000000000e+00   0.0000000000e+00   3.8350018829e-01
   9.5000002989e+02   1.1649987150e-01   0.0000000000e+00   4.9999994021e-01   0.0000000000e+00   0.0000000000e+00   3.8350018829e-01
   9.5000002989e+02   1.1649987150e-01   0.0000000000e+00   4.9999994021e-01   0.0000000000e+00   0.0000000000e+00   3.8350018829e-01
   9.5000002989e+02   1.1649987150e-01   0.0000000000e+00   4.9999994021e-01   0.0000000000e+00   0.0000000000e+00   3.8350018829e-01
   9.4999997293e+02   1.1649984495e-01   0.0000000000e+00   5.0000005415e-01   0.0000000000e+00   0.0000000000e+00   3.8350010090e-01
   9.4999997293e+02   1.1649984495e-01   0.0000000000e+00   5.0000005415e-01   0.0000000000e+00   0.0000000000e+00   3.8350010090e-01
   9.4999997293e+02   1.1649984495e-01   0.0000000000e+00   5.0000005415e-01   0.0000000000e+00   0.0000000000e+00   3.8350010090e-01
   9.4999997293e+02   1.1649984495e-01   0.0000000000e+00   5.0000005415e-01   0.0000000000e+00   0.0000000000e+00   3.8350010090e-01
   9.4999997293e+02   1.1649984495e-01   0.0000000000e+00   5.0000005415e-01   0.0000000000e+00   0.0000000000e+00   3.8350010090e-01
   9.4999997293e+02   1.1649984495e-01   0.0000000000e+00   5.0000005415e-01   0.0000000000e+00   0.0000000000e+00   3.8350010090e-01
   9.4999997293e+02   1.1649984495e-01   0.0000000000e+00   5.0000005415e-01   0.0000000000e+00   0.0000000000e+00   3.8350010090e-01
   9.4999997293e+02   1.1649984495e-01   0.0000000000e+00   5.0000005415e-01   0.0000000000e+00   0.0000000000e+00   3.8350010090e-01
   9.4999997293e+02   1.1649984495e-01   0.0000000000e+00   5.0000005415e-01   0.0000000000e+00   0.0000000000e+00   3.8350010090e-01
   9.4999997293e+02   1.1649984495e-01   0.0000000000e+00   5.0000005415e-01   0.0000000000e+00   0.0000000000e+00   3.8350010090e-01
   9.4999997293e+02   1.1649984495e-01   0.0000000000e+00   5.0000005415e-01   0.0000000000e+00   0.0000000000e+00   3.8350010090e-01
   9.4999997293e+02   1.1649984495e-01   0.0000000000e+00   5.0000005415e-01   0.0000000000e+00   0.0000000000e+00   3.8350010090e-01
   9.4999997293e+02   1.1649984495e-01   0.0000000000e+00   5.0000005415e-01   0.0000000000e+00   0.0000000000e+00   3.8350010090e-01
   9.4999997293e+02   1.1649984495e-01   0.0000000000e+00   5.0000005415e-01   0.0000000000e+00   0.0000000000e+00   3.8350010090e-01
   9.4999997293e+02   1.1649984495e-01   0.0000000000e+00   5.0000005415e-01   0.0000000000e+00   0.0000000000e+00   3.8350010090e-01
   9.4999997293e+02   1.1649984495e-01   0.0000000000e+00   5.0000005415e-01   0.0000000000e+00   0.0000000000e+00   3.8350010090e-01
   9.4999997976e+02   1.1649984814e-01   0.0000000000e+00   5.0000004047e-01   0.0000000000e+00   0.0000000000e+00   3.8350011139e-01
   9.4999997976e+02   1.1649984814e-01   0.0000000000e+00   5.0000004047e-01   0.0000000000e+00   0.0000000000e+00   3.8350011139e-01
   9.4999997976e+02   1.1649984814e-01   0.0000000000e+00   5.0000004047e-01   0.0000000000e+00   0.0000000000e+00   3.8350011139e-01
   9.4999997976e+02   1.1649984814e-01   0.0000000000e+00   5.0000004047e-01   0.0000000000e+00   0.0000000000e+00   3.8350011139e-01
   9.4999997048e+02   1.1649984381e-01   0.0000000000e+00   5.0000005905e-01   0.0000000000e+00   0.0000000000e+00   3.8350009714e-01
   9.4999997048e+02   1.1649984381e-01   0.0000000000e+00   5.0000005905e-01   0.0000000000e+00   0.0000000000e+00   3.8350009714e-01
   9.4999997048e+02   1.1649984381e-01   0.0000000000e+00   5.0000005905e-01   0.0000000000e+00   0.0000000000e+00   3.8350009714e-01
   9.4999997048e+02   1.1649984381e-01   0.0000000000e+00   5.0000005905e-01   0.0000000000e+00   0.0000000000e+00   3.8350009714e-01
   9.4999997876e+02   1.1649984767e-01   0.0000000000e+00   5.0000004248e-01   0.0000000000e+00   0.0000000000e+00   3.8350010985e-01
   9.4999997876e+02   1.1649984767e-01   0.0000000000e+00   5.0000004248e-01   0.0000000000e+00   0.0000000000e+00   3.8350010985e-01
   9.4999997926e+02   1.1649984791e-01   0.0000000000e+00   5.0000004148e-01   0.0000000000e+00   0.0000000000e+00   3.8350011062e-01
   9.4999997926e+02   1.1649984791e-01   0.0000000000e+00   5.0000004148e-01   0.0000000000e+00   0.0000000000e+00   3.8350011062e-01
   9.4999997976e+02   1.1649984814e-01   0.0000000000e+00   5.0000004047e-01   0.0000000000e+00   0.0000000000e+00   3.8350011139e-01
   9.4999997976e+02   1.1649984814e-01   0.0000000000e+00   5.0000004047e-01   0.0000000000e+00   0.0000000000e+00   3.8350011139e-01
   9.4999997926e+02   1.1649984791e-01   0.0000000000e+00   5.0000004148e-01   0.0000000000e+00   0.0000000000e+00   3.8350011062e-01
   9.4999997926e+02   1.1649984791e-01   0.0000000000e+00   5.0000004148e-01   0.0000000000e+00   0.0000000000e+00   3.8350011062e-01
   9.4999997669e+02   1.1649984671e-01   0.0000000000e+00   5.0000004662e-01   0.0000000000e+00   0.0000000000e+00   3.8350010667e-01
   9.4999997669e+02   1.1649984671e-01   0.0000000000e+00   5.0000004662e-01   0.0000000000e+00   0.0000000000e+00   3.8350010667e-01
   9.4999997255e+02   1.1649984478e-01   0.0000000000e+00   5.0000005490e-01   0.0000000000e+00   0.0000000000e+00   3.8350010032e-01
   9.4999997255e+02   1.1649984478e-01   0.0000000000e+00   5.0000005490e-01   0.0000000000e+00   0.0000000000e+00   3.8350010032e-01
   9.4999997462e+02   1.1649984574e-01   0.0000000000e+00   5.0000005076e-01   0.0000000000e+00   0.0000000000e+00   3.8350010350e-01
   9.4999997462e+02   1.1649984574e-01   0.0000000000e+00   5.0000005076e-01   0.0000000000e+00   0.0000000000e+00   3.8350010350e-01
   9.4999997462e+02   1.1649984574e-01   0.0000000000e+00   5.0000005076e-01   0.0000000000e+00   0.0000000000e+00   3.8350010350e-01
   9.4999997462e+02   1.1649984574e-01   0.0000000000e+00   5.0000005076e-01   0.0000000000e+00   0.0000000000e+00   3.8350010350e-01
   9.4999997747e+02   1.1649984707e-01   0.0000000000e+00   5.0000004507e-01   0.0000000000e+00   0.0000000000e+00   3.8350010786e-01
   9.4999997747e+02   1.1649984707e-01   0.0000000000e+00   5.0000004507e-01   0.0000000000e+00   0.0000000000e+00   3.8350010786e-01
   9.4999997747e+02   1.1649984707e-01   0.0000000000e+00   5.0000004507e-01   0.0000000000e+00   0.0000000000e+00   3.8350010786e-01
   9.4999997747e+02   1.1649984707e-01   0.0000000000e+00   5.0000004507e-01   0.0000000000e+00   0.0000000000e+00   3.8350010786e-01
   9.4999997747e+02   1.1649984707e-01   0.0000000000e+00   5.0000004507e-01   0.0000000000e+00   0.0000000000e+00   3.8350010786e-01
   9.4999997747e+02   1.1649984707e-01   0.0000000000e+00   5.0000004507e-01   0.0000000000e+00   0.0000000000e+00   3.8350010786e-01
   9.4999997747e+02   1.1649984707e-01   0.0000000000e+00   5.0000004507e-01   0.0000000000e+00   0.0000000000e+00   3.8350010786e-01
   9.4999997747e+02   1.1649984707e-01   0.0000000000e+00   5.0000004507e-01   0.0000000000e+00   0.0000000000e+00   3.8350010786e-01
   9.5000011102e+02   1.1649990931e-01   0.0000000000e+00   4.9999977796e-01   0.0000000000e+00   0.0000000000e+00   3.8350031274e-01
   9.5000011102e+02   1.1649990931e-01   0.0000000000e+00   4.9999977796e-01   0.0000000000e+00   0.0000000000e+00   3.8350031274e-01
   9.5000009726e+02   1.1649990289e-01   0.0000000000e+00   4.9999980547e-01   0.0000000000e+00   0.0000000000e+00   3.8350029163e-01
   9.5000009726e+02   1.1649990289e-01   0.0000000000e+00   4.9999980547e-01   0.0000000000e+00   0.0000000000e+00   3.8350029163e-01
   9.5000011790e+02   1.1649991251e-01   0.0000000000e+00   4.9999976420e-01   0.0000000000e+00   0.0000000000e+00   3.8350032329e-01
   9.5000011790e+02   1.1649991251e-01   0.0000000000e+00   4.9999976420e-01   0.0000000000e+00   0.0000000000e+00   3.8350032329e-01
   9.5000011790e+02   1.1649991251e-01   0.0000000000e+00   4.9999976420e-01   0.0000000000e+00   0.0000000000e+00   3.8350032329e-01
   9.5000011790e+02   1.1649991251e-01   0.0000000000e+00   4.9999976420e-01   0.0000000000e+00   0.0000000000e+00   3.8350032329e-01
   9.5000011102e+02   1.1649990931e-01   0.0000000000e+00   4.9999977796e-01   0.0000000000e+00   0.0000000000e+00   3.8350031274e-01
   9.5000011102e+02   1.1649990931e-01   0.0000000000e+00   4.9999977796e-01   0.0000000000e+00   0.0000000000e+00   3.8350031274e-01
   9.5000011102e+02   1.1649990931e-01   0.0000000000e+00   4.9999977796e-01   0.0000000000e+00   0.0000000000e+00   3.8350031274e-01
   9.5000011102e+02   1.1649990931e-01   0.0000000000e+00   4.9999977796e-01   0.0000000000e+00   0.0000000000e+00   3.8350031274e-01
   9.5000011102e+02   1.1649990931e-01   0.0000000000e+00   4.9999977796e-01   0.0000000000e+00   0.0000000000e+00   3.8350031274e-01
   9.5000011102e+02   1.1649990931e-01   0.0000000000e+00   4.9999977796e-01   0.0000000000e+00   0.0000000000e+00   3.8350031274e-01
   9.5000011102e+02   1.1649990931e-01   0.0000000000e+00   4.9999977796e-01   0.0000000000e+00   0.0000000000e+00   3.8350031274e-01
   9.5000011102e+02   1.1649990931e-01   0.0000000000e+00   4.9999977796e-01   0.0000000000e+00   0.0000000000e+00   3.8350031274e-01
   9.4999997372e+02   1.1649984532e-01   0.0000000000e+00   5.0000005256e-01   0.0000000000e+00   0.0000000000e+00   3.8350010212e-01
   9.4999997372e+02   1.1649984532e-01   0.0000000000e+00   5.0000005256e-01   0.0000000000e+00   0.0000000000e+00   3.8350010212e-01
   9.4999997372e+02   1.1649984532e-01   0.0000000000e+00   5.0000005256e-01   0.0000000000e+00   0.0000000000e+00   3.8350010212e-01
   9.4999997372e+02   1.1649984532e-01   0.0000000000e+00   5.0000005256e-01   0.0000000000e+00   0.0000000000e+00   3.8350010212e-01
   9.4999997021e+02   1.1649984369e-01   0.0000000000e+00   5.0000005958e-01   0.0000000000e+00   0.0000000000e+00   3.8350009673e-01
   9.4999997021e+02   1.1649984369e-01   0.0000000000e+00   5.0000005958e-01   0.0000000000e+00   0.0000000000e+00   3.8350009673e-01
   9.4999997021e+02   1.1649984369e-01   0.0000000000e+00   5.0000005958e-01   0.0000000000e+00   0.0000000000e+00   3.8350009673e-01
   9.4999997021e+02   1.1649984369e-01   0.0000000000e+00   5.0000005958e-01   0.0000000000e+00   0.0000000000e+00   3.8350009673e-01
   9.4999997021e+02   1.1649984369e-01   0.0000000000e+00   5.0000005958e-01   0.0000000000e+00   0.0000000000e+00   3.8350009673e-01
   9.4999997021e+02   1.1649984369e-01   0.0000000000e+00   5.0000005958e-01   0.0000000000e+00   0.0000000000e+00   3.8350009673e-01
   9.4999997372e+02   1.1649984532e-01   0.0000000000e+00   5.0000005256e-01   0.0000000000e+00   0.0000000000e+00   3.8350010212e-01
   9.4999997372e+02   1.1649984532e-01   0.0000000000e+00   5.0000005256e-01   0.0000000000e+00   0.0000000000e+00   3.8350010212e-01
   9.4999997372e+02   1.1649984532e-01   0.0000000000e+00   5.0000005256e-01   0.0000000000e+00   0.0000000000e+00   3.8350010212e-01
   9.4999997372e+02   1.1649984532e-01   0.0000000000e+00   5.0000005256e-01   0.0000000000e+00   0.0000000000e+00   3.8350010212e-01
   9.4999997021e+02   1.1649984369e-01   0.0000000000e+00   5.0000005958e-01   0.0000000000e+00   0.0000000000e+00   3.8350009673e-01
   9.4999997021e+02   1.1649984369e-01   0.0000000000e+00   5.0000005958e-01   0.0000000000e+00   0.0000000000e+00   3.8350009673e-01
   9.4999996998e+02   1.1649984358e-01   0.0000000000e+00   5.0000006005e-01   0.0000000000e+00   0.0000000000e+00   3.8350009637e-01
   9.4999996998e+02   1.1649984358e-01   0.0000000000e+00   5.0000006005e-01   0.0000000000e+00   0.0000000000e+00   3.8350009637e-01
   9.4999996998e+02   1.1649984358e-01   0.0000000000e+00   5.0000006005e-01   0.0000000000e+00   0.0000000000e+00   3.8350009637e-01
   9.4999996998e+02   1.1649984358e-01   0.0000000000e+00   5.0000006005e-01   0.0000000000e+00   0.0000000000e+00   3.8350009637e-01
   9.4999996998e+02   1.1649984358e-01   0.0000000000e+00   5.0000006005e-01   0.0000000000e+00   0.0000000000e+00   3.8350009637e-01
   9.4999996998e+02   1.1649984358e-01   0.0000000000e+00   5.0000006005e-01   0.0000000000e+00   0.0000000000e+00   3.8350009637e-01
   9.4999996998e+02   1.1649984358e-01   0.0000000000e+00   5.0000006005e-01   0.0000000000e+00   0.0000000000e+00   3.8350009637e-01
   9.4999996998e+02   1.1649984358e-01   0.0000000000e+00   5.0000006005e-01   0.0000000000e+00   0.0000000000e+00   3.8350009637e-01
   9.5000001191e+02   1.1649986312e-01   0.0000000000e+00   4.9999997618e-01   0.0000000000e+00   0.0000000000e+00   3.8350016070e-01
   9.5000001191e+02   1.1649986312e-01   0.0000000000e+00   4.9999997618e-01   0.0000000000e+00   0.0000000000e+00   3.8350016070e-01
   9.5000001191e+02   1.1649986312e-01   0.0000000000e+00   4.9999997618e-01   0.0000000000e+00   0.0000000000e+00   3.8350016070e-01
   9.5000001191e+02   1.1649986312e-01   0.0000000000e+00   4.9999997618e-01   0.0000000000e+00   0.0000000000e+00   3.8350016070e-01
   9.5000001191e+02   1.1649986312e-01   0.0000000000e+00   4.9999997618e-01   0.0000000000e+00   0.0000000000e+00   3.8350016070e-01
   9.5000001191e+02   1.1649986312e-01   0.0000000000e+00   4.9999997618e-01   0.0000000000e+00   0.0000000000e+00   3.8350016070e-01
   9.5000001191e+02   1.1649986312e-01   0.0000000000e+00   4.9999997618e-01   0.0000000000e+00   0.0000000000e+00   3.8350016070e-01
   9.5000001191e+02   1.1649986312e-01   0.0000000000e+00   4.9999997618e-01   0.0000000000e+00   0.0000000000e+00   3.8350016070e-01
   9.4999996643e+02   1.1649984193e-01   0.0000000000e+00   5.0000006714e-01   0.0000000000e+00   0.0000000000e+00   3.8350009094e-01
   9.4999996643e+02   1.1649984193e-01   0.0000000000e+00   5.0000006714e-01   0.0000000000e+00   0.0000000000e+00   3.8350009094e-01
   9.4999996643e+02   1.1649984193e-01   0.0000000000e+00   5.0000006714e-01   0.0000000000e+00   0.0000000000e+00   3.8350009094e-01
   9.4999996643e+02   1.1649984193e-01   0.0000000000e+00   5.0000006714e-01   0.0000000000e+00   0.0000000000e+00   3.8350009094e-01
   9.4999996643e+02   1.1649984193e-01   0.0000000000e+00   5.0000006714e-01   0.0000000000e+00   0.0000000000e+00   3.8350009094e-01
   9.4999996643e+02   1.1649984193e-01   0.0000000000e+00   5.0000006714e-01   0.0000000000e+00   0.0000000000e+00   3.8350009094e-01
   9.4999996643e+02   1.1649984193e-01   0.0000000000e+00   5.0000006714e-01   0.0000000000e+00   0.0000000000e+00   3.8350009094e-01
   9.4999996643e+02   1.1649984193e-01   0.0000000000e+00   5.0000006714e-01   0.0000000000e+00   0.0000000000e+00   3.8350009094e-01
   9.5000001191e+02   1.1649986312e-01   0.0000000000e+00   4.9999997618e-01   0.0000000000e+00   0.0000000000e+00   3.8350016070e-01
   9.5000001191e+02   1.1649986312e-01   0.0000000000e+00   4.9999997618e-01   0.0000000000e+00   0.0000000000e+00   3.8350016070e-01
   9.5000001191e+02   1.1649986312e-01   0.0000000000e+00   4.9999997618e-01   0.0000000000e+00   0.0000000000e+00   3.8350016070e-01
   9.5000001191e+02   1.1649986312e-01   0.0000000000e+00   4.9999997618e-01   0.0000000000e+00   0.0000000000e+00   3.8350016070e-01
   9.5000001191e+02   1.1649986312e-01   0.0000000000e+00   4.9999997618e-01   0.0000000000e+00   0.0000000000e+00   3.8350016070e-01
   9.5000001191e+02   1.1649986312e-01   0.0000000000e+00   4.9999997618e-01   0.0000000000e+00   0.0000000000e+00   3.8350016070e-01
   9.5000001191e+02   1.1649986312e-01   0.0000000000e+00   4.9999997618e-01   0.0000000000e+00   0.0000000000e+00   3.8350016070e-01
   9.5000001191e+02   1.1649986312e-01   0.0000000000e+00   4.9999997618e-01   0.0000000000e+00   0.0000000000e+00   3.8350016070e-01