# time = 84.1523
# Grid Poins = 256    variable_0    variable_1    variable_2    variable_3    variable_4    variable_5    variable_6
   9.4999988933e+02   1.1649980600e-01   0.0000000000e+00   5.0000022133e-01   0.0000000000e+00   0.0000000000e+00   3.8349997267e-01
   9.4999988933e+02   1.1649980600e-01   0.0000000000e+00   5.0000022133e-01   0.0000000000e+00   0.0000000000e+00   3.8349997267e-01
   9.4999988933e+02   1.1649980600e-01   0.0000000000e+00   5.0000022133e-01   0.0000000000e+00   0.0000000000e+00   3.8349997267e-01
   9.4999988933e+02   1.1649980600e-01   0.0000000000e+00   5.0000022133e-01   0.0000000000e+00   0.0000000000e+00   3.8349997267e-01
   9.4999988933e+02   1.1649980600e-01   0.0000000000e+00   5.0000022133e-01   0.0000000000e+00   0.0000000000e+00   3.8349997267e-01
   9.4999988933e+02   1.1649980600e-01   0.0000000000e+00   5.0000022133e-01   0.0000000000e+00   0.0000000000e+00   3.8349997267e-01
   9.4999988933e+02   1.1649980600e-01   0.0000000000e+00   5.0000022133e-01   0.0000000000e+00   0.0000000000e+00   3.8349997267e-01
   9.4999988933e+02   1.1649980600e-01   0.0000000000e+00   5.0000022133e-01   0.0000000000e+00   0.0000000000e+00   3.8349997267e-01
   9.4999977505e+02   1.1649975274e-01   0.0000000000e+00   5.0000044989e-01   0.0000000000e+00   0.0000000000e+00   3.8349979736e-01
   9.4999977505e+02   1.1649975274e-01   0.0000000000e+00   5.0000044989e-01   0.0000000000e+00   0.0000000000e+00   3.8349979736e-01
   9.4999977597e+02   1.1649975317e-01   0.0000000000e+00   5.0000044805e-01   0.0000000000e+00   0.0000000000e+00   3.8349979877e-01
   9.4999977597e+02   1.1649975317e-01   0.0000000000e+00   5.0000044805e-01   0.0000000000e+00   0.0000000000e+00   3.8349979877e-01
   9.4999977551e+02   1.1649975296e-01   0.0000000000e+00   5.0000044897e-01   0.0000000000e+00   0.0000000000e+00   3.8349979807e-01
   9.4999977551e+02   1.1649975296e-01   0.0000000000e+00   5.0000044897e-01   0.0000000000e+00   0.0000000000e+00   3.8349979807e-01
   9.4999977551e+02   1.1649975296e-01   0.0000000000e+00   5.0000044897e-01   0.0000000000e+00   0.0000000000e+00   3.8349979807e-01
   9.4999977551e+02   1.1649975296e-01   0.0000000000e+00   5.0000044897e-01   0.0000000000e+00   0.0000000000e+00   3.8349979807e-01
   9.5000020752e+02   1.1649995427e-01   0.0000000000e+00   4.9999958496e-01   0.0000000000e+00   0.0000000000e+00   3.8350046076e-01
   9.5000020752e+02   1.1649995427e-01   0.0000000000e+00   4.9999958496e-01   0.0000000000e+00   0.0000000000e+00   3.8350046076e-01
   9.5000020752e+02   1.1649995427e-01   0.0000000000e+00   4.9999958496e-01   0.0000000000e+00   0.0000000000e+00   3.8350046076e-01
   9.5000020752e+02   1.1649995427e-01   0.0000000000e+00   4.9999958496e-01   0.0000000000e+00   0.0000000000e+00   3.8350046076e-01
   9.5000020752e+02   1.1649995427e-01   0.0000000000e+00   4.9999958496e-01   0.0000000000e+00   0.0000000000e+00   3.8350046076e-01
   9.5000020752e+02   1.1649995427e-01   0.0000000000e+00   4.9999958496e-01   0.0000000000e+00   0.0000000000e+00   3.8350046076e-01
   9.5000020752e+02   1.1649995427e-01   0.0000000000e+00   4.9999958496e-01   0.0000000000e+00   0.0000000000e+00   3.8350046076e-01
   9.5000020752e+02   1.1649995427e-01   0.0000000000e+00   4.9999958496e-01   0.0000000000e+00   0.0000000000e+00   3.8350046076e-01
   9.4999977505e+02   1.1649975274e-01   0.0000000000e+00   5.0000044989e-01   0.0000000000e+00   0.0000000000e+00   3.8349979736e-01
   9.4999977505e+02   1.1649975274e-01   0.0000000000e+00   5.0000044989e-01   0.0000000000e+00   0.0000000000e+00   3.8349979736e-01
   9.4999977505e+02   1.1649975274e-01   0.0000000000e+00   5.0000044989e-01   0.0000000000e+00   0.0000000000e+00   3.8349979736e-01
   9.4999977505e+02   1.1649975274e-01   0.0000000000e+00   5.0000044989e-01   0.0000000000e+00   0.0000000000e+00   3.8349979736e-01
   9.4999977597e+02   1.1649975317e-01   0.0000000000e+00   5.0000044805e-01   0.0000000000e+00   0.0000000000e+00   3.8349979877e-01
   9.4999977597e+02   1.1649975317e-01   0.0000000000e+00   5.0000044805e-01   0.0000000000e+00   0.0000000000e+00   3.8349979877e-01
   9.4999977597e+02   1.1649975317e-01   0.0000000000e+00   5.0000044805e-01   0.0000000000e+00   0.0000000000e+00   3.8349979877e-01
   9.4999977597e+02   1.1649975317e-01   0.0000000000e+00   5.0000044805e-01   0.0000000000e+00   0.0000000000e+00   3.8349979877e-01
   9.5000007193e+02   1.1649989109e-01   0.0000000000e+00   4.9999985615e-01   0.0000000000e+00   0.0000000000e+00   3.8350025276e-01
   9.5000007193e+02   1.1649989109e-01   0.0000000000e+00   4.9999985615e-01   0.0000000000e+00   0.0000000000e+00   3.8350025276e-01
   9.4999995044e+02   1.1649983447e-01   0.0000000000e+00   5.0000009913e-01   0.0000000000e+00   0.0000000000e+00   3.8350006640e-01
   9.4999995044e+02   1.1649983447e-01   0.0000000000e+00   5.0000009913e-01   0.0000000000e+00   0.0000000000e+00   3.8350006640e-01
   9.5000007193e+02   1.1649989109e-01   0.0000000000e+00   4.9999985615e-01   0.0000000000e+00   0.0000000000e+00   3.8350025276e-01
   9.5000007193e+02   1.1649989109e-01   0.0000000000e+00   4.9999985615e-01   0.0000000000e+00   0.0000000000e+00   3.8350025276e-01
   9.4999995044e+02   1.1649983447e-01   0.0000000000e+00   5.0000009913e-01   0.0000000000e+00   0.0000000000e+00   3.8350006640e-01
   9.4999995044e+02   1.1649983447e-01   0.0000000000e+00   5.0000009913e-01   0.0000000000e+00   0.0000000000e+00   3.8350006640e-01
   9.4999994675e+02   1.1649983276e-01   0.0000000000e+00   5.0000010650e-01   0.0000000000e+00   0.0000000000e+00   3.8350006075e-01
   9.4999994675e+02   1.1649983276e-01   0.0000000000e+00   5.0000010650e-01   0.0000000000e+00   0.0000000000e+00   3.8350006075e-01
   9.4999994675e+02   1.1649983276e-01   0.0000000000e+00   5.0000010650e-01   0.0000000000e+00   0.0000000000e+00   3.8350006075e-01
   9.4999994675e+02   1.1649983276e-01   0.0000000000e+00   5.0000010650e-01   0.0000000000e+00   0.0000000000e+00   3.8350006075e-01
   9.4999994983e+02   1.1649983419e-01   0.0000000000e+00   5.0000010034e-01   0.0000000000e+00   0.0000000000e+00   3.8350006547e-01
   9.4999994983e+02   1.1649983419e-01   0.0000000000e+00   5.0000010034e-01   0.0000000000e+00   0.0000000000e+00   3.8350006547e-01
   9.4999994367e+02   1.1649983132e-01   0.0000000000e+00   5.0000011265e-01   0.0000000000e+00   0.0000000000e+00   3.8350005602e-01
   9.4999994367e+02   1.1649983132e-01   0.0000000000e+00   5.0000011265e-01   0.0000000000e+00   0.0000000000e+00   3.8350005602e-01
   9.4999995273e+02   1.1649983554e-01   0.0000000000e+00   5.0000009454e-01   0.0000000000e+00   0.0000000000e+00   3.8350006992e-01
   9.4999995273e+02   1.1649983554e-01   0.0000000000e+00   5.0000009454e-01   0.0000000000e+00   0.0000000000e+00   3.8350006992e-01
   9.4999995273e+02   1.1649983554e-01   0.0000000000e+00   5.0000009454e-01   0.0000000000e+00   0.0000000000e+00   3.8350006992e-01
   9.4999995273e+02   1.1649983554e-01   0.0000000000e+00   5.0000009454e-01   0.0000000000e+00   0.0000000000e+00   3.8350006992e-01
   9.4999995273e+02   1.1649983554e-01   0.0000000000e+00   5.0000009454e-01   0.0000000000e+00   0.0000000000e+00   3.8350006992e-01
   9.4999995273e+02   1.1649983554e-01   0.0000000000e+00   5.0000009454e-01   0.0000000000e+00   0.0000000000e+00   3.8350006992e-01
   9.4999995273e+02   1.1649983554e-01   0.0000000000e+00   5.0000009454e-01   0.0000000000e+00   0.0000000000e+00   3.8350006992e-01
   9.4999995273e+02   1.1649983554e-01   0.0000000000e+00   5.0000009454e-01   0.0000000000e+00   0.0000000000e+00   3.8350006992e-01
   9.4999995044e+02   1.1649983447e-01   0.0000000000e+00   5.0000009913e-01   0.0000000000e+00   0.0000000000e+00   3.8350006640e-01
   9.4999995044e+02   1.1649983447e-01   0.0000000000e+00   5.0000009913e-01   0.0000000000e+00   0.0000000000e+00   3.8350006640e-01
   9.5000007193e+02   1.1649989109e-01   0.0000000000e+00   4.9999985615e-01   0.0000000000e+00   0.0000000000e+00   3.8350025276e-01
   9.5000007193e+02   1.1649989109e-01   0.0000000000e+00   4.9999985615e-01   0.0000000000e+00   0.0000000000e+00   3.8350025276e-01
   9.5000007193e+02   1.1649989109e-01   0.0000000000e+00   4.9999985615e-01   0.0000000000e+00   0.0000000000e+00   3.8350025276e-01
   9.5000007193e+02   1.1649989109e-01   0.0000000000e+00   4.9999985615e-01   0.0000000000e+00   0.0000000000e+00   3.8350025276e-01
   9.4999995044e+02   1.1649983447e-01   0.0000000000e+00   5.0000009913e-01   0.0000000000e+00   0.0000000000e+00   3.8350006640e-01
   9.4999995044e+02   1.1649983447e-01   0.0000000000e+00   5.0000009913e-01   0.0000000000e+00   0.0000000000e+00   3.8350006640e-01
   9.4999997362e+02   1.1649984528e-01   0.0000000000e+00   5.0000005277e-01   0.0000000000e+00   0.0000000000e+00   3.8350010196e-01
   9.4999997362e+02   1.1649984528e-01   0.0000000000e+00   5.0000005277e-01   0.0000000000e+00   0.0000000000e+00   3.8350010196e-01
   9.4999997362e+02   1.1649984528e-01   0.0000000000e+00   5.0000005277e-01   0.0000000000e+00   0.0000000000e+00   3.8350010196e-01
   9.4999997362e+02   1.1649984528e-01   0.0000000000e+00   5.0000005277e-01   0.0000000000e+00   0.0000000000e+00   3.8350010196e-01
   9.4999997362e+02   1.1649984528e-01   0.0000000000e+00   5.0000005277e-01   0.0000000000e+00   0.0000000000e+00   3.8350010196e-01
   9.4999997362e+02   1.1649984528e-01   0.0000000000e+00   5.0000005277e-01   0.0000000000e+00   0.0000000000e+00   3.8350010196e-01
   9.4999997362e+02   1.1649984528e-01   0.0000000000e+00   5.0000005277e-01   0.0000000000e+00   0.0000000000e+00   3.8350010196e-01
   9.4999997362e+02   1.1649984528e-01   0.0000000000e+00   5.0000005277e-01   0.0000000000e+00   0.0000000000e+00   3.8350010196e-01
   9.4999996913e+02   1.1649984318e-01   0.0000000000e+00   5.0000006174e-01   0.0000000000e+00   0.0000000000e+00   3.8350009508e-01
   9.4999996913e+02   1.1649984318e-01   0.0000000000e+00   5.0000006174e-01   0.0000000000e+00   0.0000000000e+00   3.8350009508e-01
   9.4999996913e+02   1.1649984318e-01   0.0000000000e+00   5.0000006174e-01   0.0000000000e+00   0.0000000000e+00   3.8350009508e-01
   9.4999996913e+02   1.1649984318e-01   0.0000000000e+00   5.0000006174e-01   0.0000000000e+00   0.0000000000e+00   3.8350009508e-01
   9.4999996913e+02   1.1649984318e-01   0.0000000000e+00   5.0000006174e-01   0.0000000000e+00   0.0000000000e+00   3.8350009508e-01
   9.4999996913e+02   1.1649984318e-01   0.0000000000e+00   5.0000006174e-01   0.0000000000e+00   0.0000000000e+00   3.8350009508e-01
   9.4999996913e+02   1.1649984318e-01   0.0000000000e+00   5.0000006174e-01   0.0000000000e+00   0.0000000000e+00   3.8350009508e-01
   9.4999996913e+02   1.1649984318e-01   0.0000000000e+00   5.0000006174e-01   0.0000000000e+00   0.0000000000e+00   3.8350009508e-01
   9.4999977597e+02   1.1649975317e-01   0.0000000000e+00   5.0000044805e-01   0.0000000000e+00   0.0000000000e+00   3.8349979877e-01
   9.4999977597e+02   1.1649975317e-01   0.0000000000e+00   5.0000044805e-01   0.0000000000e+00   0.0000000000e+00   3.8349979877e-01
   9.4999977505e+02   1.1649975274e-01   0.0000000000e+00   5.0000044989e-01   0.0000000000e+00   0.0000000000e+00   3.8349979736e-01
   9.4999977505e+02   1.1649975274e-01   0.0000000000e+00   5.0000044989e-01   0.0000000000e+00   0.0000000000e+00   3.8349979736e-01
   9.4999977551e+02   1.1649975296e-01   0.0000000000e+00   5.0000044897e-01   0.0000000000e+00   0.0000000000e+00   3.8349979807e-01
   9.4999977551e+02   1.1649975296e-01   0.0000000000e+00   5.0000044897e-01   0.0000000000e+00   0.0000000000e+00   3.8349979807e-01
   9.4999977551e+02   1.1649975296e-01   0.0000000000e+00   5.0000044897e-01   0.0000000000e+00   0.0000000000e+00   3.8349979807e-01
   9.4999977551e+02   1.1649975296e-01   0.0000000000e+00   5.0000044897e-01   0.0000000000e+00   0.0000000000e+00   3.8349979807e-01
   9.4999977505e+02   1.1649975274e-01   0.0000000000e+00   5.0000044989e-01   0.0000000000e+00   0.0000000000e+00   3.8349979736e-01
   9.4999977505e+02   1.1649975274e-01   0.0000000000e+00   5.0000044989e-01   0.0000000000e+00   0.0000000000e+00   3.8349979736e-01
   9.4999977505e+02   1.1649975274e-01   0.0000000000e+00   5.0000044989e-01   0.0000000000e+00   0.0000000000e+00   3.8349979736e-01
   9.4999977505e+02   1.1649975274e-01   0.0000000000e+00   5.0000044989e-01   0.0000000000e+00   0.0000000000e+00   3.8349979736e-01
   9.4999977597e+02   1.1649975317e-01   0.0000000000e+00   5.0000044805e-01   0.0000000000e+00   0.0000000000e+00   3.8349979877e-01
   9.4999977597e+02   1.1649975317e-01   0.0000000000e+00   5.0000044805e-01   0.0000000000e+00   0.0000000000e+00   3.8349979877e-01
   9.4999977597e+02   1.1649975317e-01   0.0000000000e+00   5.0000044805e-01   0.0000000000e+00   0.0000000000e+00   3.8349979877e-01
   9.4999977597e+02   1.1649975317e-01   0.0000000000e+00   5.0000044805e-01   0.0000000000e+00   0.0000000000e+00   3.8349979877e-01
   9.5000003334e+02   1.1649987311e-01   0.0000000000e+00   4.9999993332e-01   0.0000000000e+00   0.0000000000e+00   3.8350019357e-01
   9.5000003334e+02   1.1649987311e-01   0.0000000000e+00   4.9999993332e-01   0.0000000000e+00   0.0000000000e+00   3.8350019357e-01
   9.4999997520e+02   1.1649984602e-01   0.0000000000e+00   5.0000004959e-01   0.0000000000e+00   0.0000000000e+00   3.8350010439e-01
   9.4999997520e+02   1.1649984602e-01   0.0000000000e+00   5.0000004959e-01   0.0000000000e+00   0.0000000000e+00   3.8350010439e-01
   9.4999995568e+02   1.1649983692e-01   0.0000000000e+00   5.0000008863e-01   0.0000000000e+00   0.0000000000e+00   3.8350007445e-01
   9.4999995568e+02   1.1649983692e-01   0.0000000000e+00   5.0000008863e-01   0.0000000000e+00   0.0000000000e+00   3.8350007445e-01
   9.4999995568e+02   1.1649983692e-01   0.0000000000e+00   5.0000008863e-01   0.0000000000e+00   0.0000000000e+00   3.8350007445e-01
   9.4999995568e+02   1.1649983692e-01   0.0000000000e+00   5.0000008863e-01   0.0000000000e+00   0.0000000000e+00   3.8350007445e-01
   9.5000009036e+02   1.1649989968e-01   0.0000000000e+00   4.9999981927e-01   0.0000000000e+00   0.0000000000e+00   3.8350028105e-01
   9.5000009036e+02   1.1649989968e-01   0.0000000000e+00   4.9999981927e-01   0.0000000000e+00   0.0000000000e+00   3.8350028105e-01
   9.5000009036e+02   1.1649989968e-01   0.0000000000e+00   4.9999981927e-01   0.0000000000e+00   0.0000000000e+00   3.8350028105e-01
   9.5000009036e+02   1.1649989968e-01   0.0000000000e+00   4.9999981927e-01   0.0000000000e+00   0.0000000000e+00   3.8350028105e-01
   9.5000000427e+02   1.1649985956e-01   0.0000000000e+00   4.9999999145e-01   0.0000000000e+00   0.0000000000e+00   3.8350014898e-01
   9.5000000427e+02   1.1649985956e-01   0.0000000000e+00   4.9999999145e-01   0.0000000000e+00   0.0000000000e+00   3.8350014898e-01
   9.5000000427e+02   1.1649985956e-01   0.0000000000e+00   4.9999999145e-01   0.0000000000e+00   0.0000000000e+00   3.8350014898e-01
   9.5000000427e+02   1.1649985956e-01   0.0000000000e+00   4.9999999145e-01   0.0000000000e+00   0.0000000000e+00   3.8350014898e-01
   9.5000001872e+02   1.1649986629e-01   0.0000000000e+00   4.9999996256e-01   0.0000000000e+00   0.0000000000e+00   3.8350017115e-01
   9.5000001872e+02   1.1649986629e-01   0.0000000000e+00   4.9999996256e-01   0.0000000000e+00   0.0000000000e+00   3.8350017115e-01
   9.5000001872e+02   1.1649986629e-01   0.0000000000e+00   4.9999996256e-01   0.0000000000e+00   0.0000000000e+00   3.8350017115e-01
   9.5000001872e+02   1.1649986629e-01   0.0000000000e+00   4.9999996256e-01   0.0000000000e+00   0.0000000000e+00   3.8350017115e-01
   9.5000010575e+02   1.1649990685e-01   0.0000000000e+00   4.9999978850e-01   0.0000000000e+00   0.0000000000e+00   3.8350030465e-01
   9.5000010575e+02   1.1649990685e-01   0.0000000000e+00   4.9999978850e-01   0.0000000000e+00   0.0000000000e+00   3.8350030465e-01
   9.5000010575e+02   1.1649990685e-01   0.0000000000e+00   4.9999978850e-01   0.0000000000e+00   0.0000000000e+00   3.8350030465e-01
   9.5000010575e+02   1.1649990685e-01   0.0000000000e+00   4.9999978850e-01   0.0000000000e+00   0.0000000000e+00   3.8350030465e-01
   9.4999999158e+02   1.1649985365e-01   0.0000000000e+00   5.0000001684e-01   0.0000000000e+00   0.0000000000e+00   3.8350012952e-01
   9.4999999158e+02   1.1649985365e-01   0.0000000000e+00   5.0000001684e-01   0.0000000000e+00   0.0000000000e+00   3.8350012952e-01
   9.4999999183e+02   1.1649985376e-01   0.0000000000e+00   5.0000001634e-01   0.0000000000e+00   0.0000000000e+00   3.8350012990e-01
   9.4999999183e+02   1.1649985376e-01   0.0000000000e+00   5.0000001634e-01   0.0000000000e+00   0.0000000000e+00   3.8350012990e-01
   9.4999999232e+02   1.1649985399e-01   0.0000000000e+00   5.0000001535e-01   0.0000000000e+00   0.0000000000e+00   3.8350013066e-01
   9.4999999232e+02   1.1649985399e-01   0.0000000000e+00   5.0000001535e-01   0.0000000000e+00   0.0000000000e+00   3.8350013066e-01
   9.4999999158e+02   1.1649985365e-01   0.0000000000e+00   5.0000001684e-01   0.0000000000e+00   0.0000000000e+00   3.8350012952e-01
   9.4999999158e+02   1.1649985365e-01   0.0000000000e+00   5.0000001684e-01   0.0000000000e+00   0.0000000000e+00   3.8350012952e-01
   9.4999977639e+02   1.1649975337e-01   0.0000000000e+00   5.0000044721e-01   0.0000000000e+00   0.0000000000e+00   3.8349979942e-01
   9.4999977639e+02   1.1649975337e-01   0.0000000000e+00   5.0000044721e-01   0.0000000000e+00   0.0000000000e+00   3.8349979942e-01
   9.4999977639e+02   1.1649975337e-01   0.0000000000e+00   5.0000044721e-01   0.0000000000e+00   0.0000000000e+00   3.8349979942e-01
   9.4999977639e+02   1.1649975337e-01   0.0000000000e+00   5.0000044721e-01   0.0000000000e+00   0.0000000000e+00   3.8349979942e-01
   9.4999977355e+02   1.1649975204e-01   0.0000000000e+00   5.0000045290e-01   0.0000000000e+00   0.0000000000e+00   3.8349979505e-01
   9.4999977355e+02   1.1649975204e-01   0.0000000000e+00   5.0000045290e-01   0.0000000000e+00   0.0000000000e+00   3.8349979505e-01
   9.4999977924e+02   1.1649975470e-01   0.0000000000e+00   5.0000044152e-01   0.0000000000e+00   0.0000000000e+00   3.8349980378e-01
   9.4999977924e+02   1.1649975470e-01   0.0000000000e+00   5.0000044152e-01   0.0000000000e+00   0.0000000000e+00   3.8349980378e-01
   9.4999977497e+02   1.1649975271e-01   0.0000000000e+00   5.0000045006e-01   0.0000000000e+00   0.0000000000e+00   3.8349979723e-01
   9.4999977497e+02   1.1649975271e-01   0.0000000000e+00   5.0000045006e-01   0.0000000000e+00   0.0000000000e+00   3.8349979723e-01
   9.4999977782e+02   1.1649975403e-01   0.0000000000e+00   5.0000044437e-01   0.0000000000e+00   0.0000000000e+00   3.8349980160e-01
   9.4999977782e+02   1.1649975403e-01   0.0000000000e+00   5.0000044437e-01   0.0000000000e+00   0.0000000000e+00   3.8349980160e-01
   9.4999977782e+02   1.1649975403e-01   0.0000000000e+00   5.0000044437e-01   0.0000000000e+00   0.0000000000e+00   3.8349980160e-01
   9.4999977782e+02   1.1649975403e-01   0.0000000000e+00   5.0000044437e-01   0.0000000000e+00   0.0000000000e+00   3.8349980160e-01
   9.4999977497e+02   1.1649975271e-01   0.0000000000e+00   5.0000045006e-01   0.0000000000e+00   0.0000000000e+00   3.8349979723e-01
   9.4999977497e+02   1.1649975271e-01   0.0000000000e+00   5.0000045006e-01   0.0000000000e+00   0.0000000000e+00   3.8349979723e-01
   9.4999978373e+02   1.1649975679e-01   0.0000000000e+00   5.0000043253e-01   0.0000000000e+00   0.0000000000e+00   3.8349981068e-01
   9.4999978373e+02   1.1649975679e-01   0.0000000000e+00   5.0000043253e-01   0.0000000000e+00   0.0000000000e+00   3.8349981068e-01
   9.4999978373e+02   1.1649975679e-01   0.0000000000e+00   5.0000043253e-01   0.0000000000e+00   0.0000000000e+00   3.8349981068e-01
   9.4999978373e+02   1.1649975679e-01   0.0000000000e+00   5.0000043253e-01   0.0000000000e+00   0.0000000000e+00   3.8349981068e-01
   9.4999978373e+02   1.1649975679e-01   0.0000000000e+00   5.0000043253e-01   0.0000000000e+00   0.0000000000e+00   3.8349981068e-01
   9.4999978373e+02   1.1649975679e-01   0.0000000000e+00   5.0000043253e-01   0.0000000000e+00   0.0000000000e+00   3.8349981068e-01
   9.4999978373e+02   1.1649975679e-01   0.0000000000e+00   5.0000043253e-01   0.0000000000e+00   0.0000000000e+00   3.8349981068e-01
   9.4999978373e+02   1.1649975679e-01   0.0000000000e+00   5.0000043253e-01   0.0000000000e+00   0.0000000000e+00   3.8349981068e-01
   9.4999978373e+02   1.1649975679e-01   0.0000000000e+00   5.0000043253e-01   0.0000000000e+00   0.0000000000e+00   3.8349981068e-01
   9.4999978373e+02   1.1649975679e-01   0.0000000000e+00   5.0000043253e-01   0.0000000000e+00   0.0000000000e+00   3.8349981068e-01
   9.4999978373e+02   1.1649975679e-01   0.0000000000e+00   5.0000043253e-01   0.0000000000e+00   0.0000000000e+00   3.8349981068e-01
   9.4999978373e+02   1.1649975679e-01   0.0000000000e+00   5.0000043253e-01   0.0000000000e+00   0.0000000000e+00   3.8349981068e-01
   9.4999978373e+02   1.1649975679e-01   0.0000000000e+00   5.0000043253e-01   0.0000000000e+00   0.0000000000e+00   3.8349981068e-01
   9.4999978373e+02   1.1649975679e-01   0.0000000000e+00   5.0000043253e-01   0.0000000000e+00   0.0000000000e+00   3.8349981068e-01
   9.4999978373e+02   1.1649975679e-01   0.0000000000e+00   5.0000043253e-01   0.0000000000e+00   0.0000000000e+00   3.8349981068e-01
   9.4999978373e+02   1.1649975679e-01   0.0000000000e+00   5.0000043253e-01   0.0000000000e+00   0.0000000000e+00   3.8349981068e-01
   9.5000005921e+02   1.1649988516e-01   0.0000000000e+00   4.9999988159e-01   0.0000000000e+00   0.0000000000e+00   3.8350023325e-01
   9.5000005921e+02   1.1649988516e-01   0.0000000000e+00   4.9999988159e-01   0.0000000000e+00   0.0000000000e+00   3.8350023325e-01
   9.5000005921e+02   1.1649988516e-01   0.0000000000e+00   4.9999988159e-01   0.0000000000e+00   0.0000000000e+00   3.8350023325e-01
   9.5000005921e+02   1.1649988516e-01   0.0000000000e+00   4.9999988159e-01   0.0000000000e+00   0.0000000000e+00   3.8350023325e-01
   9.5000018408e+02   1.1649994335e-01   0.0000000000e+00   4.9999963184e-01   0.0000000000e+00   0.0000000000e+00   3.8350042481e-01
   9.5000018408e+02   1.1649994335e-01   0.0000000000e+00   4.9999963184e-01   0.0000000000e+00   0.0000000000e+00   3.8350042481e-01
   9.5000018408e+02   1.1649994335e-01   0.0000000000e+00   4.9999963184e-01   0.0000000000e+00   0.0000000000e+00   3.8350042481e-01
   9.5000018408e+02   1.1649994335e-01   0.0000000000e+00   4.9999963184e-01   0.0000000000e+00   0.0000000000e+00   3.8350042481e-01
   9.5000015300e+02   1.1649992887e-01   0.0000000000e+00   4.9999969401e-01   0.0000000000e+00   0.0000000000e+00   3.8350037713e-01
   9.5000015300e+02   1.1649992887e-01   0.0000000000e+00   4.9999969401e-01   0.0000000000e+00   0.0000000000e+00   3.8350037713e-01
   9.5000015300e+02   1.1649992887e-01   0.0000000000e+00   4.9999969401e-01   0.0000000000e+00   0.0000000000e+00   3.8350037713e-01
   9.5000015300e+02   1.1649992887e-01   0.0000000000e+00   4.9999969401e-01   0.0000000000e+00   0.0000000000e+00   3.8350037713e-01
   9.5000015300e+02   1.1649992887e-01   0.0000000000e+00   4.9999969401e-01   0.0000000000e+00   0.0000000000e+00   3.8350037713e-01
   9.5000015300e+02   1.1649992887e-01   0.0000000000e+00   4.9999969401e-01   0.0000000000e+00   0.0000000000e+00   3.8350037713e-01
   9.5000015300e+02   1.1649992887e-01   0.0000000000e+00   4.9999969401e-01   0.0000000000e+00   0.0000000000e+00   3.8350037713e-01
   9.5000015300e+02   1.1649992887e-01   0.0000000000e+00   4.9999969401e-01   0.0000000000e+00   0.0000000000e+00   3.8350037713e-01
   9.5000012164e+02   1.1649991426e-01   0.0000000000e+00   4.9999975671e-01   0.0000000000e+00   0.0000000000e+00   3.8350032903e-01
   9.5000012164e+02   1.1649991426e-01   0.0000000000e+00   4.9999975671e-01   0.0000000000e+00   0.0000000000e+00   3.8350032903e-01
   9.5000012164e+02   1.1649991426e-01   0.0000000000e+00   4.9999975671e-01   0.0000000000e+00   0.0000000000e+00   3.8350032903e-01
   9.5000012164e+02   1.1649991426e-01   0.0000000000e+00   4.9999975671e-01   0.0000000000e+00   0.0000000000e+00   3.8350032903e-01
   9.5000000495e+02   1.1649985988e-01   0.0000000000e+00   4.9999999009e-01   0.0000000000e+00   0.0000000000e+00   3.8350015003e-01
   9.5000000495e+02   1.1649985988e-01   0.0000000000e+00   4.9999999009e-01   0.0000000000e+00   0.0000000000e+00   3.8350015003e-01
   9.5000000495e+02   1.1649985988e-01   0.0000000000e+00   4.9999999009e-01   0.0000000000e+00   0.0000000000e+00   3.8350015003e-01
   9.5000000495e+02   1.1649985988e-01   0.0000000000e+00   4.9999999009e-01   0.0000000000e+00   0.0000000000e+00   3.8350015003e-01
   9.5000000495e+02   1.1649985988e-01   0.0000000000e+00   4.9999999009e-01   0.0000000000e+00   0.0000000000e+00   3.8350015003e-01
   9.5000000495e+02   1.1649985988e-01   0.0000000000e+00   4.9999999009e-01   0.0000000000e+00   0.0000000000e+00   3.8350015003e-01
   9.5000000495e+02   1.1649985988e-01   0.0000000000e+00   4.9999999009e-01   0.0000000000e+00   0.0000000000e+00   3.8350015003e-01
   9.5000000495e+02   1.1649985988e-01   0.0000000000e+00   4.9999999009e-01   0.0000000000e+00   0.0000000000e+00   3.8350015003e-01
   9.4999999677e+02   1.1649985606e-01   0.0000000000e+00   5.0000000646e-01   0.0000000000e+00   0.0000000000e+00   3.8350013747e-01
   9.4999999677e+02   1.1649985606e-01   0.0000000000e+00   5.0000000646e-01   0.0000000000e+00   0.0000000000e+00   3.8350013747e-01
   9.5000024652e+02   1.1649997245e-01   0.0000000000e+00   4.9999950697e-01   0.0000000000e+00   0.0000000000e+00   3.8350052059e-01
   9.5000024652e+02   1.1649997245e-01   0.0000000000e+00   4.9999950697e-01   0.0000000000e+00   0.0000000000e+00   3.8350052059e-01
   9.5000012553e+02   1.1649991607e-01   0.0000000000e+00   4.9999974894e-01   0.0000000000e+00   0.0000000000e+00   3.8350033499e-01
   9.5000012553e+02   1.1649991607e-01   0.0000000000e+00   4.9999974894e-01   0.0000000000e+00   0.0000000000e+00   3.8350033499e-01
   9.5000012553e+02   1.1649991607e-01   0.0000000000e+00   4.9999974894e-01   0.0000000000e+00   0.0000000000e+00   3.8350033499e-01
   9.5000012553e+02   1.1649991607e-01   0.0000000000e+00   4.9999974894e-01   0.0000000000e+00   0.0000000000e+00   3.8350033499e-01
   9.5000019592e+02   1.1649994887e-01   0.0000000000e+00   4.9999960817e-01   0.0000000000e+00   0.0000000000e+00   3.8350044297e-01
   9.5000019592e+02   1.1649994887e-01   0.0000000000e+00   4.9999960817e-01   0.0000000000e+00   0.0000000000e+00   3.8350044297e-01
   9.5000011564e+02   1.1649991146e-01   0.0000000000e+00   4.9999976873e-01   0.0000000000e+00   0.0000000000e+00   3.8350031982e-01
   9.5000011564e+02   1.1649991146e-01   0.0000000000e+00   4.9999976873e-01   0.0000000000e+00   0.0000000000e+00   3.8350031982e-01
   9.5000023606e+02   1.1649996757e-01   0.0000000000e+00   4.9999952789e-01   0.0000000000e+00   0.0000000000e+00   3.8350050454e-01
   9.5000023606e+02   1.1649996757e-01   0.0000000000e+00   4.9999952789e-01   0.0000000000e+00   0.0000000000e+00   3.8350050454e-01
   9.5000023606e+02   1.1649996757e-01   0.0000000000e+00   4.9999952789e-01   0.0000000000e+00   0.0000000000e+00   3.8350050454e-01
   9.5000023606e+02   1.1649996757e-01   0.0000000000e+00   4.9999952789e-01   0.0000000000e+00   0.0000000000e+00   3.8350050454e-01
   9.5000012553e+02   1.1649991607e-01   0.0000000000e+00   4.9999974894e-01   0.0000000000e+00   0.0000000000e+00   3.8350033499e-01
   9.5000012553e+02   1.1649991607e-01   0.0000000000e+00   4.9999974894e-01   0.0000000000e+00   0.0000000000e+00   3.8350033499e-01
   9.5000012553e+02   1.1649991607e-01   0.0000000000e+00   4.9999974894e-01   0.0000000000e+00   0.0000000000e+00   3.8350033499e-01
   9.5000012553e+02   1.1649991607e-01   0.0000000000e+00   4.9999974894e-01   0.0000000000e+00   0.0000000000e+00   3.8350033499e-01
   9.5000015629e+02   1.1649993040e-01   0.0000000000e+00   4.9999968741e-01   0.0000000000e+00   0.0000000000e+00   3.8350038219e-01
   9.5000015629e+02   1.1649993040e-01   0.0000000000e+00   4.9999968741e-01   0.0000000000e+00   0.0000000000e+00   3.8350038219e-01
   9.5000015629e+02   1.1649993040e-01   0.0000000000e+00   4.9999968741e-01   0.0000000000e+00   0.0000000000e+00   3.8350038219e-01
   9.5000015629e+02   1.1649993040e-01   0.0000000000e+00   4.9999968741e-01   0.0000000000e+00   0.0000000000e+00   3.8350038219e-01
   9.5000019592e+02   1.1649994887e-01   0.0000000000e+00   4.9999960817e-01   0.0000000000e+00   0.0000000000e+00   3.8350044297e-01
   9.5000019592e+02   1.1649994887e-01   0.0000000000e+00   4.9999960817e-01   0.0000000000e+00   0.0000000000e+00   3.8350044297e-01
   9.5000019592e+02   1.1649994887e-01   0.0000000000e+00   4.9999960817e-01   0.0000000000e+00   0.0000000000e+00   3.8350044297e-01
   9.5000019592e+02   1.1649994887e-01   0.0000000000e+00   4.9999960817e-01   0.0000000000e+00   0.0000000000e+00   3.8350044297e-01
   9.5000015629e+02   1.1649993040e-01   0.0000000000e+00   4.9999968741e-01   0.0000000000e+00   0.0000000000e+00   3.8350038219e-01
   9.5000015629e+02   1.1649993040e-01   0.0000000000e+00   4.9999968741e-01   0.0000000000e+00   0.0000000000e+00   3.8350038219e-01
   9.5000015629e+02   1.1649993040e-01   0.0000000000e+00   4.9999968741e-01   0.0000000000e+00   0.0000000000e+00   3.8350038219e-01
   9.5000015629e+02   1.1649993040e-01   0.0000000000e+00   4.9999968741e-01   0.0000000000e+00   0.0000000000e+00   3.8350038219e-01
   9.5000019592e+02   1.1649994887e-01   0.0000000000e+00   4.9999960817e-01   0.0000000000e+00   0.0000000000e+00   3.8350044297e-01
   9.5000019592e+02   1.1649994887e-01   0.0000000000e+00   4.9999960817e-01   0.0000000000e+00   0.0000000000e+00   3.8350044297e-01
   9.5000019592e+02   1.1649994887e-01   0.0000000000e+00   4.9999960817e-01   0.0000000000e+00   0.0000000000e+00   3.8350044297e-01
   9.5000019592e+02   1.1649994887e-01   0.0000000000e+00   4.9999960817e-01   0.0000000000e+00   0.0000000000e+00   3.8350044297e-01
   9.5000015578e+02   1.1649993016e-01   0.0000000000e+00   4.9999968845e-01   0.0000000000e+00   0.0000000000e+00   3.8350038139e-01
   9.5000015578e+02   1.1649993016e-01   0.0000000000e+00   4.9999968845e-01   0.0000000000e+00   0.0000000000e+00   3.8350038139e-01
   9.5000015578e+02   1.1649993016e-01   0.0000000000e+00   4.9999968845e-01   0.0000000000e+00   0.0000000000e+00   3.8350038139e-01
   9.5000015578e+02   1.1649993016e-01   0.0000000000e+00   4.9999968845e-01   0.0000000000e+00   0.0000000000e+00   3.8350038139e-01
   9.5000015578e+02   1.1649993016e-01   0.0000000000e+00   4.9999968845e-01   0.0000000000e+00   0.0000000000e+00   3.8350038139e-01
   9.5000015578e+02   1.1649993016e-01   0.0000000000e+00   4.9999968845e-01   0.0000000000e+00   0.0000000000e+00   3.8350038139e-01
   9.5000015578e+02   1.1649993016e-01   0.0000000000e+00   4.9999968845e-01   0.0000000000e+00   0.0000000000e+00   3.8350038139e-01
   9.5000015578e+02   1.1649993016e-01   0.0000000000e+00   4.9999968845e-01   0.0000000000e+00   0.0000000000e+00   3.8350038139e-01
   9.5000023606e+02   1.1649996757e-01   0.0000000000e+00   4.9999952789e-01   0.0000000000e+00   0.0000000000e+00   3.8350050454e-01
   9.5000023606e+02   1.1649996757e-01   0.0000000000e+00   4.9999952789e-01   0.0000000000e+00   0.0000000000e+00   3.8350050454e-01
   9.5000023606e+02   1.1649996757e-01   0.0000000000e+00   4.9999952789e-01   0.0000000000e+00   0.0000000000e+00   3.8350050454e-01
   9.5000023606e+02   1.1649996757e-01   0.0000000000e+00   4.9999952789e-01   0.0000000000e+00   0.0000000000e+00   3.8350050454e-01
   9.5000023606e+02   1.1649996757e-01   0.0000000000e+00   4.9999952789e-01   0.0000000000e+00   0.0000000000e+00   3.8350050454e-01
   9.5000023606e+02   1.1649996757e-01   0.0000000000e+00   4.9999952789e-01   0.0000000000e+00   0.0000000000e+00   3.8350050454e-01
   9.5000023606e+02   1.1649996757e-01   0.0000000000e+00   4.9999952789e-01   0.0000000000e+00   0.0000000000e+00   3.8350050454e-01
   9.5000023606e+02   1.1649996757e-01   0.0000000000e+00   4.9999952789e-01   0.0000000000e+00   0.0000000000e+00   3.8350050454e-01
   9.5000013408e+02   1.1649992005e-01   0.0000000000e+00   4.9999973184e-01   0.0000000000e+00   0.0000000000e+00   3.8350034811e-01
   9.5000013408e+02   1.1649992005e-01   0.0000000000e+00   4.9999973184e-01   0.0000000000e+00   0.0000000000e+00   3.8350034811e-01
   9.5000013408e+02   1.1649992005e-01   0.0000000000e+00   4.9999973184e-01   0.0000000000e+00   0.0000000000e+00   3.8350034811e-01
   9.5000013408e+02   1.1649992005e-01   0.0000000000e+00   4.9999973184e-01   0.0000000000e+00   0.0000000000e+00   3.8350034811e-01
   9.5000013408e+02   1.1649992005e-01   0.0000000000e+00   4.9999973184e-01   0.0000000000e+00   0.0000000000e+00   3.8350034811e-01
   9.5000013408e+02   1.1649992005e-01   0.0000000000e+00   4.9999973184e-01   0.0000000000e+00   0.0000000000e+00   3.8350034811e-01
   9.5000013408e+02   1.1649992005e-01   0.0000000000e+00   4.9999973184e-01   0.0000000000e+00   0.0000000000e+00   3.8350034811e-01
   9.5000013408e+02   1.1649992005e-01   0.0000000000e+00   4.9999973184e-01   0.0000000000e+00   0.0000000000e+00   3.8350034811e-01
   9.5000013408e+02   1.1649992005e-01   0.0000000000e+00   4.9999973184e-01   0.0000000000e+00   0.0000000000e+00   3.8350034811e-01
   9.5000013408e+02   1.1649992005e-01   0.0000000000e+00   4.9999973184e-01   0.0000000000e+00   0.0000000000e+00   3.8350034811e-01
   9.5000013408e+02   1.1649992005e-01   0.0000000000e+00   4.9999973184e-01   0.0000000000e+00   0.0000000000e+00   3.8350034811e-01
   9.5000013408e+02   1.1649992005e-01   0.0000000000e+00   4.9999973184e-01   0.0000000000e+00   0.0000000000e+00   3.8350034811e-01
   9.5000013408e+02   1.1649992005e-01   0.0000000000e+00   4.9999973184e-01   0.0000000000e+00   0.0000000000e+00   3.8350034811e-01
   9.5000013408e+02   1.1649992005e-01   0.0000000000e+00   4.9999973184e-01   0.0000000000e+00   0.0000000000e+00   3.8350034811e-01
   9.5000013408e+02   1.1649992005e-01   0.0000000000e+00   4.9999973184e-01   0.0000000000e+00   0.0000000000e+00   3.8350034811e-01
   9.5000013408e+02   1.1649992005e-01   0.0000000000e+00   4.9999973184e-01   0.0000000000e+00   0.0000000000e+00   3.8350034811e-01