# time = 40.2232
# Grid Poins = 256    variable_0    variable_1    variable_2    variable_3    variable_4    variable_5    variable_6
   9.4967994024e+02   1.1635070990e-01   0.0000000000e+00   5.0064011952e-01   0.0000000000e+00   0.0000000000e+00   3.8300917058e-01
   9.4967994024e+02   1.1635070990e-01   0.0000000000e+00   5.0064011952e-01   0.0000000000e+00   0.0000000000e+00   3.8300917058e-01
   9.4967994024e+02   1.1635070990e-01   0.0000000000e+00   5.0064011952e-01   0.0000000000e+00   0.0000000000e+00   3.8300917058e-01
   9.4967994024e+02   1.1635070990e-01   0.0000000000e+00   5.0064011952e-01   0.0000000000e+00   0.0000000000e+00   3.8300917058e-01
   9.4967812758e+02   1.1634986520e-01   0.0000000000e+00   5.0064374485e-01   0.0000000000e+00   0.0000000000e+00   3.8300638995e-01
   9.4967812758e+02   1.1634986520e-01   0.0000000000e+00   5.0064374485e-01   0.0000000000e+00   0.0000000000e+00   3.8300638995e-01
   9.4967812758e+02   1.1634986520e-01   0.0000000000e+00   5.0064374485e-01   0.0000000000e+00   0.0000000000e+00   3.8300638995e-01
   9.4967812758e+02   1.1634986520e-01   0.0000000000e+00   5.0064374485e-01   0.0000000000e+00   0.0000000000e+00   3.8300638995e-01
   9.4968175290e+02   1.1635155460e-01   0.0000000000e+00   5.0063649419e-01   0.0000000000e+00   0.0000000000e+00   3.8301195120e-01
   9.4968175290e+02   1.1635155460e-01   0.0000000000e+00   5.0063649419e-01   0.0000000000e+00   0.0000000000e+00   3.8301195120e-01
   9.4968175290e+02   1.1635155460e-01   0.0000000000e+00   5.0063649419e-01   0.0000000000e+00   0.0000000000e+00   3.8301195120e-01
   9.4968175290e+02   1.1635155460e-01   0.0000000000e+00   5.0063649419e-01   0.0000000000e+00   0.0000000000e+00   3.8301195120e-01
   9.4967994024e+02   1.1635070990e-01   0.0000000000e+00   5.0064011952e-01   0.0000000000e+00   0.0000000000e+00   3.8300917058e-01
   9.4967994024e+02   1.1635070990e-01   0.0000000000e+00   5.0064011952e-01   0.0000000000e+00   0.0000000000e+00   3.8300917058e-01
   9.4967994024e+02   1.1635070990e-01   0.0000000000e+00   5.0064011952e-01   0.0000000000e+00   0.0000000000e+00   3.8300917058e-01
   9.4967994024e+02   1.1635070990e-01   0.0000000000e+00   5.0064011952e-01   0.0000000000e+00   0.0000000000e+00   3.8300917058e-01
   9.4937258337e+02   1.1620748178e-01   0.0000000000e+00   5.0125483326e-01   0.0000000000e+00   0.0000000000e+00   3.8253768496e-01
   9.4937258337e+02   1.1620748178e-01   0.0000000000e+00   5.0125483326e-01   0.0000000000e+00   0.0000000000e+00   3.8253768496e-01
   9.4937258337e+02   1.1620748178e-01   0.0000000000e+00   5.0125483326e-01   0.0000000000e+00   0.0000000000e+00   3.8253768496e-01
   9.4937258337e+02   1.1620748178e-01   0.0000000000e+00   5.0125483326e-01   0.0000000000e+00   0.0000000000e+00   3.8253768496e-01
   9.4916439922e+02   1.1611046808e-01   0.0000000000e+00   5.0167120156e-01   0.0000000000e+00   0.0000000000e+00   3.8221833036e-01
   9.4916439922e+02   1.1611046808e-01   0.0000000000e+00   5.0167120156e-01   0.0000000000e+00   0.0000000000e+00   3.8221833036e-01
   9.4916439922e+02   1.1611046808e-01   0.0000000000e+00   5.0167120156e-01   0.0000000000e+00   0.0000000000e+00   3.8221833036e-01
   9.4916439922e+02   1.1611046808e-01   0.0000000000e+00   5.0167120156e-01   0.0000000000e+00   0.0000000000e+00   3.8221833036e-01
   9.4950771998e+02   1.1627045536e-01   0.0000000000e+00   5.0098456003e-01   0.0000000000e+00   0.0000000000e+00   3.8274498461e-01
   9.4950771998e+02   1.1627045536e-01   0.0000000000e+00   5.0098456003e-01   0.0000000000e+00   0.0000000000e+00   3.8274498461e-01
   9.4950771998e+02   1.1627045536e-01   0.0000000000e+00   5.0098456003e-01   0.0000000000e+00   0.0000000000e+00   3.8274498461e-01
   9.4950771998e+02   1.1627045536e-01   0.0000000000e+00   5.0098456003e-01   0.0000000000e+00   0.0000000000e+00   3.8274498461e-01
   9.4950771998e+02   1.1627045536e-01   0.0000000000e+00   5.0098456003e-01   0.0000000000e+00   0.0000000000e+00   3.8274498461e-01
   9.4950771998e+02   1.1627045536e-01   0.0000000000e+00   5.0098456003e-01   0.0000000000e+00   0.0000000000e+00   3.8274498461e-01
   9.4950771998e+02   1.1627045536e-01   0.0000000000e+00   5.0098456003e-01   0.0000000000e+00   0.0000000000e+00   3.8274498461e-01
   9.4950771998e+02   1.1627045536e-01   0.0000000000e+00   5.0098456003e-01   0.0000000000e+00   0.0000000000e+00   3.8274498461e-01
   9.4935469206e+02   1.1619914444e-01   0.0000000000e+00   5.0129061588e-01   0.0000000000e+00   0.0000000000e+00   3.8251023968e-01
   9.4935469206e+02   1.1619914444e-01   0.0000000000e+00   5.0129061588e-01   0.0000000000e+00   0.0000000000e+00   3.8251023968e-01
   9.4935469206e+02   1.1619914444e-01   0.0000000000e+00   5.0129061588e-01   0.0000000000e+00   0.0000000000e+00   3.8251023968e-01
   9.4935469206e+02   1.1619914444e-01   0.0000000000e+00   5.0129061588e-01   0.0000000000e+00   0.0000000000e+00   3.8251023968e-01
   9.4939347864e+02   1.1621721896e-01   0.0000000000e+00   5.0121304272e-01   0.0000000000e+00   0.0000000000e+00   3.8256973832e-01
   9.4939347864e+02   1.1621721896e-01   0.0000000000e+00   5.0121304272e-01   0.0000000000e+00   0.0000000000e+00   3.8256973832e-01
   9.4931590548e+02   1.1618106991e-01   0.0000000000e+00   5.0136818905e-01   0.0000000000e+00   0.0000000000e+00   3.8245074104e-01
   9.4931590548e+02   1.1618106991e-01   0.0000000000e+00   5.0136818905e-01   0.0000000000e+00   0.0000000000e+00   3.8245074104e-01
   9.4944002254e+02   1.1623890839e-01   0.0000000000e+00   5.0111995492e-01   0.0000000000e+00   0.0000000000e+00   3.8264113669e-01
   9.4944002254e+02   1.1623890839e-01   0.0000000000e+00   5.0111995492e-01   0.0000000000e+00   0.0000000000e+00   3.8264113669e-01
   9.4944002254e+02   1.1623890839e-01   0.0000000000e+00   5.0111995492e-01   0.0000000000e+00   0.0000000000e+00   3.8264113669e-01
   9.4944002254e+02   1.1623890839e-01   0.0000000000e+00   5.0111995492e-01   0.0000000000e+00   0.0000000000e+00   3.8264113669e-01
   9.4944002254e+02   1.1623890839e-01   0.0000000000e+00   5.0111995492e-01   0.0000000000e+00   0.0000000000e+00   3.8264113669e-01
   9.4944002254e+02   1.1623890839e-01   0.0000000000e+00   5.0111995492e-01   0.0000000000e+00   0.0000000000e+00   3.8264113669e-01
   9.4928487621e+02   1.1616661029e-01   0.0000000000e+00   5.0143024758e-01   0.0000000000e+00   0.0000000000e+00   3.8240314213e-01
   9.4928487621e+02   1.1616661029e-01   0.0000000000e+00   5.0143024758e-01   0.0000000000e+00   0.0000000000e+00   3.8240314213e-01
   9.4960006645e+02   1.1631348876e-01   0.0000000000e+00   5.0079986711e-01   0.0000000000e+00   0.0000000000e+00   3.8288664413e-01
   9.4960006645e+02   1.1631348876e-01   0.0000000000e+00   5.0079986711e-01   0.0000000000e+00   0.0000000000e+00   3.8288664413e-01
   9.4960006645e+02   1.1631348876e-01   0.0000000000e+00   5.0079986711e-01   0.0000000000e+00   0.0000000000e+00   3.8288664413e-01
   9.4960006645e+02   1.1631348876e-01   0.0000000000e+00   5.0079986711e-01   0.0000000000e+00   0.0000000000e+00   3.8288664413e-01
   9.4970005449e+02   1.1636008313e-01   0.0000000000e+00   5.0059989101e-01   0.0000000000e+00   0.0000000000e+00   3.8304002585e-01
   9.4970005449e+02   1.1636008313e-01   0.0000000000e+00   5.0059989101e-01   0.0000000000e+00   0.0000000000e+00   3.8304002585e-01
   9.4950007840e+02   1.1626689439e-01   0.0000000000e+00   5.0099984321e-01   0.0000000000e+00   0.0000000000e+00   3.8273326241e-01
   9.4950007840e+02   1.1626689439e-01   0.0000000000e+00   5.0099984321e-01   0.0000000000e+00   0.0000000000e+00   3.8273326241e-01
   9.4950007840e+02   1.1626689439e-01   0.0000000000e+00   5.0099984321e-01   0.0000000000e+00   0.0000000000e+00   3.8273326241e-01
   9.4950007840e+02   1.1626689439e-01   0.0000000000e+00   5.0099984321e-01   0.0000000000e+00   0.0000000000e+00   3.8273326241e-01
   9.4960006645e+02   1.1631348876e-01   0.0000000000e+00   5.0079986711e-01   0.0000000000e+00   0.0000000000e+00   3.8288664413e-01
   9.4960006645e+02   1.1631348876e-01   0.0000000000e+00   5.0079986711e-01   0.0000000000e+00   0.0000000000e+00   3.8288664413e-01
   9.4970005449e+02   1.1636008313e-01   0.0000000000e+00   5.0059989101e-01   0.0000000000e+00   0.0000000000e+00   3.8304002585e-01
   9.4970005449e+02   1.1636008313e-01   0.0000000000e+00   5.0059989101e-01   0.0000000000e+00   0.0000000000e+00   3.8304002585e-01
   9.4960006645e+02   1.1631348876e-01   0.0000000000e+00   5.0079986711e-01   0.0000000000e+00   0.0000000000e+00   3.8288664413e-01
   9.4960006645e+02   1.1631348876e-01   0.0000000000e+00   5.0079986711e-01   0.0000000000e+00   0.0000000000e+00   3.8288664413e-01
   9.5001473459e+02   1.1650672388e-01   0.0000000000e+00   4.9997053081e-01   0.0000000000e+00   0.0000000000e+00   3.8352274531e-01
   9.5001473459e+02   1.1650672388e-01   0.0000000000e+00   4.9997053081e-01   0.0000000000e+00   0.0000000000e+00   3.8352274531e-01
   9.5001473459e+02   1.1650672388e-01   0.0000000000e+00   4.9997053081e-01   0.0000000000e+00   0.0000000000e+00   3.8352274531e-01
   9.5001473459e+02   1.1650672388e-01   0.0000000000e+00   4.9997053081e-01   0.0000000000e+00   0.0000000000e+00   3.8352274531e-01
   9.5001473459e+02   1.1650672388e-01   0.0000000000e+00   4.9997053081e-01   0.0000000000e+00   0.0000000000e+00   3.8352274531e-01
   9.5001473459e+02   1.1650672388e-01   0.0000000000e+00   4.9997053081e-01   0.0000000000e+00   0.0000000000e+00   3.8352274531e-01
   9.5001473459e+02   1.1650672388e-01   0.0000000000e+00   4.9997053081e-01   0.0000000000e+00   0.0000000000e+00   3.8352274531e-01
   9.5001473459e+02   1.1650672388e-01   0.0000000000e+00   4.9997053081e-01   0.0000000000e+00   0.0000000000e+00   3.8352274531e-01
   9.5011074991e+02   1.1655146697e-01   0.0000000000e+00   4.9977850018e-01   0.0000000000e+00   0.0000000000e+00   3.8367003286e-01
   9.5011074991e+02   1.1655146697e-01   0.0000000000e+00   4.9977850018e-01   0.0000000000e+00   0.0000000000e+00   3.8367003286e-01
   9.4999073076e+02   1.1649553811e-01   0.0000000000e+00   5.0001853847e-01   0.0000000000e+00   0.0000000000e+00   3.8348592342e-01
   9.4999073076e+02   1.1649553811e-01   0.0000000000e+00   5.0001853847e-01   0.0000000000e+00   0.0000000000e+00   3.8348592342e-01
   9.4999073076e+02   1.1649553811e-01   0.0000000000e+00   5.0001853847e-01   0.0000000000e+00   0.0000000000e+00   3.8348592342e-01
   9.4999073076e+02   1.1649553811e-01   0.0000000000e+00   5.0001853847e-01   0.0000000000e+00   0.0000000000e+00   3.8348592342e-01
   9.4996672694e+02   1.1648435234e-01   0.0000000000e+00   5.0006654613e-01   0.0000000000e+00   0.0000000000e+00   3.8344910153e-01
   9.4996672694e+02   1.1648435234e-01   0.0000000000e+00   5.0006654613e-01   0.0000000000e+00   0.0000000000e+00   3.8344910153e-01
   9.4996351010e+02   1.1648285330e-01   0.0000000000e+00   5.0007297980e-01   0.0000000000e+00   0.0000000000e+00   3.8344416690e-01
   9.4996351010e+02   1.1648285330e-01   0.0000000000e+00   5.0007297980e-01   0.0000000000e+00   0.0000000000e+00   3.8344416690e-01
   9.4996351010e+02   1.1648285330e-01   0.0000000000e+00   5.0007297980e-01   0.0000000000e+00   0.0000000000e+00   3.8344416690e-01
   9.4996351010e+02   1.1648285330e-01   0.0000000000e+00   5.0007297980e-01   0.0000000000e+00   0.0000000000e+00   3.8344416690e-01
   9.5017478053e+02   1.1658130520e-01   0.0000000000e+00   4.9965043895e-01   0.0000000000e+00   0.0000000000e+00   3.8376825586e-01
   9.5017478053e+02   1.1658130520e-01   0.0000000000e+00   4.9965043895e-01   0.0000000000e+00   0.0000000000e+00   3.8376825586e-01
   9.4996351010e+02   1.1648285330e-01   0.0000000000e+00   5.0007297980e-01   0.0000000000e+00   0.0000000000e+00   3.8344416690e-01
   9.4996351010e+02   1.1648285330e-01   0.0000000000e+00   5.0007297980e-01   0.0000000000e+00   0.0000000000e+00   3.8344416690e-01
   9.5003875373e+02   1.1651791678e-01   0.0000000000e+00   4.9992249255e-01   0.0000000000e+00   0.0000000000e+00   3.8355959067e-01
   9.5003875373e+02   1.1651791678e-01   0.0000000000e+00   4.9992249255e-01   0.0000000000e+00   0.0000000000e+00   3.8355959067e-01
   9.5003875373e+02   1.1651791678e-01   0.0000000000e+00   4.9992249255e-01   0.0000000000e+00   0.0000000000e+00   3.8355959067e-01
   9.5003875373e+02   1.1651791678e-01   0.0000000000e+00   4.9992249255e-01   0.0000000000e+00   0.0000000000e+00   3.8355959067e-01
   9.5001154837e+02   1.1650523910e-01   0.0000000000e+00   4.9997690327e-01   0.0000000000e+00   0.0000000000e+00   3.8351785763e-01
   9.5001154837e+02   1.1650523910e-01   0.0000000000e+00   4.9997690327e-01   0.0000000000e+00   0.0000000000e+00   3.8351785763e-01
   9.4996351010e+02   1.1648285330e-01   0.0000000000e+00   5.0007297980e-01   0.0000000000e+00   0.0000000000e+00   3.8344416690e-01
   9.4996351010e+02   1.1648285330e-01   0.0000000000e+00   5.0007297980e-01   0.0000000000e+00   0.0000000000e+00   3.8344416690e-01
   9.4854710855e+02   1.1582281098e-01   0.0000000000e+00   5.0290578291e-01   0.0000000000e+00   0.0000000000e+00   3.8127140611e-01
   9.4854710855e+02   1.1582281098e-01   0.0000000000e+00   5.0290578291e-01   0.0000000000e+00   0.0000000000e+00   3.8127140611e-01
   9.4856225082e+02   1.1582986727e-01   0.0000000000e+00   5.0287549836e-01   0.0000000000e+00   0.0000000000e+00   3.8129463437e-01
   9.4856225082e+02   1.1582986727e-01   0.0000000000e+00   5.0287549836e-01   0.0000000000e+00   0.0000000000e+00   3.8129463437e-01
   9.4855467968e+02   1.1582633913e-01   0.0000000000e+00   5.0289064063e-01   0.0000000000e+00   0.0000000000e+00   3.8128302024e-01
   9.4855467968e+02   1.1582633913e-01   0.0000000000e+00   5.0289064063e-01   0.0000000000e+00   0.0000000000e+00   3.8128302024e-01
   9.4855467968e+02   1.1582633913e-01   0.0000000000e+00   5.0289064063e-01   0.0000000000e+00   0.0000000000e+00   3.8128302024e-01
   9.4855467968e+02   1.1582633913e-01   0.0000000000e+00   5.0289064063e-01   0.0000000000e+00   0.0000000000e+00   3.8128302024e-01
   9.4856678154e+02   1.1583197858e-01   0.0000000000e+00   5.0286643692e-01   0.0000000000e+00   0.0000000000e+00   3.8130158449e-01
   9.4856678154e+02   1.1583197858e-01   0.0000000000e+00   5.0286643692e-01   0.0000000000e+00   0.0000000000e+00   3.8130158449e-01
   9.4856678154e+02   1.1583197858e-01   0.0000000000e+00   5.0286643692e-01   0.0000000000e+00   0.0000000000e+00   3.8130158449e-01
   9.4856678154e+02   1.1583197858e-01   0.0000000000e+00   5.0286643692e-01   0.0000000000e+00   0.0000000000e+00   3.8130158449e-01
   9.4856678154e+02   1.1583197858e-01   0.0000000000e+00   5.0286643692e-01   0.0000000000e+00   0.0000000000e+00   3.8130158449e-01
   9.4856678154e+02   1.1583197858e-01   0.0000000000e+00   5.0286643692e-01   0.0000000000e+00   0.0000000000e+00   3.8130158449e-01
   9.4856678154e+02   1.1583197858e-01   0.0000000000e+00   5.0286643692e-01   0.0000000000e+00   0.0000000000e+00   3.8130158449e-01
   9.4856678154e+02   1.1583197858e-01   0.0000000000e+00   5.0286643692e-01   0.0000000000e+00   0.0000000000e+00   3.8130158449e-01
   9.4855520919e+02   1.1582658587e-01   0.0000000000e+00   5.0288958162e-01   0.0000000000e+00   0.0000000000e+00   3.8128383250e-01
   9.4855520919e+02   1.1582658587e-01   0.0000000000e+00   5.0288958162e-01   0.0000000000e+00   0.0000000000e+00   3.8128383250e-01
   9.4855415018e+02   1.1582609238e-01   0.0000000000e+00   5.0289169964e-01   0.0000000000e+00   0.0000000000e+00   3.8128220798e-01
   9.4855415018e+02   1.1582609238e-01   0.0000000000e+00   5.0289169964e-01   0.0000000000e+00   0.0000000000e+00   3.8128220798e-01
   9.4855520919e+02   1.1582658587e-01   0.0000000000e+00   5.0288958162e-01   0.0000000000e+00   0.0000000000e+00   3.8128383250e-01
   9.4855520919e+02   1.1582658587e-01   0.0000000000e+00   5.0288958162e-01   0.0000000000e+00   0.0000000000e+00   3.8128383250e-01
   9.4855415018e+02   1.1582609238e-01   0.0000000000e+00   5.0289169964e-01   0.0000000000e+00   0.0000000000e+00   3.8128220798e-01
   9.4855415018e+02   1.1582609238e-01   0.0000000000e+00   5.0289169964e-01   0.0000000000e+00   0.0000000000e+00   3.8128220798e-01
   9.4856678154e+02   1.1583197858e-01   0.0000000000e+00   5.0286643692e-01   0.0000000000e+00   0.0000000000e+00   3.8130158449e-01
   9.4856678154e+02   1.1583197858e-01   0.0000000000e+00   5.0286643692e-01   0.0000000000e+00   0.0000000000e+00   3.8130158449e-01
   9.4856678154e+02   1.1583197858e-01   0.0000000000e+00   5.0286643692e-01   0.0000000000e+00   0.0000000000e+00   3.8130158449e-01
   9.4856678154e+02   1.1583197858e-01   0.0000000000e+00   5.0286643692e-01   0.0000000000e+00   0.0000000000e+00   3.8130158449e-01
   9.4856678154e+02   1.1583197858e-01   0.0000000000e+00   5.0286643692e-01   0.0000000000e+00   0.0000000000e+00   3.8130158449e-01
   9.4856678154e+02   1.1583197858e-01   0.0000000000e+00   5.0286643692e-01   0.0000000000e+00   0.0000000000e+00   3.8130158449e-01
   9.4856678154e+02   1.1583197858e-01   0.0000000000e+00   5.0286643692e-01   0.0000000000e+00   0.0000000000e+00   3.8130158449e-01
   9.4856678154e+02   1.1583197858e-01   0.0000000000e+00   5.0286643692e-01   0.0000000000e+00   0.0000000000e+00   3.8130158449e-01
   9.5042933849e+02   1.1669992906e-01   0.0000000000e+00   4.9914132303e-01   0.0000000000e+00   0.0000000000e+00   3.8415874791e-01
   9.5042933849e+02   1.1669992906e-01   0.0000000000e+00   4.9914132303e-01   0.0000000000e+00   0.0000000000e+00   3.8415874791e-01
   9.5106456368e+02   1.1699594364e-01   0.0000000000e+00   4.9787087264e-01   0.0000000000e+00   0.0000000000e+00   3.8513318372e-01
   9.5106456368e+02   1.1699594364e-01   0.0000000000e+00   4.9787087264e-01   0.0000000000e+00   0.0000000000e+00   3.8513318372e-01
   9.5114577343e+02   1.1703378734e-01   0.0000000000e+00   4.9770845313e-01   0.0000000000e+00   0.0000000000e+00   3.8525775953e-01
   9.5114577343e+02   1.1703378734e-01   0.0000000000e+00   4.9770845313e-01   0.0000000000e+00   0.0000000000e+00   3.8525775953e-01
   9.5114577343e+02   1.1703378734e-01   0.0000000000e+00   4.9770845313e-01   0.0000000000e+00   0.0000000000e+00   3.8525775953e-01
   9.5114577343e+02   1.1703378734e-01   0.0000000000e+00   4.9770845313e-01   0.0000000000e+00   0.0000000000e+00   3.8525775953e-01
   9.5050957978e+02   1.1673732146e-01   0.0000000000e+00   4.9898084044e-01   0.0000000000e+00   0.0000000000e+00   3.8428183810e-01
   9.5050957978e+02   1.1673732146e-01   0.0000000000e+00   4.9898084044e-01   0.0000000000e+00   0.0000000000e+00   3.8428183810e-01
   9.5050957978e+02   1.1673732146e-01   0.0000000000e+00   4.9898084044e-01   0.0000000000e+00   0.0000000000e+00   3.8428183810e-01
   9.5050957978e+02   1.1673732146e-01   0.0000000000e+00   4.9898084044e-01   0.0000000000e+00   0.0000000000e+00   3.8428183810e-01
   9.5074695108e+02   1.1684793635e-01   0.0000000000e+00   4.9850609784e-01   0.0000000000e+00   0.0000000000e+00   3.8464596582e-01
   9.5074695108e+02   1.1684793635e-01   0.0000000000e+00   4.9850609784e-01   0.0000000000e+00   0.0000000000e+00   3.8464596582e-01
   9.5074695108e+02   1.1684793635e-01   0.0000000000e+00   4.9850609784e-01   0.0000000000e+00   0.0000000000e+00   3.8464596582e-01
   9.5074695108e+02   1.1684793635e-01   0.0000000000e+00   4.9850609784e-01   0.0000000000e+00   0.0000000000e+00   3.8464596582e-01
   9.5042933849e+02   1.1669992906e-01   0.0000000000e+00   4.9914132303e-01   0.0000000000e+00   0.0000000000e+00   3.8415874791e-01
   9.5042933849e+02   1.1669992906e-01   0.0000000000e+00   4.9914132303e-01   0.0000000000e+00   0.0000000000e+00   3.8415874791e-01
   9.5042933849e+02   1.1669992906e-01   0.0000000000e+00   4.9914132303e-01   0.0000000000e+00   0.0000000000e+00   3.8415874791e-01
   9.5042933849e+02   1.1669992906e-01   0.0000000000e+00   4.9914132303e-01   0.0000000000e+00   0.0000000000e+00   3.8415874791e-01
   9.5106456368e+02   1.1699594364e-01   0.0000000000e+00   4.9787087264e-01   0.0000000000e+00   0.0000000000e+00   3.8513318372e-01
   9.5106456368e+02   1.1699594364e-01   0.0000000000e+00   4.9787087264e-01   0.0000000000e+00   0.0000000000e+00   3.8513318372e-01
   9.5106456368e+02   1.1699594364e-01   0.0000000000e+00   4.9787087264e-01   0.0000000000e+00   0.0000000000e+00   3.8513318372e-01
   9.5106456368e+02   1.1699594364e-01   0.0000000000e+00   4.9787087264e-01   0.0000000000e+00   0.0000000000e+00   3.8513318372e-01
   9.5011195875e+02   1.1655203028e-01   0.0000000000e+00   4.9977608250e-01   0.0000000000e+00   0.0000000000e+00   3.8367188721e-01
   9.5011195875e+02   1.1655203028e-01   0.0000000000e+00   4.9977608250e-01   0.0000000000e+00   0.0000000000e+00   3.8367188721e-01
   9.5011195875e+02   1.1655203028e-01   0.0000000000e+00   4.9977608250e-01   0.0000000000e+00   0.0000000000e+00   3.8367188721e-01
   9.5011195875e+02   1.1655203028e-01   0.0000000000e+00   4.9977608250e-01   0.0000000000e+00   0.0000000000e+00   3.8367188721e-01
   9.5027100716e+02   1.1662614675e-01   0.0000000000e+00   4.9945798568e-01   0.0000000000e+00   0.0000000000e+00   3.8391586757e-01
   9.5027100716e+02   1.1662614675e-01   0.0000000000e+00   4.9945798568e-01   0.0000000000e+00   0.0000000000e+00   3.8391586757e-01
   9.5027100716e+02   1.1662614675e-01   0.0000000000e+00   4.9945798568e-01   0.0000000000e+00   0.0000000000e+00   3.8391586757e-01
   9.5027100716e+02   1.1662614675e-01   0.0000000000e+00   4.9945798568e-01   0.0000000000e+00   0.0000000000e+00   3.8391586757e-01
   9.5043343482e+02   1.1670183795e-01   0.0000000000e+00   4.9913313035e-01   0.0000000000e+00   0.0000000000e+00   3.8416503170e-01
   9.5043343482e+02   1.1670183795e-01   0.0000000000e+00   4.9913313035e-01   0.0000000000e+00   0.0000000000e+00   3.8416503170e-01
   9.5043189635e+02   1.1670112102e-01   0.0000000000e+00   4.9913620730e-01   0.0000000000e+00   0.0000000000e+00   3.8416267168e-01
   9.5043189635e+02   1.1670112102e-01   0.0000000000e+00   4.9913620730e-01   0.0000000000e+00   0.0000000000e+00   3.8416267168e-01
   9.5043035787e+02   1.1670040409e-01   0.0000000000e+00   4.9913928425e-01   0.0000000000e+00   0.0000000000e+00   3.8416031165e-01
   9.5043035787e+02   1.1670040409e-01   0.0000000000e+00   4.9913928425e-01   0.0000000000e+00   0.0000000000e+00   3.8416031165e-01
   9.5043035787e+02   1.1670040409e-01   0.0000000000e+00   4.9913928425e-01   0.0000000000e+00   0.0000000000e+00   3.8416031165e-01
   9.5043035787e+02   1.1670040409e-01   0.0000000000e+00   4.9913928425e-01   0.0000000000e+00   0.0000000000e+00   3.8416031165e-01
   9.5042420397e+02   1.1669753638e-01   0.0000000000e+00   4.9915159205e-01   0.0000000000e+00   0.0000000000e+00   3.8415087157e-01
   9.5042420397e+02   1.1669753638e-01   0.0000000000e+00   4.9915159205e-01   0.0000000000e+00   0.0000000000e+00   3.8415087157e-01
   9.5043189635e+02   1.1670112102e-01   0.0000000000e+00   4.9913620730e-01   0.0000000000e+00   0.0000000000e+00   3.8416267168e-01
   9.5043189635e+02   1.1670112102e-01   0.0000000000e+00   4.9913620730e-01   0.0000000000e+00   0.0000000000e+00   3.8416267168e-01
   9.5043035787e+02   1.1670040409e-01   0.0000000000e+00   4.9913928425e-01   0.0000000000e+00   0.0000000000e+00   3.8416031165e-01
   9.5043035787e+02   1.1670040409e-01   0.0000000000e+00   4.9913928425e-01   0.0000000000e+00   0.0000000000e+00   3.8416031165e-01
   9.5043035787e+02   1.1670040409e-01   0.0000000000e+00   4.9913928425e-01   0.0000000000e+00   0.0000000000e+00   3.8416031165e-01
   9.5043035787e+02   1.1670040409e-01   0.0000000000e+00   4.9913928425e-01   0.0000000000e+00   0.0000000000e+00   3.8416031165e-01
   9.5068143999e+02   1.1681740821e-01   0.0000000000e+00   4.9863712003e-01   0.0000000000e+00   0.0000000000e+00   3.8454547176e-01
   9.5068143999e+02   1.1681740821e-01   0.0000000000e+00   4.9863712003e-01   0.0000000000e+00   0.0000000000e+00   3.8454547176e-01
   9.5068143999e+02   1.1681740821e-01   0.0000000000e+00   4.9863712003e-01   0.0000000000e+00   0.0000000000e+00   3.8454547176e-01
   9.5068143999e+02   1.1681740821e-01   0.0000000000e+00   4.9863712003e-01   0.0000000000e+00   0.0000000000e+00   3.8454547176e-01
   9.5068143999e+02   1.1681740821e-01   0.0000000000e+00   4.9863712003e-01   0.0000000000e+00   0.0000000000e+00   3.8454547176e-01
   9.5068143999e+02   1.1681740821e-01   0.0000000000e+00   4.9863712003e-01   0.0000000000e+00   0.0000000000e+00   3.8454547176e-01
   9.5068143999e+02   1.1681740821e-01   0.0000000000e+00   4.9863712003e-01   0.0000000000e+00   0.0000000000e+00   3.8454547176e-01
   9.5068143999e+02   1.1681740821e-01   0.0000000000e+00   4.9863712003e-01   0.0000000000e+00   0.0000000000e+00   3.8454547176e-01
   9.5061196041e+02   1.1678503077e-01   0.0000000000e+00   4.9877607917e-01   0.0000000000e+00   0.0000000000e+00   3.8443889006e-01
   9.5061196041e+02   1.1678503077e-01   0.0000000000e+00   4.9877607917e-01   0.0000000000e+00   0.0000000000e+00   3.8443889006e-01
   9.5061196041e+02   1.1678503077e-01   0.0000000000e+00   4.9877607917e-01   0.0000000000e+00   0.0000000000e+00   3.8443889006e-01
   9.5061196041e+02   1.1678503077e-01   0.0000000000e+00   4.9877607917e-01   0.0000000000e+00   0.0000000000e+00   3.8443889006e-01
   9.5061196041e+02   1.1678503077e-01   0.0000000000e+00   4.9877607917e-01   0.0000000000e+00   0.0000000000e+00   3.8443889006e-01
   9.5061196041e+02   1.1678503077e-01   0.0000000000e+00   4.9877607917e-01   0.0000000000e+00   0.0000000000e+00   3.8443889006e-01
   9.5061196041e+02   1.1678503077e-01   0.0000000000e+00   4.9877607917e-01   0.0000000000e+00   0.0000000000e+00   3.8443889006e-01
   9.5061196041e+02   1.1678503077e-01   0.0000000000e+00   4.9877607917e-01   0.0000000000e+00   0.0000000000e+00   3.8443889006e-01
   9.5073840595e+02   1.1684395432e-01   0.0000000000e+00   4.9852318811e-01   0.0000000000e+00   0.0000000000e+00   3.8463285757e-01
   9.5073840595e+02   1.1684395432e-01   0.0000000000e+00   4.9852318811e-01   0.0000000000e+00   0.0000000000e+00   3.8463285757e-01
   9.5075519391e+02   1.1685177750e-01   0.0000000000e+00   4.9848961219e-01   0.0000000000e+00   0.0000000000e+00   3.8465861031e-01
   9.5075519391e+02   1.1685177750e-01   0.0000000000e+00   4.9848961219e-01   0.0000000000e+00   0.0000000000e+00   3.8465861031e-01
   9.5074260294e+02   1.1684591012e-01   0.0000000000e+00   4.9851479413e-01   0.0000000000e+00   0.0000000000e+00   3.8463929576e-01
   9.5074260294e+02   1.1684591012e-01   0.0000000000e+00   4.9851479413e-01   0.0000000000e+00   0.0000000000e+00   3.8463929576e-01
   9.5074260294e+02   1.1684591012e-01   0.0000000000e+00   4.9851479413e-01   0.0000000000e+00   0.0000000000e+00   3.8463929576e-01
   9.5074260294e+02   1.1684591012e-01   0.0000000000e+00   4.9851479413e-01   0.0000000000e+00   0.0000000000e+00   3.8463929576e-01
   9.5074260294e+02   1.1684591012e-01   0.0000000000e+00   4.9851479413e-01   0.0000000000e+00   0.0000000000e+00   3.8463929576e-01
   9.5074260294e+02   1.1684591012e-01   0.0000000000e+00   4.9851479413e-01   0.0000000000e+00   0.0000000000e+00   3.8463929576e-01
   9.5075519391e+02   1.1685177750e-01   0.0000000000e+00   4.9848961219e-01   0.0000000000e+00   0.0000000000e+00   3.8465861031e-01
   9.5075519391e+02   1.1685177750e-01   0.0000000000e+00   4.9848961219e-01   0.0000000000e+00   0.0000000000e+00   3.8465861031e-01
   9.5074260294e+02   1.1684591012e-01   0.0000000000e+00   4.9851479413e-01   0.0000000000e+00   0.0000000000e+00   3.8463929576e-01
   9.5074260294e+02   1.1684591012e-01   0.0000000000e+00   4.9851479413e-01   0.0000000000e+00   0.0000000000e+00   3.8463929576e-01
   9.5075519391e+02   1.1685177750e-01   0.0000000000e+00   4.9848961219e-01   0.0000000000e+00   0.0000000000e+00   3.8465861031e-01
   9.5075519391e+02   1.1685177750e-01   0.0000000000e+00   4.9848961219e-01   0.0000000000e+00   0.0000000000e+00   3.8465861031e-01
   9.5075549622e+02   1.1685191838e-01   0.0000000000e+00   4.9848900757e-01   0.0000000000e+00   0.0000000000e+00   3.8465907406e-01
   9.5075549622e+02   1.1685191838e-01   0.0000000000e+00   4.9848900757e-01   0.0000000000e+00   0.0000000000e+00   3.8465907406e-01
   9.5075549622e+02   1.1685191838e-01   0.0000000000e+00   4.9848900757e-01   0.0000000000e+00   0.0000000000e+00   3.8465907406e-01
   9.5075549622e+02   1.1685191838e-01   0.0000000000e+00   4.9848900757e-01   0.0000000000e+00   0.0000000000e+00   3.8465907406e-01
   9.5078045139e+02   1.1686354747e-01   0.0000000000e+00   4.9843909721e-01   0.0000000000e+00   0.0000000000e+00   3.8469735531e-01
   9.5078045139e+02   1.1686354747e-01   0.0000000000e+00   4.9843909721e-01   0.0000000000e+00   0.0000000000e+00   3.8469735531e-01
   9.5078045139e+02   1.1686354747e-01   0.0000000000e+00   4.9843909721e-01   0.0000000000e+00   0.0000000000e+00   3.8469735531e-01
   9.5078045139e+02   1.1686354747e-01   0.0000000000e+00   4.9843909721e-01   0.0000000000e+00   0.0000000000e+00   3.8469735531e-01
   9.5077193146e+02   1.1685957719e-01   0.0000000000e+00   4.9845613708e-01   0.0000000000e+00   0.0000000000e+00   3.8468428573e-01
   9.5077193146e+02   1.1685957719e-01   0.0000000000e+00   4.9845613708e-01   0.0000000000e+00   0.0000000000e+00   3.8468428573e-01
   9.5077193146e+02   1.1685957719e-01   0.0000000000e+00   4.9845613708e-01   0.0000000000e+00   0.0000000000e+00   3.8468428573e-01
   9.5077193146e+02   1.1685957719e-01   0.0000000000e+00   4.9845613708e-01   0.0000000000e+00   0.0000000000e+00   3.8468428573e-01
   9.5078045139e+02   1.1686354747e-01   0.0000000000e+00   4.9843909721e-01   0.0000000000e+00   0.0000000000e+00   3.8469735531e-01
   9.5078045139e+02   1.1686354747e-01   0.0000000000e+00   4.9843909721e-01   0.0000000000e+00   0.0000000000e+00   3.8469735531e-01
   9.5078045139e+02   1.1686354747e-01   0.0000000000e+00   4.9843909721e-01   0.0000000000e+00   0.0000000000e+00   3.8469735531e-01
   9.5078045139e+02   1.1686354747e-01   0.0000000000e+00   4.9843909721e-01   0.0000000000e+00   0.0000000000e+00   3.8469735531e-01
   9.5021723434e+02   1.1660108865e-01   0.0000000000e+00   4.9956553132e-01   0.0000000000e+00   0.0000000000e+00   3.8383338003e-01
   9.5021723434e+02   1.1660108865e-01   0.0000000000e+00   4.9956553132e-01   0.0000000000e+00   0.0000000000e+00   3.8383338003e-01
   9.5021723434e+02   1.1660108865e-01   0.0000000000e+00   4.9956553132e-01   0.0000000000e+00   0.0000000000e+00   3.8383338003e-01
   9.5021723434e+02   1.1660108865e-01   0.0000000000e+00   4.9956553132e-01   0.0000000000e+00   0.0000000000e+00   3.8383338003e-01
   9.5021723434e+02   1.1660108865e-01   0.0000000000e+00   4.9956553132e-01   0.0000000000e+00   0.0000000000e+00   3.8383338003e-01
   9.5021723434e+02   1.1660108865e-01   0.0000000000e+00   4.9956553132e-01   0.0000000000e+00   0.0000000000e+00   3.8383338003e-01
   9.5021723434e+02   1.1660108865e-01   0.0000000000e+00   4.9956553132e-01   0.0000000000e+00   0.0000000000e+00   3.8383338003e-01
   9.5021723434e+02   1.1660108865e-01   0.0000000000e+00   4.9956553132e-01   0.0000000000e+00   0.0000000000e+00   3.8383338003e-01
   9.5098552402e+02   1.1695911120e-01   0.0000000000e+00   4.9802895196e-01   0.0000000000e+00   0.0000000000e+00   3.8501193684e-01
   9.5098552402e+02   1.1695911120e-01   0.0000000000e+00   4.9802895196e-01   0.0000000000e+00   0.0000000000e+00   3.8501193684e-01
   9.5098552402e+02   1.1695911120e-01   0.0000000000e+00   4.9802895196e-01   0.0000000000e+00   0.0000000000e+00   3.8501193684e-01
   9.5098552402e+02   1.1695911120e-01   0.0000000000e+00   4.9802895196e-01   0.0000000000e+00   0.0000000000e+00   3.8501193684e-01
   9.5098552402e+02   1.1695911120e-01   0.0000000000e+00   4.9802895196e-01   0.0000000000e+00   0.0000000000e+00   3.8501193684e-01
   9.5098552402e+02   1.1695911120e-01   0.0000000000e+00   4.9802895196e-01   0.0000000000e+00   0.0000000000e+00   3.8501193684e-01
   9.5098552402e+02   1.1695911120e-01   0.0000000000e+00   4.9802895196e-01   0.0000000000e+00   0.0000000000e+00   3.8501193684e-01
   9.5098552402e+02   1.1695911120e-01   0.0000000000e+00   4.9802895196e-01   0.0000000000e+00   0.0000000000e+00   3.8501193684e-01
   9.5037893788e+02   1.1667644241e-01   0.0000000000e+00   4.9924212424e-01   0.0000000000e+00   0.0000000000e+00   3.8408143335e-01
   9.5037893788e+02   1.1667644241e-01   0.0000000000e+00   4.9924212424e-01   0.0000000000e+00   0.0000000000e+00   3.8408143335e-01
   9.5037893788e+02   1.1667644241e-01   0.0000000000e+00   4.9924212424e-01   0.0000000000e+00   0.0000000000e+00   3.8408143335e-01
   9.5037893788e+02   1.1667644241e-01   0.0000000000e+00   4.9924212424e-01   0.0000000000e+00   0.0000000000e+00   3.8408143335e-01
   9.5042146029e+02   1.1669625783e-01   0.0000000000e+00   4.9915707941e-01   0.0000000000e+00   0.0000000000e+00   3.8414666276e-01
   9.5042146029e+02   1.1669625783e-01   0.0000000000e+00   4.9915707941e-01   0.0000000000e+00   0.0000000000e+00   3.8414666276e-01
   9.5021723434e+02   1.1660108865e-01   0.0000000000e+00   4.9956553132e-01   0.0000000000e+00   0.0000000000e+00   3.8383338003e-01
   9.5021723434e+02   1.1660108865e-01   0.0000000000e+00   4.9956553132e-01   0.0000000000e+00   0.0000000000e+00   3.8383338003e-01
   9.5048105085e+02   1.1672402699e-01   0.0000000000e+00   4.9903789829e-01   0.0000000000e+00   0.0000000000e+00   3.8423807471e-01
   9.5048105085e+02   1.1672402699e-01   0.0000000000e+00   4.9903789829e-01   0.0000000000e+00   0.0000000000e+00   3.8423807471e-01
   9.5048105085e+02   1.1672402699e-01   0.0000000000e+00   4.9903789829e-01   0.0000000000e+00   0.0000000000e+00   3.8423807471e-01
   9.5048105085e+02   1.1672402699e-01   0.0000000000e+00   4.9903789829e-01   0.0000000000e+00   0.0000000000e+00   3.8423807471e-01
   9.5021723434e+02   1.1660108865e-01   0.0000000000e+00   4.9956553132e-01   0.0000000000e+00   0.0000000000e+00   3.8383338003e-01
   9.5021723434e+02   1.1660108865e-01   0.0000000000e+00   4.9956553132e-01   0.0000000000e+00   0.0000000000e+00   3.8383338003e-01
   9.5021723434e+02   1.1660108865e-01   0.0000000000e+00   4.9956553132e-01   0.0000000000e+00   0.0000000000e+00   3.8383338003e-01
   9.5021723434e+02   1.1660108865e-01   0.0000000000e+00   4.9956553132e-01   0.0000000000e+00   0.0000000000e+00   3.8383338003e-01