# time = 28.0996
# Grid Poins = 256    variable_0    variable_1    variable_2    variable_3    variable_4    variable_5    variable_6
   9.5070162358e+02   1.1682681376e-01   0.0000000000e+00   4.9859675284e-01   0.0000000000e+00   0.0000000000e+00   3.8457643340e-01
   9.5070162358e+02   1.1682681376e-01   0.0000000000e+00   4.9859675284e-01   0.0000000000e+00   0.0000000000e+00   3.8457643340e-01
   9.5070162358e+02   1.1682681376e-01   0.0000000000e+00   4.9859675284e-01   0.0000000000e+00   0.0000000000e+00   3.8457643340e-01
   9.5070162358e+02   1.1682681376e-01   0.0000000000e+00   4.9859675284e-01   0.0000000000e+00   0.0000000000e+00   3.8457643340e-01
   9.5063683772e+02   1.1679662359e-01   0.0000000000e+00   4.9872632456e-01   0.0000000000e+00   0.0000000000e+00   3.8447705186e-01
   9.5063683772e+02   1.1679662359e-01   0.0000000000e+00   4.9872632456e-01   0.0000000000e+00   0.0000000000e+00   3.8447705186e-01
   9.5063683772e+02   1.1679662359e-01   0.0000000000e+00   4.9872632456e-01   0.0000000000e+00   0.0000000000e+00   3.8447705186e-01
   9.5063683772e+02   1.1679662359e-01   0.0000000000e+00   4.9872632456e-01   0.0000000000e+00   0.0000000000e+00   3.8447705186e-01
   9.5088909641e+02   1.1691417599e-01   0.0000000000e+00   4.9822180717e-01   0.0000000000e+00   0.0000000000e+00   3.8486401683e-01
   9.5088909641e+02   1.1691417599e-01   0.0000000000e+00   4.9822180717e-01   0.0000000000e+00   0.0000000000e+00   3.8486401683e-01
   9.5088909641e+02   1.1691417599e-01   0.0000000000e+00   4.9822180717e-01   0.0000000000e+00   0.0000000000e+00   3.8486401683e-01
   9.5088909641e+02   1.1691417599e-01   0.0000000000e+00   4.9822180717e-01   0.0000000000e+00   0.0000000000e+00   3.8486401683e-01
   9.5088909641e+02   1.1691417599e-01   0.0000000000e+00   4.9822180717e-01   0.0000000000e+00   0.0000000000e+00   3.8486401683e-01
   9.5088909641e+02   1.1691417599e-01   0.0000000000e+00   4.9822180717e-01   0.0000000000e+00   0.0000000000e+00   3.8486401683e-01
   9.5088909641e+02   1.1691417599e-01   0.0000000000e+00   4.9822180717e-01   0.0000000000e+00   0.0000000000e+00   3.8486401683e-01
   9.5088909641e+02   1.1691417599e-01   0.0000000000e+00   4.9822180717e-01   0.0000000000e+00   0.0000000000e+00   3.8486401683e-01
   9.5133901514e+02   1.1712383786e-01   0.0000000000e+00   4.9732196972e-01   0.0000000000e+00   0.0000000000e+00   3.8555419242e-01
   9.5133901514e+02   1.1712383786e-01   0.0000000000e+00   4.9732196972e-01   0.0000000000e+00   0.0000000000e+00   3.8555419242e-01
   9.5133901514e+02   1.1712383786e-01   0.0000000000e+00   4.9732196972e-01   0.0000000000e+00   0.0000000000e+00   3.8555419242e-01
   9.5133901514e+02   1.1712383786e-01   0.0000000000e+00   4.9732196972e-01   0.0000000000e+00   0.0000000000e+00   3.8555419242e-01
   9.5169539859e+02   1.1728991235e-01   0.0000000000e+00   4.9660920281e-01   0.0000000000e+00   0.0000000000e+00   3.8610088484e-01
   9.5169539859e+02   1.1728991235e-01   0.0000000000e+00   4.9660920281e-01   0.0000000000e+00   0.0000000000e+00   3.8610088484e-01
   9.5169539859e+02   1.1728991235e-01   0.0000000000e+00   4.9660920281e-01   0.0000000000e+00   0.0000000000e+00   3.8610088484e-01
   9.5169539859e+02   1.1728991235e-01   0.0000000000e+00   4.9660920281e-01   0.0000000000e+00   0.0000000000e+00   3.8610088484e-01
   9.5151720687e+02   1.1720687511e-01   0.0000000000e+00   4.9696558626e-01   0.0000000000e+00   0.0000000000e+00   3.8582753863e-01
   9.5151720687e+02   1.1720687511e-01   0.0000000000e+00   4.9696558626e-01   0.0000000000e+00   0.0000000000e+00   3.8582753863e-01
   9.5151720687e+02   1.1720687511e-01   0.0000000000e+00   4.9696558626e-01   0.0000000000e+00   0.0000000000e+00   3.8582753863e-01
   9.5151720687e+02   1.1720687511e-01   0.0000000000e+00   4.9696558626e-01   0.0000000000e+00   0.0000000000e+00   3.8582753863e-01
   9.5006129696e+02   1.1652842192e-01   0.0000000000e+00   4.9987740607e-01   0.0000000000e+00   0.0000000000e+00   3.8359417201e-01
   9.5006129696e+02   1.1652842192e-01   0.0000000000e+00   4.9987740607e-01   0.0000000000e+00   0.0000000000e+00   3.8359417201e-01
   9.5006129696e+02   1.1652842192e-01   0.0000000000e+00   4.9987740607e-01   0.0000000000e+00   0.0000000000e+00   3.8359417201e-01
   9.5006129696e+02   1.1652842192e-01   0.0000000000e+00   4.9987740607e-01   0.0000000000e+00   0.0000000000e+00   3.8359417201e-01
   9.5169539859e+02   1.1728991235e-01   0.0000000000e+00   4.9660920281e-01   0.0000000000e+00   0.0000000000e+00   3.8610088484e-01
   9.5169539859e+02   1.1728991235e-01   0.0000000000e+00   4.9660920281e-01   0.0000000000e+00   0.0000000000e+00   3.8610088484e-01
   9.5169539859e+02   1.1728991235e-01   0.0000000000e+00   4.9660920281e-01   0.0000000000e+00   0.0000000000e+00   3.8610088484e-01
   9.5169539859e+02   1.1728991235e-01   0.0000000000e+00   4.9660920281e-01   0.0000000000e+00   0.0000000000e+00   3.8610088484e-01
   9.5153150342e+02   1.1721353729e-01   0.0000000000e+00   4.9693699315e-01   0.0000000000e+00   0.0000000000e+00   3.8584946955e-01
   9.5153150342e+02   1.1721353729e-01   0.0000000000e+00   4.9693699315e-01   0.0000000000e+00   0.0000000000e+00   3.8584946955e-01
   9.5114652686e+02   1.1703413843e-01   0.0000000000e+00   4.9770694628e-01   0.0000000000e+00   0.0000000000e+00   3.8525891529e-01
   9.5114652686e+02   1.1703413843e-01   0.0000000000e+00   4.9770694628e-01   0.0000000000e+00   0.0000000000e+00   3.8525891529e-01
   9.4927545554e+02   1.1616222026e-01   0.0000000000e+00   5.0144908892e-01   0.0000000000e+00   0.0000000000e+00   3.8238869081e-01
   9.4927545554e+02   1.1616222026e-01   0.0000000000e+00   5.0144908892e-01   0.0000000000e+00   0.0000000000e+00   3.8238869081e-01
   9.4927545554e+02   1.1616222026e-01   0.0000000000e+00   5.0144908892e-01   0.0000000000e+00   0.0000000000e+00   3.8238869081e-01
   9.4927545554e+02   1.1616222026e-01   0.0000000000e+00   5.0144908892e-01   0.0000000000e+00   0.0000000000e+00   3.8238869081e-01
   9.4927545554e+02   1.1616222026e-01   0.0000000000e+00   5.0144908892e-01   0.0000000000e+00   0.0000000000e+00   3.8238869081e-01
   9.4927545554e+02   1.1616222026e-01   0.0000000000e+00   5.0144908892e-01   0.0000000000e+00   0.0000000000e+00   3.8238869081e-01
   9.4927545554e+02   1.1616222026e-01   0.0000000000e+00   5.0144908892e-01   0.0000000000e+00   0.0000000000e+00   3.8238869081e-01
   9.4927545554e+02   1.1616222026e-01   0.0000000000e+00   5.0144908892e-01   0.0000000000e+00   0.0000000000e+00   3.8238869081e-01
   9.5073401651e+02   1.1684190885e-01   0.0000000000e+00   4.9853196697e-01   0.0000000000e+00   0.0000000000e+00   3.8462612418e-01
   9.5073401651e+02   1.1684190885e-01   0.0000000000e+00   4.9853196697e-01   0.0000000000e+00   0.0000000000e+00   3.8462612418e-01
   9.5073401651e+02   1.1684190885e-01   0.0000000000e+00   4.9853196697e-01   0.0000000000e+00   0.0000000000e+00   3.8462612418e-01
   9.5073401651e+02   1.1684190885e-01   0.0000000000e+00   4.9853196697e-01   0.0000000000e+00   0.0000000000e+00   3.8462612418e-01
   9.5060444479e+02   1.1678152850e-01   0.0000000000e+00   4.9879111042e-01   0.0000000000e+00   0.0000000000e+00   3.8442736108e-01
   9.5060444479e+02   1.1678152850e-01   0.0000000000e+00   4.9879111042e-01   0.0000000000e+00   0.0000000000e+00   3.8442736108e-01
   9.5060444479e+02   1.1678152850e-01   0.0000000000e+00   4.9879111042e-01   0.0000000000e+00   0.0000000000e+00   3.8442736108e-01
   9.5060444479e+02   1.1678152850e-01   0.0000000000e+00   4.9879111042e-01   0.0000000000e+00   0.0000000000e+00   3.8442736108e-01
   9.5022949913e+02   1.1660680403e-01   0.0000000000e+00   4.9954100174e-01   0.0000000000e+00   0.0000000000e+00   3.8385219422e-01
   9.5022949913e+02   1.1660680403e-01   0.0000000000e+00   4.9954100174e-01   0.0000000000e+00   0.0000000000e+00   3.8385219422e-01
   9.5066923065e+02   1.1681171867e-01   0.0000000000e+00   4.9866153870e-01   0.0000000000e+00   0.0000000000e+00   3.8452674263e-01
   9.5066923065e+02   1.1681171867e-01   0.0000000000e+00   4.9866153870e-01   0.0000000000e+00   0.0000000000e+00   3.8452674263e-01
   9.5044936489e+02   1.1670926135e-01   0.0000000000e+00   4.9910127022e-01   0.0000000000e+00   0.0000000000e+00   3.8418946843e-01
   9.5044936489e+02   1.1670926135e-01   0.0000000000e+00   4.9910127022e-01   0.0000000000e+00   0.0000000000e+00   3.8418946843e-01
   9.5044936489e+02   1.1670926135e-01   0.0000000000e+00   4.9910127022e-01   0.0000000000e+00   0.0000000000e+00   3.8418946843e-01
   9.5044936489e+02   1.1670926135e-01   0.0000000000e+00   4.9910127022e-01   0.0000000000e+00   0.0000000000e+00   3.8418946843e-01
   9.4730894635e+02   1.1524582810e-01   0.0000000000e+00   5.0538210730e-01   0.0000000000e+00   0.0000000000e+00   3.7937206460e-01
   9.4730894635e+02   1.1524582810e-01   0.0000000000e+00   5.0538210730e-01   0.0000000000e+00   0.0000000000e+00   3.7937206460e-01
   9.4730894635e+02   1.1524582810e-01   0.0000000000e+00   5.0538210730e-01   0.0000000000e+00   0.0000000000e+00   3.7937206460e-01
   9.4730894635e+02   1.1524582810e-01   0.0000000000e+00   5.0538210730e-01   0.0000000000e+00   0.0000000000e+00   3.7937206460e-01
   9.4730894635e+02   1.1524582810e-01   0.0000000000e+00   5.0538210730e-01   0.0000000000e+00   0.0000000000e+00   3.7937206460e-01
   9.4730894635e+02   1.1524582810e-01   0.0000000000e+00   5.0538210730e-01   0.0000000000e+00   0.0000000000e+00   3.7937206460e-01
   9.4730894635e+02   1.1524582810e-01   0.0000000000e+00   5.0538210730e-01   0.0000000000e+00   0.0000000000e+00   3.7937206460e-01
   9.4730894635e+02   1.1524582810e-01   0.0000000000e+00   5.0538210730e-01   0.0000000000e+00   0.0000000000e+00   3.7937206460e-01
   9.4806931623e+02   1.1560016003e-01   0.0000000000e+00   5.0386136754e-01   0.0000000000e+00   0.0000000000e+00   3.8053847243e-01
   9.4806931623e+02   1.1560016003e-01   0.0000000000e+00   5.0386136754e-01   0.0000000000e+00   0.0000000000e+00   3.8053847243e-01
   9.4806931623e+02   1.1560016003e-01   0.0000000000e+00   5.0386136754e-01   0.0000000000e+00   0.0000000000e+00   3.8053847243e-01
   9.4806931623e+02   1.1560016003e-01   0.0000000000e+00   5.0386136754e-01   0.0000000000e+00   0.0000000000e+00   3.8053847243e-01
   9.4806931623e+02   1.1560016003e-01   0.0000000000e+00   5.0386136754e-01   0.0000000000e+00   0.0000000000e+00   3.8053847243e-01
   9.4806931623e+02   1.1560016003e-01   0.0000000000e+00   5.0386136754e-01   0.0000000000e+00   0.0000000000e+00   3.8053847243e-01
   9.4806931623e+02   1.1560016003e-01   0.0000000000e+00   5.0386136754e-01   0.0000000000e+00   0.0000000000e+00   3.8053847243e-01
   9.4806931623e+02   1.1560016003e-01   0.0000000000e+00   5.0386136754e-01   0.0000000000e+00   0.0000000000e+00   3.8053847243e-01
   9.4769861621e+02   1.1542741404e-01   0.0000000000e+00   5.0460276758e-01   0.0000000000e+00   0.0000000000e+00   3.7996981839e-01
   9.4769861621e+02   1.1542741404e-01   0.0000000000e+00   5.0460276758e-01   0.0000000000e+00   0.0000000000e+00   3.7996981839e-01
   9.4769861621e+02   1.1542741404e-01   0.0000000000e+00   5.0460276758e-01   0.0000000000e+00   0.0000000000e+00   3.7996981839e-01
   9.4769861621e+02   1.1542741404e-01   0.0000000000e+00   5.0460276758e-01   0.0000000000e+00   0.0000000000e+00   3.7996981839e-01
   9.4730894635e+02   1.1524582810e-01   0.0000000000e+00   5.0538210730e-01   0.0000000000e+00   0.0000000000e+00   3.7937206460e-01
   9.4730894635e+02   1.1524582810e-01   0.0000000000e+00   5.0538210730e-01   0.0000000000e+00   0.0000000000e+00   3.7937206460e-01
   9.4730894635e+02   1.1524582810e-01   0.0000000000e+00   5.0538210730e-01   0.0000000000e+00   0.0000000000e+00   3.7937206460e-01
   9.4730894635e+02   1.1524582810e-01   0.0000000000e+00   5.0538210730e-01   0.0000000000e+00   0.0000000000e+00   3.7937206460e-01
   9.4769861621e+02   1.1542741404e-01   0.0000000000e+00   5.0460276758e-01   0.0000000000e+00   0.0000000000e+00   3.7996981839e-01
   9.4769861621e+02   1.1542741404e-01   0.0000000000e+00   5.0460276758e-01   0.0000000000e+00   0.0000000000e+00   3.7996981839e-01
   9.4769861621e+02   1.1542741404e-01   0.0000000000e+00   5.0460276758e-01   0.0000000000e+00   0.0000000000e+00   3.7996981839e-01
   9.4769861621e+02   1.1542741404e-01   0.0000000000e+00   5.0460276758e-01   0.0000000000e+00   0.0000000000e+00   3.7996981839e-01
   9.4730894635e+02   1.1524582810e-01   0.0000000000e+00   5.0538210730e-01   0.0000000000e+00   0.0000000000e+00   3.7937206460e-01
   9.4730894635e+02   1.1524582810e-01   0.0000000000e+00   5.0538210730e-01   0.0000000000e+00   0.0000000000e+00   3.7937206460e-01
   9.4730894635e+02   1.1524582810e-01   0.0000000000e+00   5.0538210730e-01   0.0000000000e+00   0.0000000000e+00   3.7937206460e-01
   9.4730894635e+02   1.1524582810e-01   0.0000000000e+00   5.0538210730e-01   0.0000000000e+00   0.0000000000e+00   3.7937206460e-01
   9.4758143065e+02   1.1537280563e-01   0.0000000000e+00   5.0483713871e-01   0.0000000000e+00   0.0000000000e+00   3.7979005566e-01
   9.4758143065e+02   1.1537280563e-01   0.0000000000e+00   5.0483713871e-01   0.0000000000e+00   0.0000000000e+00   3.7979005566e-01
   9.4758143065e+02   1.1537280563e-01   0.0000000000e+00   5.0483713871e-01   0.0000000000e+00   0.0000000000e+00   3.7979005566e-01
   9.4758143065e+02   1.1537280563e-01   0.0000000000e+00   5.0483713871e-01   0.0000000000e+00   0.0000000000e+00   3.7979005566e-01
   9.4749499191e+02   1.1533252523e-01   0.0000000000e+00   5.0501001618e-01   0.0000000000e+00   0.0000000000e+00   3.7965745859e-01
   9.4749499191e+02   1.1533252523e-01   0.0000000000e+00   5.0501001618e-01   0.0000000000e+00   0.0000000000e+00   3.7965745859e-01
   9.4749499191e+02   1.1533252523e-01   0.0000000000e+00   5.0501001618e-01   0.0000000000e+00   0.0000000000e+00   3.7965745859e-01
   9.4749499191e+02   1.1533252523e-01   0.0000000000e+00   5.0501001618e-01   0.0000000000e+00   0.0000000000e+00   3.7965745859e-01
   9.4749499191e+02   1.1533252523e-01   0.0000000000e+00   5.0501001618e-01   0.0000000000e+00   0.0000000000e+00   3.7965745859e-01
   9.4749499191e+02   1.1533252523e-01   0.0000000000e+00   5.0501001618e-01   0.0000000000e+00   0.0000000000e+00   3.7965745859e-01
   9.4749499191e+02   1.1533252523e-01   0.0000000000e+00   5.0501001618e-01   0.0000000000e+00   0.0000000000e+00   3.7965745859e-01
   9.4749499191e+02   1.1533252523e-01   0.0000000000e+00   5.0501001618e-01   0.0000000000e+00   0.0000000000e+00   3.7965745859e-01
   9.4758143065e+02   1.1537280563e-01   0.0000000000e+00   5.0483713871e-01   0.0000000000e+00   0.0000000000e+00   3.7979005566e-01
   9.4758143065e+02   1.1537280563e-01   0.0000000000e+00   5.0483713871e-01   0.0000000000e+00   0.0000000000e+00   3.7979005566e-01
   9.4758143065e+02   1.1537280563e-01   0.0000000000e+00   5.0483713871e-01   0.0000000000e+00   0.0000000000e+00   3.7979005566e-01
   9.4758143065e+02   1.1537280563e-01   0.0000000000e+00   5.0483713871e-01   0.0000000000e+00   0.0000000000e+00   3.7979005566e-01
   9.4727180201e+02   1.1522851886e-01   0.0000000000e+00   5.0545639598e-01   0.0000000000e+00   0.0000000000e+00   3.7931508516e-01
   9.4727180201e+02   1.1522851886e-01   0.0000000000e+00   5.0545639598e-01   0.0000000000e+00   0.0000000000e+00   3.7931508516e-01
   9.4727180201e+02   1.1522851886e-01   0.0000000000e+00   5.0545639598e-01   0.0000000000e+00   0.0000000000e+00   3.7931508516e-01
   9.4727180201e+02   1.1522851886e-01   0.0000000000e+00   5.0545639598e-01   0.0000000000e+00   0.0000000000e+00   3.7931508516e-01
   9.4727137124e+02   1.1522831812e-01   0.0000000000e+00   5.0545725752e-01   0.0000000000e+00   0.0000000000e+00   3.7931442436e-01
   9.4727137124e+02   1.1522831812e-01   0.0000000000e+00   5.0545725752e-01   0.0000000000e+00   0.0000000000e+00   3.7931442436e-01
   9.4727137124e+02   1.1522831812e-01   0.0000000000e+00   5.0545725752e-01   0.0000000000e+00   0.0000000000e+00   3.7931442436e-01
   9.4727137124e+02   1.1522831812e-01   0.0000000000e+00   5.0545725752e-01   0.0000000000e+00   0.0000000000e+00   3.7931442436e-01
   9.4726986354e+02   1.1522761553e-01   0.0000000000e+00   5.0546027292e-01   0.0000000000e+00   0.0000000000e+00   3.7931211154e-01
   9.4726986354e+02   1.1522761553e-01   0.0000000000e+00   5.0546027292e-01   0.0000000000e+00   0.0000000000e+00   3.7931211154e-01
   9.4727158663e+02   1.1522841849e-01   0.0000000000e+00   5.0545682675e-01   0.0000000000e+00   0.0000000000e+00   3.7931475476e-01
   9.4727158663e+02   1.1522841849e-01   0.0000000000e+00   5.0545682675e-01   0.0000000000e+00   0.0000000000e+00   3.7931475476e-01
   9.4727244817e+02   1.1522881997e-01   0.0000000000e+00   5.0545510366e-01   0.0000000000e+00   0.0000000000e+00   3.7931607637e-01
   9.4727244817e+02   1.1522881997e-01   0.0000000000e+00   5.0545510366e-01   0.0000000000e+00   0.0000000000e+00   3.7931607637e-01
   9.4727244817e+02   1.1522881997e-01   0.0000000000e+00   5.0545510366e-01   0.0000000000e+00   0.0000000000e+00   3.7931607637e-01
   9.4727244817e+02   1.1522881997e-01   0.0000000000e+00   5.0545510366e-01   0.0000000000e+00   0.0000000000e+00   3.7931607637e-01
   9.4976488620e+02   1.1639029467e-01   0.0000000000e+00   5.0047022761e-01   0.0000000000e+00   0.0000000000e+00   3.8313947772e-01
   9.4976488620e+02   1.1639029467e-01   0.0000000000e+00   5.0047022761e-01   0.0000000000e+00   0.0000000000e+00   3.8313947772e-01
   9.5213090685e+02   1.1749285895e-01   0.0000000000e+00   4.9573818630e-01   0.0000000000e+00   0.0000000000e+00   3.8676895475e-01
   9.5213090685e+02   1.1749285895e-01   0.0000000000e+00   4.9573818630e-01   0.0000000000e+00   0.0000000000e+00   3.8676895475e-01
   9.5096278323e+02   1.1694851401e-01   0.0000000000e+00   4.9807443354e-01   0.0000000000e+00   0.0000000000e+00   3.8497705245e-01
   9.5096278323e+02   1.1694851401e-01   0.0000000000e+00   4.9807443354e-01   0.0000000000e+00   0.0000000000e+00   3.8497705245e-01
   9.5096278323e+02   1.1694851401e-01   0.0000000000e+00   4.9807443354e-01   0.0000000000e+00   0.0000000000e+00   3.8497705245e-01
   9.5096278323e+02   1.1694851401e-01   0.0000000000e+00   4.9807443354e-01   0.0000000000e+00   0.0000000000e+00   3.8497705245e-01
   9.4976488620e+02   1.1639029467e-01   0.0000000000e+00   5.0047022761e-01   0.0000000000e+00   0.0000000000e+00   3.8313947772e-01
   9.4976488620e+02   1.1639029467e-01   0.0000000000e+00   5.0047022761e-01   0.0000000000e+00   0.0000000000e+00   3.8313947772e-01
   9.5213090685e+02   1.1749285895e-01   0.0000000000e+00   4.9573818630e-01   0.0000000000e+00   0.0000000000e+00   3.8676895475e-01
   9.5213090685e+02   1.1749285895e-01   0.0000000000e+00   4.9573818630e-01   0.0000000000e+00   0.0000000000e+00   3.8676895475e-01
   9.5213090685e+02   1.1749285895e-01   0.0000000000e+00   4.9573818630e-01   0.0000000000e+00   0.0000000000e+00   3.8676895475e-01
   9.5213090685e+02   1.1749285895e-01   0.0000000000e+00   4.9573818630e-01   0.0000000000e+00   0.0000000000e+00   3.8676895475e-01
   9.4979465961e+02   1.1640416906e-01   0.0000000000e+00   5.0041068078e-01   0.0000000000e+00   0.0000000000e+00   3.8318515015e-01
   9.4979465961e+02   1.1640416906e-01   0.0000000000e+00   5.0041068078e-01   0.0000000000e+00   0.0000000000e+00   3.8318515015e-01
   9.4916517926e+02   1.1611083158e-01   0.0000000000e+00   5.0166964148e-01   0.0000000000e+00   0.0000000000e+00   3.8221952694e-01
   9.4916517926e+02   1.1611083158e-01   0.0000000000e+00   5.0166964148e-01   0.0000000000e+00   0.0000000000e+00   3.8221952694e-01
   9.4916517926e+02   1.1611083158e-01   0.0000000000e+00   5.0166964148e-01   0.0000000000e+00   0.0000000000e+00   3.8221952694e-01
   9.4916517926e+02   1.1611083158e-01   0.0000000000e+00   5.0166964148e-01   0.0000000000e+00   0.0000000000e+00   3.8221952694e-01
   9.5431916835e+02   1.1851258756e-01   0.0000000000e+00   4.9136166330e-01   0.0000000000e+00   0.0000000000e+00   3.9012574914e-01
   9.5431916835e+02   1.1851258756e-01   0.0000000000e+00   4.9136166330e-01   0.0000000000e+00   0.0000000000e+00   3.9012574914e-01
   9.5436149374e+02   1.1853231117e-01   0.0000000000e+00   4.9127701253e-01   0.0000000000e+00   0.0000000000e+00   3.9019067631e-01
   9.5436149374e+02   1.1853231117e-01   0.0000000000e+00   4.9127701253e-01   0.0000000000e+00   0.0000000000e+00   3.9019067631e-01
   9.4916517926e+02   1.1611083158e-01   0.0000000000e+00   5.0166964148e-01   0.0000000000e+00   0.0000000000e+00   3.8221952694e-01
   9.4916517926e+02   1.1611083158e-01   0.0000000000e+00   5.0166964148e-01   0.0000000000e+00   0.0000000000e+00   3.8221952694e-01
   9.4916517926e+02   1.1611083158e-01   0.0000000000e+00   5.0166964148e-01   0.0000000000e+00   0.0000000000e+00   3.8221952694e-01
   9.4916517926e+02   1.1611083158e-01   0.0000000000e+00   5.0166964148e-01   0.0000000000e+00   0.0000000000e+00   3.8221952694e-01
   9.5438500784e+02   1.1854326873e-01   0.0000000000e+00   4.9122998432e-01   0.0000000000e+00   0.0000000000e+00   3.9022674696e-01
   9.5438500784e+02   1.1854326873e-01   0.0000000000e+00   4.9122998432e-01   0.0000000000e+00   0.0000000000e+00   3.9022674696e-01
   9.5436149374e+02   1.1853231117e-01   0.0000000000e+00   4.9127701253e-01   0.0000000000e+00   0.0000000000e+00   3.9019067631e-01
   9.5436149374e+02   1.1853231117e-01   0.0000000000e+00   4.9127701253e-01   0.0000000000e+00   0.0000000000e+00   3.9019067631e-01
   9.4666838694e+02   1.1494732778e-01   0.0000000000e+00   5.0666322611e-01   0.0000000000e+00   0.0000000000e+00   3.7838944610e-01
   9.4666838694e+02   1.1494732778e-01   0.0000000000e+00   5.0666322611e-01   0.0000000000e+00   0.0000000000e+00   3.7838944610e-01
   9.4666838694e+02   1.1494732778e-01   0.0000000000e+00   5.0666322611e-01   0.0000000000e+00   0.0000000000e+00   3.7838944610e-01
   9.4666838694e+02   1.1494732778e-01   0.0000000000e+00   5.0666322611e-01   0.0000000000e+00   0.0000000000e+00   3.7838944610e-01
   9.5035717440e+02   1.1666630064e-01   0.0000000000e+00   4.9928565120e-01   0.0000000000e+00   0.0000000000e+00   3.8404804817e-01
   9.5035717440e+02   1.1666630064e-01   0.0000000000e+00   4.9928565120e-01   0.0000000000e+00   0.0000000000e+00   3.8404804817e-01
   9.5035717440e+02   1.1666630064e-01   0.0000000000e+00   4.9928565120e-01   0.0000000000e+00   0.0000000000e+00   3.8404804817e-01
   9.5035717440e+02   1.1666630064e-01   0.0000000000e+00   4.9928565120e-01   0.0000000000e+00   0.0000000000e+00   3.8404804817e-01
   9.5161779814e+02   1.1725375058e-01   0.0000000000e+00   4.9676440372e-01   0.0000000000e+00   0.0000000000e+00   3.8598184570e-01
   9.5161779814e+02   1.1725375058e-01   0.0000000000e+00   4.9676440372e-01   0.0000000000e+00   0.0000000000e+00   3.8598184570e-01
   9.5161779814e+02   1.1725375058e-01   0.0000000000e+00   4.9676440372e-01   0.0000000000e+00   0.0000000000e+00   3.8598184570e-01
   9.5161779814e+02   1.1725375058e-01   0.0000000000e+00   4.9676440372e-01   0.0000000000e+00   0.0000000000e+00   3.8598184570e-01
   9.5075810391e+02   1.1685313356e-01   0.0000000000e+00   4.9848379218e-01   0.0000000000e+00   0.0000000000e+00   3.8466307426e-01
   9.5075810391e+02   1.1685313356e-01   0.0000000000e+00   4.9848379218e-01   0.0000000000e+00   0.0000000000e+00   3.8466307426e-01
   9.5075810391e+02   1.1685313356e-01   0.0000000000e+00   4.9848379218e-01   0.0000000000e+00   0.0000000000e+00   3.8466307426e-01
   9.5075810391e+02   1.1685313356e-01   0.0000000000e+00   4.9848379218e-01   0.0000000000e+00   0.0000000000e+00   3.8466307426e-01
   9.5075810391e+02   1.1685313356e-01   0.0000000000e+00   4.9848379218e-01   0.0000000000e+00   0.0000000000e+00   3.8466307426e-01
   9.5075810391e+02   1.1685313356e-01   0.0000000000e+00   4.9848379218e-01   0.0000000000e+00   0.0000000000e+00   3.8466307426e-01
   9.5161779814e+02   1.1725375058e-01   0.0000000000e+00   4.9676440372e-01   0.0000000000e+00   0.0000000000e+00   3.8598184570e-01
   9.5161779814e+02   1.1725375058e-01   0.0000000000e+00   4.9676440372e-01   0.0000000000e+00   0.0000000000e+00   3.8598184570e-01
   9.5161779814e+02   1.1725375058e-01   0.0000000000e+00   4.9676440372e-01   0.0000000000e+00   0.0000000000e+00   3.8598184570e-01
   9.5161779814e+02   1.1725375058e-01   0.0000000000e+00   4.9676440372e-01   0.0000000000e+00   0.0000000000e+00   3.8598184570e-01
   9.5075810391e+02   1.1685313356e-01   0.0000000000e+00   4.9848379218e-01   0.0000000000e+00   0.0000000000e+00   3.8466307426e-01
   9.5075810391e+02   1.1685313356e-01   0.0000000000e+00   4.9848379218e-01   0.0000000000e+00   0.0000000000e+00   3.8466307426e-01
   9.5035717440e+02   1.1666630064e-01   0.0000000000e+00   4.9928565120e-01   0.0000000000e+00   0.0000000000e+00   3.8404804817e-01
   9.5035717440e+02   1.1666630064e-01   0.0000000000e+00   4.9928565120e-01   0.0000000000e+00   0.0000000000e+00   3.8404804817e-01
   9.5166197157e+02   1.1727433538e-01   0.0000000000e+00   4.9667605685e-01   0.0000000000e+00   0.0000000000e+00   3.8604960777e-01
   9.5166197157e+02   1.1727433538e-01   0.0000000000e+00   4.9667605685e-01   0.0000000000e+00   0.0000000000e+00   3.8604960777e-01
   9.5100957299e+02   1.1697031801e-01   0.0000000000e+00   4.9798085402e-01   0.0000000000e+00   0.0000000000e+00   3.8504882797e-01
   9.5100957299e+02   1.1697031801e-01   0.0000000000e+00   4.9798085402e-01   0.0000000000e+00   0.0000000000e+00   3.8504882797e-01
   9.5100957299e+02   1.1697031801e-01   0.0000000000e+00   4.9798085402e-01   0.0000000000e+00   0.0000000000e+00   3.8504882797e-01
   9.5100957299e+02   1.1697031801e-01   0.0000000000e+00   4.9798085402e-01   0.0000000000e+00   0.0000000000e+00   3.8504882797e-01
   9.5061147692e+02   1.1678480546e-01   0.0000000000e+00   4.9877704617e-01   0.0000000000e+00   0.0000000000e+00   3.8443814837e-01
   9.5061147692e+02   1.1678480546e-01   0.0000000000e+00   4.9877704617e-01   0.0000000000e+00   0.0000000000e+00   3.8443814837e-01
   9.5061147692e+02   1.1678480546e-01   0.0000000000e+00   4.9877704617e-01   0.0000000000e+00   0.0000000000e+00   3.8443814837e-01
   9.5061147692e+02   1.1678480546e-01   0.0000000000e+00   4.9877704617e-01   0.0000000000e+00   0.0000000000e+00   3.8443814837e-01
   9.5082761770e+02   1.1688552695e-01   0.0000000000e+00   4.9834476461e-01   0.0000000000e+00   0.0000000000e+00   3.8476970845e-01
   9.5082761770e+02   1.1688552695e-01   0.0000000000e+00   4.9834476461e-01   0.0000000000e+00   0.0000000000e+00   3.8476970845e-01
   9.5082761770e+02   1.1688552695e-01   0.0000000000e+00   4.9834476461e-01   0.0000000000e+00   0.0000000000e+00   3.8476970845e-01
   9.5082761770e+02   1.1688552695e-01   0.0000000000e+00   4.9834476461e-01   0.0000000000e+00   0.0000000000e+00   3.8476970845e-01
   9.5071954731e+02   1.1683516620e-01   0.0000000000e+00   4.9856090539e-01   0.0000000000e+00   0.0000000000e+00   3.8460392841e-01
   9.5071954731e+02   1.1683516620e-01   0.0000000000e+00   4.9856090539e-01   0.0000000000e+00   0.0000000000e+00   3.8460392841e-01
   9.5071954731e+02   1.1683516620e-01   0.0000000000e+00   4.9856090539e-01   0.0000000000e+00   0.0000000000e+00   3.8460392841e-01
   9.5071954731e+02   1.1683516620e-01   0.0000000000e+00   4.9856090539e-01   0.0000000000e+00   0.0000000000e+00   3.8460392841e-01
   9.4715215200e+02   1.1517276202e-01   0.0000000000e+00   5.0569569600e-01   0.0000000000e+00   0.0000000000e+00   3.7913154198e-01
   9.4715215200e+02   1.1517276202e-01   0.0000000000e+00   5.0569569600e-01   0.0000000000e+00   0.0000000000e+00   3.7913154198e-01
   9.5428694261e+02   1.1849757038e-01   0.0000000000e+00   4.9142611478e-01   0.0000000000e+00   0.0000000000e+00   3.9007631484e-01
   9.5428694261e+02   1.1849757038e-01   0.0000000000e+00   4.9142611478e-01   0.0000000000e+00   0.0000000000e+00   3.9007631484e-01
   9.5386670384e+02   1.1830173936e-01   0.0000000000e+00   4.9226659232e-01   0.0000000000e+00   0.0000000000e+00   3.8943166832e-01
   9.5386670384e+02   1.1830173936e-01   0.0000000000e+00   4.9226659232e-01   0.0000000000e+00   0.0000000000e+00   3.8943166832e-01
   9.5386670384e+02   1.1830173936e-01   0.0000000000e+00   4.9226659232e-01   0.0000000000e+00   0.0000000000e+00   3.8943166832e-01
   9.5386670384e+02   1.1830173936e-01   0.0000000000e+00   4.9226659232e-01   0.0000000000e+00   0.0000000000e+00   3.8943166832e-01
   9.5364854740e+02   1.1820007858e-01   0.0000000000e+00   4.9270290519e-01   0.0000000000e+00   0.0000000000e+00   3.8909701623e-01
   9.5364854740e+02   1.1820007858e-01   0.0000000000e+00   4.9270290519e-01   0.0000000000e+00   0.0000000000e+00   3.8909701623e-01
   9.5386670384e+02   1.1830173936e-01   0.0000000000e+00   4.9226659232e-01   0.0000000000e+00   0.0000000000e+00   3.8943166832e-01
   9.5386670384e+02   1.1830173936e-01   0.0000000000e+00   4.9226659232e-01   0.0000000000e+00   0.0000000000e+00   3.8943166832e-01
   9.5353946919e+02   1.1814924819e-01   0.0000000000e+00   4.9292106163e-01   0.0000000000e+00   0.0000000000e+00   3.8892969018e-01
   9.5353946919e+02   1.1814924819e-01   0.0000000000e+00   4.9292106163e-01   0.0000000000e+00   0.0000000000e+00   3.8892969018e-01
   9.5353946919e+02   1.1814924819e-01   0.0000000000e+00   4.9292106163e-01   0.0000000000e+00   0.0000000000e+00   3.8892969018e-01
   9.5353946919e+02   1.1814924819e-01   0.0000000000e+00   4.9292106163e-01   0.0000000000e+00   0.0000000000e+00   3.8892969018e-01
   9.5491513486e+02   1.1879030761e-01   0.0000000000e+00   4.9016973029e-01   0.0000000000e+00   0.0000000000e+00   3.9103996210e-01
   9.5491513486e+02   1.1879030761e-01   0.0000000000e+00   4.9016973029e-01   0.0000000000e+00   0.0000000000e+00   3.9103996210e-01
   9.5491513486e+02   1.1879030761e-01   0.0000000000e+00   4.9016973029e-01   0.0000000000e+00   0.0000000000e+00   3.9103996210e-01
   9.5491513486e+02   1.1879030761e-01   0.0000000000e+00   4.9016973029e-01   0.0000000000e+00   0.0000000000e+00   3.9103996210e-01
   9.4893806741e+02   1.1600499759e-01   0.0000000000e+00   5.0212386519e-01   0.0000000000e+00   0.0000000000e+00   3.8187113723e-01
   9.4893806741e+02   1.1600499759e-01   0.0000000000e+00   5.0212386519e-01   0.0000000000e+00   0.0000000000e+00   3.8187113723e-01
   9.4893806741e+02   1.1600499759e-01   0.0000000000e+00   5.0212386519e-01   0.0000000000e+00   0.0000000000e+00   3.8187113723e-01
   9.4893806741e+02   1.1600499759e-01   0.0000000000e+00   5.0212386519e-01   0.0000000000e+00   0.0000000000e+00   3.8187113723e-01
   9.4893806741e+02   1.1600499759e-01   0.0000000000e+00   5.0212386519e-01   0.0000000000e+00   0.0000000000e+00   3.8187113723e-01
   9.4893806741e+02   1.1600499759e-01   0.0000000000e+00   5.0212386519e-01   0.0000000000e+00   0.0000000000e+00   3.8187113723e-01
   9.4893806741e+02   1.1600499759e-01   0.0000000000e+00   5.0212386519e-01   0.0000000000e+00   0.0000000000e+00   3.8187113723e-01
   9.4893806741e+02   1.1600499759e-01   0.0000000000e+00   5.0212386519e-01   0.0000000000e+00   0.0000000000e+00   3.8187113723e-01
   9.4812937334e+02   1.1562814661e-01   0.0000000000e+00   5.0374125333e-01   0.0000000000e+00   0.0000000000e+00   3.8063060006e-01
   9.4812937334e+02   1.1562814661e-01   0.0000000000e+00   5.0374125333e-01   0.0000000000e+00   0.0000000000e+00   3.8063060006e-01
   9.4812937334e+02   1.1562814661e-01   0.0000000000e+00   5.0374125333e-01   0.0000000000e+00   0.0000000000e+00   3.8063060006e-01
   9.4812937334e+02   1.1562814661e-01   0.0000000000e+00   5.0374125333e-01   0.0000000000e+00   0.0000000000e+00   3.8063060006e-01
   9.4812937334e+02   1.1562814661e-01   0.0000000000e+00   5.0374125333e-01   0.0000000000e+00   0.0000000000e+00   3.8063060006e-01
   9.4812937334e+02   1.1562814661e-01   0.0000000000e+00   5.0374125333e-01   0.0000000000e+00   0.0000000000e+00   3.8063060006e-01
   9.4812937334e+02   1.1562814661e-01   0.0000000000e+00   5.0374125333e-01   0.0000000000e+00   0.0000000000e+00   3.8063060006e-01
   9.4812937334e+02   1.1562814661e-01   0.0000000000e+00   5.0374125333e-01   0.0000000000e+00   0.0000000000e+00   3.8063060006e-01
   9.4989020333e+02   1.1644869239e-01   0.0000000000e+00   5.0021959334e-01   0.0000000000e+00   0.0000000000e+00   3.8333171428e-01
   9.4989020333e+02   1.1644869239e-01   0.0000000000e+00   5.0021959334e-01   0.0000000000e+00   0.0000000000e+00   3.8333171428e-01
   9.4989020333e+02   1.1644869239e-01   0.0000000000e+00   5.0021959334e-01   0.0000000000e+00   0.0000000000e+00   3.8333171428e-01
   9.4989020333e+02   1.1644869239e-01   0.0000000000e+00   5.0021959334e-01   0.0000000000e+00   0.0000000000e+00   3.8333171428e-01
   9.4989020333e+02   1.1644869239e-01   0.0000000000e+00   5.0021959334e-01   0.0000000000e+00   0.0000000000e+00   3.8333171428e-01
   9.4989020333e+02   1.1644869239e-01   0.0000000000e+00   5.0021959334e-01   0.0000000000e+00   0.0000000000e+00   3.8333171428e-01
   9.4989020333e+02   1.1644869239e-01   0.0000000000e+00   5.0021959334e-01   0.0000000000e+00   0.0000000000e+00   3.8333171428e-01
   9.4989020333e+02   1.1644869239e-01   0.0000000000e+00   5.0021959334e-01   0.0000000000e+00   0.0000000000e+00   3.8333171428e-01
   9.5051745515e+02   1.1674099137e-01   0.0000000000e+00   4.9896508970e-01   0.0000000000e+00   0.0000000000e+00   3.8429391892e-01
   9.5051745515e+02   1.1674099137e-01   0.0000000000e+00   4.9896508970e-01   0.0000000000e+00   0.0000000000e+00   3.8429391892e-01
   9.5051745515e+02   1.1674099137e-01   0.0000000000e+00   4.9896508970e-01   0.0000000000e+00   0.0000000000e+00   3.8429391892e-01
   9.5051745515e+02   1.1674099137e-01   0.0000000000e+00   4.9896508970e-01   0.0000000000e+00   0.0000000000e+00   3.8429391892e-01
   9.5038539320e+02   1.1667945058e-01   0.0000000000e+00   4.9922921360e-01   0.0000000000e+00   0.0000000000e+00   3.8409133582e-01
   9.5038539320e+02   1.1667945058e-01   0.0000000000e+00   4.9922921360e-01   0.0000000000e+00   0.0000000000e+00   3.8409133582e-01
   9.5038539320e+02   1.1667945058e-01   0.0000000000e+00   4.9922921360e-01   0.0000000000e+00   0.0000000000e+00   3.8409133582e-01
   9.5038539320e+02   1.1667945058e-01   0.0000000000e+00   4.9922921360e-01   0.0000000000e+00   0.0000000000e+00   3.8409133582e-01