# time = 15.9526
# Grid Poins = 256    variable_0    variable_1    variable_2    variable_3    variable_4    variable_5    variable_6
   9.3220895413e+02   1.0820924033e-01   0.0000000000e+00   5.3558209174e-01   0.0000000000e+00   0.0000000000e+00   3.5620866793e-01
   9.3220895413e+02   1.0820924033e-01   0.0000000000e+00   5.3558209174e-01   0.0000000000e+00   0.0000000000e+00   3.5620866793e-01
   9.3220895413e+02   1.0820924033e-01   0.0000000000e+00   5.3558209174e-01   0.0000000000e+00   0.0000000000e+00   3.5620866793e-01
   9.3220895413e+02   1.0820924033e-01   0.0000000000e+00   5.3558209174e-01   0.0000000000e+00   0.0000000000e+00   3.5620866793e-01
   9.3349203353e+02   1.0880715460e-01   0.0000000000e+00   5.3301593294e-01   0.0000000000e+00   0.0000000000e+00   3.5817691246e-01
   9.3349203353e+02   1.0880715460e-01   0.0000000000e+00   5.3301593294e-01   0.0000000000e+00   0.0000000000e+00   3.5817691246e-01
   9.3349203353e+02   1.0880715460e-01   0.0000000000e+00   5.3301593294e-01   0.0000000000e+00   0.0000000000e+00   3.5817691246e-01
   9.3349203353e+02   1.0880715460e-01   0.0000000000e+00   5.3301593294e-01   0.0000000000e+00   0.0000000000e+00   3.5817691246e-01
   9.3856730806e+02   1.1117222964e-01   0.0000000000e+00   5.2286538388e-01   0.0000000000e+00   0.0000000000e+00   3.6596238648e-01
   9.3856730806e+02   1.1117222964e-01   0.0000000000e+00   5.2286538388e-01   0.0000000000e+00   0.0000000000e+00   3.6596238648e-01
   9.3856730806e+02   1.1117222964e-01   0.0000000000e+00   5.2286538388e-01   0.0000000000e+00   0.0000000000e+00   3.6596238648e-01
   9.3856730806e+02   1.1117222964e-01   0.0000000000e+00   5.2286538388e-01   0.0000000000e+00   0.0000000000e+00   3.6596238648e-01
   9.3856730806e+02   1.1117222964e-01   0.0000000000e+00   5.2286538388e-01   0.0000000000e+00   0.0000000000e+00   3.6596238648e-01
   9.3856730806e+02   1.1117222964e-01   0.0000000000e+00   5.2286538388e-01   0.0000000000e+00   0.0000000000e+00   3.6596238648e-01
   9.3856730806e+02   1.1117222964e-01   0.0000000000e+00   5.2286538388e-01   0.0000000000e+00   0.0000000000e+00   3.6596238648e-01
   9.3856730806e+02   1.1117222964e-01   0.0000000000e+00   5.2286538388e-01   0.0000000000e+00   0.0000000000e+00   3.6596238648e-01
   9.4974655311e+02   1.1638175147e-01   0.0000000000e+00   5.0050689377e-01   0.0000000000e+00   0.0000000000e+00   3.8311135476e-01
   9.4974655311e+02   1.1638175147e-01   0.0000000000e+00   5.0050689377e-01   0.0000000000e+00   0.0000000000e+00   3.8311135476e-01
   9.4974655311e+02   1.1638175147e-01   0.0000000000e+00   5.0050689377e-01   0.0000000000e+00   0.0000000000e+00   3.8311135476e-01
   9.4974655311e+02   1.1638175147e-01   0.0000000000e+00   5.0050689377e-01   0.0000000000e+00   0.0000000000e+00   3.8311135476e-01
   9.6821831982e+02   1.2498958423e-01   0.0000000000e+00   4.6356336036e-01   0.0000000000e+00   0.0000000000e+00   4.1144705542e-01
   9.6821831982e+02   1.2498958423e-01   0.0000000000e+00   4.6356336036e-01   0.0000000000e+00   0.0000000000e+00   4.1144705542e-01
   9.3127478641e+02   1.0777391870e-01   0.0000000000e+00   5.3745042719e-01   0.0000000000e+00   0.0000000000e+00   3.5477565411e-01
   9.3127478641e+02   1.0777391870e-01   0.0000000000e+00   5.3745042719e-01   0.0000000000e+00   0.0000000000e+00   3.5477565411e-01
   9.3067540070e+02   1.0749460531e-01   0.0000000000e+00   5.3864919860e-01   0.0000000000e+00   0.0000000000e+00   3.5385619609e-01
   9.3067540070e+02   1.0749460531e-01   0.0000000000e+00   5.3864919860e-01   0.0000000000e+00   0.0000000000e+00   3.5385619609e-01
   9.3067540070e+02   1.0749460531e-01   0.0000000000e+00   5.3864919860e-01   0.0000000000e+00   0.0000000000e+00   3.5385619609e-01
   9.3067540070e+02   1.0749460531e-01   0.0000000000e+00   5.3864919860e-01   0.0000000000e+00   0.0000000000e+00   3.5385619609e-01
   9.3067540070e+02   1.0749460531e-01   0.0000000000e+00   5.3864919860e-01   0.0000000000e+00   0.0000000000e+00   3.5385619609e-01
   9.3067540070e+02   1.0749460531e-01   0.0000000000e+00   5.3864919860e-01   0.0000000000e+00   0.0000000000e+00   3.5385619609e-01
   1.0057612389e+03   1.4248456315e-01   0.0000000000e+00   3.8847752211e-01   0.0000000000e+00   0.0000000000e+00   4.6903791474e-01
   1.0057612389e+03   1.4248456315e-01   0.0000000000e+00   3.8847752211e-01   0.0000000000e+00   0.0000000000e+00   4.6903791474e-01
   9.1333174687e+02   9.9412472502e-02   0.0000000000e+00   5.7333650626e-01   0.0000000000e+00   0.0000000000e+00   3.2725102124e-01
   9.1333174687e+02   9.9412472502e-02   0.0000000000e+00   5.7333650626e-01   0.0000000000e+00   0.0000000000e+00   3.2725102124e-01
   9.1333174687e+02   9.9412472502e-02   0.0000000000e+00   5.7333650626e-01   0.0000000000e+00   0.0000000000e+00   3.2725102124e-01
   9.1333174687e+02   9.9412472502e-02   0.0000000000e+00   5.7333650626e-01   0.0000000000e+00   0.0000000000e+00   3.2725102124e-01
   9.1333174687e+02   9.9412472502e-02   0.0000000000e+00   5.7333650626e-01   0.0000000000e+00   0.0000000000e+00   3.2725102124e-01
   9.1333174687e+02   9.9412472502e-02   0.0000000000e+00   5.7333650626e-01   0.0000000000e+00   0.0000000000e+00   3.2725102124e-01
   9.1333174687e+02   9.9412472502e-02   0.0000000000e+00   5.7333650626e-01   0.0000000000e+00   0.0000000000e+00   3.2725102124e-01
   9.1333174687e+02   9.9412472502e-02   0.0000000000e+00   5.7333650626e-01   0.0000000000e+00   0.0000000000e+00   3.2725102124e-01
   9.8475057532e+02   1.3269360587e-01   0.0000000000e+00   4.3049884936e-01   0.0000000000e+00   0.0000000000e+00   4.3680754477e-01
   9.8475057532e+02   1.3269360587e-01   0.0000000000e+00   4.3049884936e-01   0.0000000000e+00   0.0000000000e+00   4.3680754477e-01
   9.8475057532e+02   1.3269360587e-01   0.0000000000e+00   4.3049884936e-01   0.0000000000e+00   0.0000000000e+00   4.3680754477e-01
   9.8475057532e+02   1.3269360587e-01   0.0000000000e+00   4.3049884936e-01   0.0000000000e+00   0.0000000000e+00   4.3680754477e-01
   9.8491600168e+02   1.3277069446e-01   0.0000000000e+00   4.3016799664e-01   0.0000000000e+00   0.0000000000e+00   4.3706130890e-01
   9.8491600168e+02   1.3277069446e-01   0.0000000000e+00   4.3016799664e-01   0.0000000000e+00   0.0000000000e+00   4.3706130890e-01
   9.8491600168e+02   1.3277069446e-01   0.0000000000e+00   4.3016799664e-01   0.0000000000e+00   0.0000000000e+00   4.3706130890e-01
   9.8491600168e+02   1.3277069446e-01   0.0000000000e+00   4.3016799664e-01   0.0000000000e+00   0.0000000000e+00   4.3706130890e-01
   9.8483328850e+02   1.3273215017e-01   0.0000000000e+00   4.3033342300e-01   0.0000000000e+00   0.0000000000e+00   4.3693442683e-01
   9.8483328850e+02   1.3273215017e-01   0.0000000000e+00   4.3033342300e-01   0.0000000000e+00   0.0000000000e+00   4.3693442683e-01
   9.8483328850e+02   1.3273215017e-01   0.0000000000e+00   4.3033342300e-01   0.0000000000e+00   0.0000000000e+00   4.3693442683e-01
   9.8483328850e+02   1.3273215017e-01   0.0000000000e+00   4.3033342300e-01   0.0000000000e+00   0.0000000000e+00   4.3693442683e-01
   9.8475057532e+02   1.3269360587e-01   0.0000000000e+00   4.3049884936e-01   0.0000000000e+00   0.0000000000e+00   4.3680754477e-01
   9.8475057532e+02   1.3269360587e-01   0.0000000000e+00   4.3049884936e-01   0.0000000000e+00   0.0000000000e+00   4.3680754477e-01
   9.8475057532e+02   1.3269360587e-01   0.0000000000e+00   4.3049884936e-01   0.0000000000e+00   0.0000000000e+00   4.3680754477e-01
   9.8475057532e+02   1.3269360587e-01   0.0000000000e+00   4.3049884936e-01   0.0000000000e+00   0.0000000000e+00   4.3680754477e-01
   9.8491600168e+02   1.3277069446e-01   0.0000000000e+00   4.3016799664e-01   0.0000000000e+00   0.0000000000e+00   4.3706130890e-01
   9.8491600168e+02   1.3277069446e-01   0.0000000000e+00   4.3016799664e-01   0.0000000000e+00   0.0000000000e+00   4.3706130890e-01
   9.8475057532e+02   1.3269360587e-01   0.0000000000e+00   4.3049884936e-01   0.0000000000e+00   0.0000000000e+00   4.3680754477e-01
   9.8475057532e+02   1.3269360587e-01   0.0000000000e+00   4.3049884936e-01   0.0000000000e+00   0.0000000000e+00   4.3680754477e-01
   9.8475057532e+02   1.3269360587e-01   0.0000000000e+00   4.3049884936e-01   0.0000000000e+00   0.0000000000e+00   4.3680754477e-01
   9.8475057532e+02   1.3269360587e-01   0.0000000000e+00   4.3049884936e-01   0.0000000000e+00   0.0000000000e+00   4.3680754477e-01
   9.8475057532e+02   1.3269360587e-01   0.0000000000e+00   4.3049884936e-01   0.0000000000e+00   0.0000000000e+00   4.3680754477e-01
   9.8475057532e+02   1.3269360587e-01   0.0000000000e+00   4.3049884936e-01   0.0000000000e+00   0.0000000000e+00   4.3680754477e-01
   9.9037025263e+02   1.3531237230e-01   0.0000000000e+00   4.1925949473e-01   0.0000000000e+00   0.0000000000e+00   4.4542813297e-01
   9.9037025263e+02   1.3531237230e-01   0.0000000000e+00   4.1925949473e-01   0.0000000000e+00   0.0000000000e+00   4.4542813297e-01
   9.9037025263e+02   1.3531237230e-01   0.0000000000e+00   4.1925949473e-01   0.0000000000e+00   0.0000000000e+00   4.4542813297e-01
   9.9037025263e+02   1.3531237230e-01   0.0000000000e+00   4.1925949473e-01   0.0000000000e+00   0.0000000000e+00   4.4542813297e-01
   9.8968111582e+02   1.3499123493e-01   0.0000000000e+00   4.2063776836e-01   0.0000000000e+00   0.0000000000e+00   4.4437099670e-01
   9.8968111582e+02   1.3499123493e-01   0.0000000000e+00   4.2063776836e-01   0.0000000000e+00   0.0000000000e+00   4.4437099670e-01
   9.9087397023e+02   1.3554710441e-01   0.0000000000e+00   4.1825205954e-01   0.0000000000e+00   0.0000000000e+00   4.4620083605e-01
   9.9087397023e+02   1.3554710441e-01   0.0000000000e+00   4.1825205954e-01   0.0000000000e+00   0.0000000000e+00   4.4620083605e-01
   9.9087397023e+02   1.3554710441e-01   0.0000000000e+00   4.1825205954e-01   0.0000000000e+00   0.0000000000e+00   4.4620083605e-01
   9.9087397023e+02   1.3554710441e-01   0.0000000000e+00   4.1825205954e-01   0.0000000000e+00   0.0000000000e+00   4.4620083605e-01
   9.8968111582e+02   1.3499123493e-01   0.0000000000e+00   4.2063776836e-01   0.0000000000e+00   0.0000000000e+00   4.4437099670e-01
   9.8968111582e+02   1.3499123493e-01   0.0000000000e+00   4.2063776836e-01   0.0000000000e+00   0.0000000000e+00   4.4437099670e-01
   9.9066177131e+02   1.3544821984e-01   0.0000000000e+00   4.1867645738e-01   0.0000000000e+00   0.0000000000e+00   4.4587532279e-01
   9.9066177131e+02   1.3544821984e-01   0.0000000000e+00   4.1867645738e-01   0.0000000000e+00   0.0000000000e+00   4.4587532279e-01
   9.9087397023e+02   1.3554710441e-01   0.0000000000e+00   4.1825205954e-01   0.0000000000e+00   0.0000000000e+00   4.4620083605e-01
   9.9087397023e+02   1.3554710441e-01   0.0000000000e+00   4.1825205954e-01   0.0000000000e+00   0.0000000000e+00   4.4620083605e-01
   9.8784321490e+02   1.3413477415e-01   0.0000000000e+00   4.2431357021e-01   0.0000000000e+00   0.0000000000e+00   4.4155165564e-01
   9.8784321490e+02   1.3413477415e-01   0.0000000000e+00   4.2431357021e-01   0.0000000000e+00   0.0000000000e+00   4.4155165564e-01
   9.8784321490e+02   1.3413477415e-01   0.0000000000e+00   4.2431357021e-01   0.0000000000e+00   0.0000000000e+00   4.4155165564e-01
   9.8784321490e+02   1.3413477415e-01   0.0000000000e+00   4.2431357021e-01   0.0000000000e+00   0.0000000000e+00   4.4155165564e-01
   9.8784321490e+02   1.3413477415e-01   0.0000000000e+00   4.2431357021e-01   0.0000000000e+00   0.0000000000e+00   4.4155165564e-01
   9.8784321490e+02   1.3413477415e-01   0.0000000000e+00   4.2431357021e-01   0.0000000000e+00   0.0000000000e+00   4.4155165564e-01
   9.8784321490e+02   1.3413477415e-01   0.0000000000e+00   4.2431357021e-01   0.0000000000e+00   0.0000000000e+00   4.4155165564e-01
   9.8784321490e+02   1.3413477415e-01   0.0000000000e+00   4.2431357021e-01   0.0000000000e+00   0.0000000000e+00   4.4155165564e-01
   9.8751350730e+02   1.3398113060e-01   0.0000000000e+00   4.2497298541e-01   0.0000000000e+00   0.0000000000e+00   4.4104588400e-01
   9.8751350730e+02   1.3398113060e-01   0.0000000000e+00   4.2497298541e-01   0.0000000000e+00   0.0000000000e+00   4.4104588400e-01
   9.8817292249e+02   1.3428841770e-01   0.0000000000e+00   4.2365415501e-01   0.0000000000e+00   0.0000000000e+00   4.4205742728e-01
   9.8817292249e+02   1.3428841770e-01   0.0000000000e+00   4.2365415501e-01   0.0000000000e+00   0.0000000000e+00   4.4205742728e-01
   9.8784321490e+02   1.3413477415e-01   0.0000000000e+00   4.2431357021e-01   0.0000000000e+00   0.0000000000e+00   4.4155165564e-01
   9.8784321490e+02   1.3413477415e-01   0.0000000000e+00   4.2431357021e-01   0.0000000000e+00   0.0000000000e+00   4.4155165564e-01
   9.8784321490e+02   1.3413477415e-01   0.0000000000e+00   4.2431357021e-01   0.0000000000e+00   0.0000000000e+00   4.4155165564e-01
   9.8784321490e+02   1.3413477415e-01   0.0000000000e+00   4.2431357021e-01   0.0000000000e+00   0.0000000000e+00   4.4155165564e-01
   9.2439136403e+02   1.0456624780e-01   0.0000000000e+00   5.5121727195e-01   0.0000000000e+00   0.0000000000e+00   3.4421648026e-01
   9.2439136403e+02   1.0456624780e-01   0.0000000000e+00   5.5121727195e-01   0.0000000000e+00   0.0000000000e+00   3.4421648026e-01
   9.2439136403e+02   1.0456624780e-01   0.0000000000e+00   5.5121727195e-01   0.0000000000e+00   0.0000000000e+00   3.4421648026e-01
   9.2439136403e+02   1.0456624780e-01   0.0000000000e+00   5.5121727195e-01   0.0000000000e+00   0.0000000000e+00   3.4421648026e-01
   9.2439136403e+02   1.0456624780e-01   0.0000000000e+00   5.5121727195e-01   0.0000000000e+00   0.0000000000e+00   3.4421648026e-01
   9.2439136403e+02   1.0456624780e-01   0.0000000000e+00   5.5121727195e-01   0.0000000000e+00   0.0000000000e+00   3.4421648026e-01
   9.2439136403e+02   1.0456624780e-01   0.0000000000e+00   5.5121727195e-01   0.0000000000e+00   0.0000000000e+00   3.4421648026e-01
   9.2439136403e+02   1.0456624780e-01   0.0000000000e+00   5.5121727195e-01   0.0000000000e+00   0.0000000000e+00   3.4421648026e-01
   9.3218746555e+02   1.0819922667e-01   0.0000000000e+00   5.3562506889e-01   0.0000000000e+00   0.0000000000e+00   3.5617570444e-01
   9.3218746555e+02   1.0819922667e-01   0.0000000000e+00   5.3562506889e-01   0.0000000000e+00   0.0000000000e+00   3.5617570444e-01
   9.4389224345e+02   1.1365364650e-01   0.0000000000e+00   5.1221551310e-01   0.0000000000e+00   0.0000000000e+00   3.7413084041e-01
   9.4389224345e+02   1.1365364650e-01   0.0000000000e+00   5.1221551310e-01   0.0000000000e+00   0.0000000000e+00   3.7413084041e-01
   9.4389224345e+02   1.1365364650e-01   0.0000000000e+00   5.1221551310e-01   0.0000000000e+00   0.0000000000e+00   3.7413084041e-01
   9.4389224345e+02   1.1365364650e-01   0.0000000000e+00   5.1221551310e-01   0.0000000000e+00   0.0000000000e+00   3.7413084041e-01
   9.3218746555e+02   1.0819922667e-01   0.0000000000e+00   5.3562506889e-01   0.0000000000e+00   0.0000000000e+00   3.5617570444e-01
   9.3218746555e+02   1.0819922667e-01   0.0000000000e+00   5.3562506889e-01   0.0000000000e+00   0.0000000000e+00   3.5617570444e-01
   9.3349203353e+02   1.0880715460e-01   0.0000000000e+00   5.3301593294e-01   0.0000000000e+00   0.0000000000e+00   3.5817691246e-01
   9.3349203353e+02   1.0880715460e-01   0.0000000000e+00   5.3301593294e-01   0.0000000000e+00   0.0000000000e+00   3.5817691246e-01
   9.3349203353e+02   1.0880715460e-01   0.0000000000e+00   5.3301593294e-01   0.0000000000e+00   0.0000000000e+00   3.5817691246e-01
   9.3349203353e+02   1.0880715460e-01   0.0000000000e+00   5.3301593294e-01   0.0000000000e+00   0.0000000000e+00   3.5817691246e-01
   9.3349203353e+02   1.0880715460e-01   0.0000000000e+00   5.3301593294e-01   0.0000000000e+00   0.0000000000e+00   3.5817691246e-01
   9.3349203353e+02   1.0880715460e-01   0.0000000000e+00   5.3301593294e-01   0.0000000000e+00   0.0000000000e+00   3.5817691246e-01
   9.3349203353e+02   1.0880715460e-01   0.0000000000e+00   5.3301593294e-01   0.0000000000e+00   0.0000000000e+00   3.5817691246e-01
   9.3349203353e+02   1.0880715460e-01   0.0000000000e+00   5.3301593294e-01   0.0000000000e+00   0.0000000000e+00   3.5817691246e-01
   9.1333174687e+02   9.9412472502e-02   0.0000000000e+00   5.7333650626e-01   0.0000000000e+00   0.0000000000e+00   3.2725102124e-01
   9.1333174687e+02   9.9412472502e-02   0.0000000000e+00   5.7333650626e-01   0.0000000000e+00   0.0000000000e+00   3.2725102124e-01
   1.0057612389e+03   1.4248456315e-01   0.0000000000e+00   3.8847752211e-01   0.0000000000e+00   0.0000000000e+00   4.6903791474e-01
   1.0057612389e+03   1.4248456315e-01   0.0000000000e+00   3.8847752211e-01   0.0000000000e+00   0.0000000000e+00   4.6903791474e-01
   9.1333174687e+02   9.9412472502e-02   0.0000000000e+00   5.7333650626e-01   0.0000000000e+00   0.0000000000e+00   3.2725102124e-01
   9.1333174687e+02   9.9412472502e-02   0.0000000000e+00   5.7333650626e-01   0.0000000000e+00   0.0000000000e+00   3.2725102124e-01
   1.0057612389e+03   1.4248456315e-01   0.0000000000e+00   3.8847752211e-01   0.0000000000e+00   0.0000000000e+00   4.6903791474e-01
   1.0057612389e+03   1.4248456315e-01   0.0000000000e+00   3.8847752211e-01   0.0000000000e+00   0.0000000000e+00   4.6903791474e-01
   9.3254969888e+02   1.0836802719e-01   0.0000000000e+00   5.3490060224e-01   0.0000000000e+00   0.0000000000e+00   3.5673137057e-01
   9.3254969888e+02   1.0836802719e-01   0.0000000000e+00   5.3490060224e-01   0.0000000000e+00   0.0000000000e+00   3.5673137057e-01
   9.3686850336e+02   1.1038058762e-01   0.0000000000e+00   5.2626299327e-01   0.0000000000e+00   0.0000000000e+00   3.6335641911e-01
   9.3686850336e+02   1.1038058762e-01   0.0000000000e+00   5.2626299327e-01   0.0000000000e+00   0.0000000000e+00   3.6335641911e-01
   9.3470910112e+02   1.0937430740e-01   0.0000000000e+00   5.3058179776e-01   0.0000000000e+00   0.0000000000e+00   3.6004389484e-01
   9.3470910112e+02   1.0937430740e-01   0.0000000000e+00   5.3058179776e-01   0.0000000000e+00   0.0000000000e+00   3.6004389484e-01
   9.3470910112e+02   1.0937430740e-01   0.0000000000e+00   5.3058179776e-01   0.0000000000e+00   0.0000000000e+00   3.6004389484e-01
   9.3470910112e+02   1.0937430740e-01   0.0000000000e+00   5.3058179776e-01   0.0000000000e+00   0.0000000000e+00   3.6004389484e-01
   9.3686850336e+02   1.1038058762e-01   0.0000000000e+00   5.2626299327e-01   0.0000000000e+00   0.0000000000e+00   3.6335641911e-01
   9.3686850336e+02   1.1038058762e-01   0.0000000000e+00   5.2626299327e-01   0.0000000000e+00   0.0000000000e+00   3.6335641911e-01
   9.3686850336e+02   1.1038058762e-01   0.0000000000e+00   5.2626299327e-01   0.0000000000e+00   0.0000000000e+00   3.6335641911e-01
   9.3686850336e+02   1.1038058762e-01   0.0000000000e+00   5.2626299327e-01   0.0000000000e+00   0.0000000000e+00   3.6335641911e-01
   9.2214578949e+02   1.0351981134e-01   0.0000000000e+00   5.5570842103e-01   0.0000000000e+00   0.0000000000e+00   3.4077176763e-01
   9.2214578949e+02   1.0351981134e-01   0.0000000000e+00   5.5570842103e-01   0.0000000000e+00   0.0000000000e+00   3.4077176763e-01
   9.2214578949e+02   1.0351981134e-01   0.0000000000e+00   5.5570842103e-01   0.0000000000e+00   0.0000000000e+00   3.4077176763e-01
   9.2214578949e+02   1.0351981134e-01   0.0000000000e+00   5.5570842103e-01   0.0000000000e+00   0.0000000000e+00   3.4077176763e-01
   9.4828185030e+02   1.1569920079e-01   0.0000000000e+00   5.0343629939e-01   0.0000000000e+00   0.0000000000e+00   3.8086449982e-01
   9.4828185030e+02   1.1569920079e-01   0.0000000000e+00   5.0343629939e-01   0.0000000000e+00   0.0000000000e+00   3.8086449982e-01
   9.4828185030e+02   1.1569920079e-01   0.0000000000e+00   5.0343629939e-01   0.0000000000e+00   0.0000000000e+00   3.8086449982e-01
   9.4828185030e+02   1.1569920079e-01   0.0000000000e+00   5.0343629939e-01   0.0000000000e+00   0.0000000000e+00   3.8086449982e-01
   9.4828185030e+02   1.1569920079e-01   0.0000000000e+00   5.0343629939e-01   0.0000000000e+00   0.0000000000e+00   3.8086449982e-01
   9.4828185030e+02   1.1569920079e-01   0.0000000000e+00   5.0343629939e-01   0.0000000000e+00   0.0000000000e+00   3.8086449982e-01
   9.4828185030e+02   1.1569920079e-01   0.0000000000e+00   5.0343629939e-01   0.0000000000e+00   0.0000000000e+00   3.8086449982e-01
   9.4828185030e+02   1.1569920079e-01   0.0000000000e+00   5.0343629939e-01   0.0000000000e+00   0.0000000000e+00   3.8086449982e-01
   9.3686850336e+02   1.1038058762e-01   0.0000000000e+00   5.2626299327e-01   0.0000000000e+00   0.0000000000e+00   3.6335641911e-01
   9.3686850336e+02   1.1038058762e-01   0.0000000000e+00   5.2626299327e-01   0.0000000000e+00   0.0000000000e+00   3.6335641911e-01
   9.3686850336e+02   1.1038058762e-01   0.0000000000e+00   5.2626299327e-01   0.0000000000e+00   0.0000000000e+00   3.6335641911e-01
   9.3686850336e+02   1.1038058762e-01   0.0000000000e+00   5.2626299327e-01   0.0000000000e+00   0.0000000000e+00   3.6335641911e-01
   9.3686850336e+02   1.1038058762e-01   0.0000000000e+00   5.2626299327e-01   0.0000000000e+00   0.0000000000e+00   3.6335641911e-01
   9.3686850336e+02   1.1038058762e-01   0.0000000000e+00   5.2626299327e-01   0.0000000000e+00   0.0000000000e+00   3.6335641911e-01
   9.3686850336e+02   1.1038058762e-01   0.0000000000e+00   5.2626299327e-01   0.0000000000e+00   0.0000000000e+00   3.6335641911e-01
   9.3686850336e+02   1.1038058762e-01   0.0000000000e+00   5.2626299327e-01   0.0000000000e+00   0.0000000000e+00   3.6335641911e-01
   9.4163564334e+02   1.1260207213e-01   0.0000000000e+00   5.1672871332e-01   0.0000000000e+00   0.0000000000e+00   3.7066921455e-01
   9.4163564334e+02   1.1260207213e-01   0.0000000000e+00   5.1672871332e-01   0.0000000000e+00   0.0000000000e+00   3.7066921455e-01
   9.4163564334e+02   1.1260207213e-01   0.0000000000e+00   5.1672871332e-01   0.0000000000e+00   0.0000000000e+00   3.7066921455e-01
   9.4163564334e+02   1.1260207213e-01   0.0000000000e+00   5.1672871332e-01   0.0000000000e+00   0.0000000000e+00   3.7066921455e-01
   9.4163564334e+02   1.1260207213e-01   0.0000000000e+00   5.1672871332e-01   0.0000000000e+00   0.0000000000e+00   3.7066921455e-01
   9.4163564334e+02   1.1260207213e-01   0.0000000000e+00   5.1672871332e-01   0.0000000000e+00   0.0000000000e+00   3.7066921455e-01
   9.4163564334e+02   1.1260207213e-01   0.0000000000e+00   5.1672871332e-01   0.0000000000e+00   0.0000000000e+00   3.7066921455e-01
   9.4163564334e+02   1.1260207213e-01   0.0000000000e+00   5.1672871332e-01   0.0000000000e+00   0.0000000000e+00   3.7066921455e-01
   9.3246143136e+02   1.0832689457e-01   0.0000000000e+00   5.3507713729e-01   0.0000000000e+00   0.0000000000e+00   3.5659596814e-01
   9.3246143136e+02   1.0832689457e-01   0.0000000000e+00   5.3507713729e-01   0.0000000000e+00   0.0000000000e+00   3.5659596814e-01
   9.3246143136e+02   1.0832689457e-01   0.0000000000e+00   5.3507713729e-01   0.0000000000e+00   0.0000000000e+00   3.5659596814e-01
   9.3246143136e+02   1.0832689457e-01   0.0000000000e+00   5.3507713729e-01   0.0000000000e+00   0.0000000000e+00   3.5659596814e-01
   9.3246143136e+02   1.0832689457e-01   0.0000000000e+00   5.3507713729e-01   0.0000000000e+00   0.0000000000e+00   3.5659596814e-01
   9.3246143136e+02   1.0832689457e-01   0.0000000000e+00   5.3507713729e-01   0.0000000000e+00   0.0000000000e+00   3.5659596814e-01
   9.3246143136e+02   1.0832689457e-01   0.0000000000e+00   5.3507713729e-01   0.0000000000e+00   0.0000000000e+00   3.5659596814e-01
   9.3246143136e+02   1.0832689457e-01   0.0000000000e+00   5.3507713729e-01   0.0000000000e+00   0.0000000000e+00   3.5659596814e-01
   9.5267994882e+02   1.1774871220e-01   0.0000000000e+00   4.9464010235e-01   0.0000000000e+00   0.0000000000e+00   3.8761118545e-01
   9.5267994882e+02   1.1774871220e-01   0.0000000000e+00   4.9464010235e-01   0.0000000000e+00   0.0000000000e+00   3.8761118545e-01
   9.1593353613e+02   1.0062490481e-01   0.0000000000e+00   5.6813292775e-01   0.0000000000e+00   0.0000000000e+00   3.3124216744e-01
   9.1593353613e+02   1.0062490481e-01   0.0000000000e+00   5.6813292775e-01   0.0000000000e+00   0.0000000000e+00   3.3124216744e-01
   9.3487503547e+02   1.0945163272e-01   0.0000000000e+00   5.3024992905e-01   0.0000000000e+00   0.0000000000e+00   3.6029843823e-01
   9.3487503547e+02   1.0945163272e-01   0.0000000000e+00   5.3024992905e-01   0.0000000000e+00   0.0000000000e+00   3.6029843823e-01
   9.3487503547e+02   1.0945163272e-01   0.0000000000e+00   5.3024992905e-01   0.0000000000e+00   0.0000000000e+00   3.6029843823e-01
   9.3487503547e+02   1.0945163272e-01   0.0000000000e+00   5.3024992905e-01   0.0000000000e+00   0.0000000000e+00   3.6029843823e-01
   9.3430674247e+02   1.0918680850e-01   0.0000000000e+00   5.3138651505e-01   0.0000000000e+00   0.0000000000e+00   3.5942667645e-01
   9.3430674247e+02   1.0918680850e-01   0.0000000000e+00   5.3138651505e-01   0.0000000000e+00   0.0000000000e+00   3.5942667645e-01
   9.3430674247e+02   1.0918680850e-01   0.0000000000e+00   5.3138651505e-01   0.0000000000e+00   0.0000000000e+00   3.5942667645e-01
   9.3430674247e+02   1.0918680850e-01   0.0000000000e+00   5.3138651505e-01   0.0000000000e+00   0.0000000000e+00   3.5942667645e-01
   9.3449617347e+02   1.0927508324e-01   0.0000000000e+00   5.3100765305e-01   0.0000000000e+00   0.0000000000e+00   3.5971726371e-01
   9.3449617347e+02   1.0927508324e-01   0.0000000000e+00   5.3100765305e-01   0.0000000000e+00   0.0000000000e+00   3.5971726371e-01
   9.3449617347e+02   1.0927508324e-01   0.0000000000e+00   5.3100765305e-01   0.0000000000e+00   0.0000000000e+00   3.5971726371e-01
   9.3449617347e+02   1.0927508324e-01   0.0000000000e+00   5.3100765305e-01   0.0000000000e+00   0.0000000000e+00   3.5971726371e-01
   9.4664859692e+02   1.1493810564e-01   0.0000000000e+00   5.0670280616e-01   0.0000000000e+00   0.0000000000e+00   3.7835908819e-01
   9.4664859692e+02   1.1493810564e-01   0.0000000000e+00   5.0670280616e-01   0.0000000000e+00   0.0000000000e+00   3.7835908819e-01
   9.4664859692e+02   1.1493810564e-01   0.0000000000e+00   5.0670280616e-01   0.0000000000e+00   0.0000000000e+00   3.7835908819e-01
   9.4664859692e+02   1.1493810564e-01   0.0000000000e+00   5.0670280616e-01   0.0000000000e+00   0.0000000000e+00   3.7835908819e-01
   9.5654086485e+02   1.1954789686e-01   0.0000000000e+00   4.8691827030e-01   0.0000000000e+00   0.0000000000e+00   3.9353383284e-01
   9.5654086485e+02   1.1954789686e-01   0.0000000000e+00   4.8691827030e-01   0.0000000000e+00   0.0000000000e+00   3.9353383284e-01
   9.3675632898e+02   1.1032831442e-01   0.0000000000e+00   5.2648734203e-01   0.0000000000e+00   0.0000000000e+00   3.6318434355e-01
   9.3675632898e+02   1.1032831442e-01   0.0000000000e+00   5.2648734203e-01   0.0000000000e+00   0.0000000000e+00   3.6318434355e-01
   9.4428777854e+02   1.1383796562e-01   0.0000000000e+00   5.1142444293e-01   0.0000000000e+00   0.0000000000e+00   3.7473759145e-01
   9.4428777854e+02   1.1383796562e-01   0.0000000000e+00   5.1142444293e-01   0.0000000000e+00   0.0000000000e+00   3.7473759145e-01
   9.4428777854e+02   1.1383796562e-01   0.0000000000e+00   5.1142444293e-01   0.0000000000e+00   0.0000000000e+00   3.7473759145e-01
   9.4428777854e+02   1.1383796562e-01   0.0000000000e+00   5.1142444293e-01   0.0000000000e+00   0.0000000000e+00   3.7473759145e-01
   9.4428777854e+02   1.1383796562e-01   0.0000000000e+00   5.1142444293e-01   0.0000000000e+00   0.0000000000e+00   3.7473759145e-01
   9.4428777854e+02   1.1383796562e-01   0.0000000000e+00   5.1142444293e-01   0.0000000000e+00   0.0000000000e+00   3.7473759145e-01
   9.4428777854e+02   1.1383796562e-01   0.0000000000e+00   5.1142444293e-01   0.0000000000e+00   0.0000000000e+00   3.7473759145e-01
   9.4428777854e+02   1.1383796562e-01   0.0000000000e+00   5.1142444293e-01   0.0000000000e+00   0.0000000000e+00   3.7473759145e-01
   9.3888359993e+02   1.1131962147e-01   0.0000000000e+00   5.2223280014e-01   0.0000000000e+00   0.0000000000e+00   3.6644757839e-01
   9.3888359993e+02   1.1131962147e-01   0.0000000000e+00   5.2223280014e-01   0.0000000000e+00   0.0000000000e+00   3.6644757839e-01
   9.3888359993e+02   1.1131962147e-01   0.0000000000e+00   5.2223280014e-01   0.0000000000e+00   0.0000000000e+00   3.6644757839e-01
   9.3888359993e+02   1.1131962147e-01   0.0000000000e+00   5.2223280014e-01   0.0000000000e+00   0.0000000000e+00   3.6644757839e-01
   9.3888359993e+02   1.1131962147e-01   0.0000000000e+00   5.2223280014e-01   0.0000000000e+00   0.0000000000e+00   3.6644757839e-01
   9.3888359993e+02   1.1131962147e-01   0.0000000000e+00   5.2223280014e-01   0.0000000000e+00   0.0000000000e+00   3.6644757839e-01
   9.3888359993e+02   1.1131962147e-01   0.0000000000e+00   5.2223280014e-01   0.0000000000e+00   0.0000000000e+00   3.6644757839e-01
   9.3888359993e+02   1.1131962147e-01   0.0000000000e+00   5.2223280014e-01   0.0000000000e+00   0.0000000000e+00   3.6644757839e-01
   9.3832351776e+02   1.1105862350e-01   0.0000000000e+00   5.2335296447e-01   0.0000000000e+00   0.0000000000e+00   3.6558841203e-01
   9.3832351776e+02   1.1105862350e-01   0.0000000000e+00   5.2335296447e-01   0.0000000000e+00   0.0000000000e+00   3.6558841203e-01
   9.3832351776e+02   1.1105862350e-01   0.0000000000e+00   5.2335296447e-01   0.0000000000e+00   0.0000000000e+00   3.6558841203e-01
   9.3832351776e+02   1.1105862350e-01   0.0000000000e+00   5.2335296447e-01   0.0000000000e+00   0.0000000000e+00   3.6558841203e-01
   9.3832351776e+02   1.1105862350e-01   0.0000000000e+00   5.2335296447e-01   0.0000000000e+00   0.0000000000e+00   3.6558841203e-01
   9.3832351776e+02   1.1105862350e-01   0.0000000000e+00   5.2335296447e-01   0.0000000000e+00   0.0000000000e+00   3.6558841203e-01
   9.3832351776e+02   1.1105862350e-01   0.0000000000e+00   5.2335296447e-01   0.0000000000e+00   0.0000000000e+00   3.6558841203e-01
   9.3832351776e+02   1.1105862350e-01   0.0000000000e+00   5.2335296447e-01   0.0000000000e+00   0.0000000000e+00   3.6558841203e-01
   9.5060352712e+02   1.1678110086e-01   0.0000000000e+00   4.9879294576e-01   0.0000000000e+00   0.0000000000e+00   3.8442595337e-01
   9.5060352712e+02   1.1678110086e-01   0.0000000000e+00   4.9879294576e-01   0.0000000000e+00   0.0000000000e+00   3.8442595337e-01
   9.5421806420e+02   1.1846547308e-01   0.0000000000e+00   4.9156387160e-01   0.0000000000e+00   0.0000000000e+00   3.8997065532e-01
   9.5421806420e+02   1.1846547308e-01   0.0000000000e+00   4.9156387160e-01   0.0000000000e+00   0.0000000000e+00   3.8997065532e-01
   9.5421806420e+02   1.1846547308e-01   0.0000000000e+00   4.9156387160e-01   0.0000000000e+00   0.0000000000e+00   3.8997065532e-01
   9.5421806420e+02   1.1846547308e-01   0.0000000000e+00   4.9156387160e-01   0.0000000000e+00   0.0000000000e+00   3.8997065532e-01
   9.5783260128e+02   1.2014984530e-01   0.0000000000e+00   4.8433479744e-01   0.0000000000e+00   0.0000000000e+00   3.9551535726e-01
   9.5783260128e+02   1.2014984530e-01   0.0000000000e+00   4.8433479744e-01   0.0000000000e+00   0.0000000000e+00   3.9551535726e-01
   9.5348863807e+02   1.1812556092e-01   0.0000000000e+00   4.9302272385e-01   0.0000000000e+00   0.0000000000e+00   3.8885171522e-01
   9.5348863807e+02   1.1812556092e-01   0.0000000000e+00   4.9302272385e-01   0.0000000000e+00   0.0000000000e+00   3.8885171522e-01
   9.5348863807e+02   1.1812556092e-01   0.0000000000e+00   4.9302272385e-01   0.0000000000e+00   0.0000000000e+00   3.8885171522e-01
   9.5348863807e+02   1.1812556092e-01   0.0000000000e+00   4.9302272385e-01   0.0000000000e+00   0.0000000000e+00   3.8885171522e-01
   9.3987132197e+02   1.1177989938e-01   0.0000000000e+00   5.2025735606e-01   0.0000000000e+00   0.0000000000e+00   3.6796274456e-01
   9.3987132197e+02   1.1177989938e-01   0.0000000000e+00   5.2025735606e-01   0.0000000000e+00   0.0000000000e+00   3.6796274456e-01
   9.3987132197e+02   1.1177989938e-01   0.0000000000e+00   5.2025735606e-01   0.0000000000e+00   0.0000000000e+00   3.6796274456e-01
   9.3987132197e+02   1.1177989938e-01   0.0000000000e+00   5.2025735606e-01   0.0000000000e+00   0.0000000000e+00   3.6796274456e-01
   9.4119664534e+02   1.1239749931e-01   0.0000000000e+00   5.1760670932e-01   0.0000000000e+00   0.0000000000e+00   3.6999579137e-01
   9.4119664534e+02   1.1239749931e-01   0.0000000000e+00   5.1760670932e-01   0.0000000000e+00   0.0000000000e+00   3.6999579137e-01
   9.4119664534e+02   1.1239749931e-01   0.0000000000e+00   5.1760670932e-01   0.0000000000e+00   0.0000000000e+00   3.6999579137e-01
   9.4119664534e+02   1.1239749931e-01   0.0000000000e+00   5.1760670932e-01   0.0000000000e+00   0.0000000000e+00   3.6999579137e-01
   9.2683100746e+02   1.0570312025e-01   0.0000000000e+00   5.4633798508e-01   0.0000000000e+00   0.0000000000e+00   3.4795889467e-01
   9.2683100746e+02   1.0570312025e-01   0.0000000000e+00   5.4633798508e-01   0.0000000000e+00   0.0000000000e+00   3.4795889467e-01
   9.4406977292e+02   1.1373637513e-01   0.0000000000e+00   5.1186045417e-01   0.0000000000e+00   0.0000000000e+00   3.7440317070e-01
   9.4406977292e+02   1.1373637513e-01   0.0000000000e+00   5.1186045417e-01   0.0000000000e+00   0.0000000000e+00   3.7440317070e-01
   9.4981602807e+02   1.1641412675e-01   0.0000000000e+00   5.0036794386e-01   0.0000000000e+00   0.0000000000e+00   3.8321792938e-01
   9.4981602807e+02   1.1641412675e-01   0.0000000000e+00   5.0036794386e-01   0.0000000000e+00   0.0000000000e+00   3.8321792938e-01
   9.4981602807e+02   1.1641412675e-01   0.0000000000e+00   5.0036794386e-01   0.0000000000e+00   0.0000000000e+00   3.8321792938e-01
   9.4981602807e+02   1.1641412675e-01   0.0000000000e+00   5.0036794386e-01   0.0000000000e+00   0.0000000000e+00   3.8321792938e-01
   9.4981602807e+02   1.1641412675e-01   0.0000000000e+00   5.0036794386e-01   0.0000000000e+00   0.0000000000e+00   3.8321792938e-01
   9.4981602807e+02   1.1641412675e-01   0.0000000000e+00   5.0036794386e-01   0.0000000000e+00   0.0000000000e+00   3.8321792938e-01
   9.4981602807e+02   1.1641412675e-01   0.0000000000e+00   5.0036794386e-01   0.0000000000e+00   0.0000000000e+00   3.8321792938e-01
   9.4981602807e+02   1.1641412675e-01   0.0000000000e+00   5.0036794386e-01   0.0000000000e+00   0.0000000000e+00   3.8321792938e-01