# time = 27.5406
# Grid Poins = 256    variable_0    variable_1    variable_2    variable_3    variable_4    variable_5    variable_6
   9.4966019588e+02   1.1634150904e-01   0.0000000000e+00   5.0067960824e-01   0.0000000000e+00   0.0000000000e+00   3.8297888272e-01
   9.4966019588e+02   1.1634150904e-01   0.0000000000e+00   5.0067960824e-01   0.0000000000e+00   0.0000000000e+00   3.8297888272e-01
   9.5053965893e+02   1.1675133832e-01   0.0000000000e+00   4.9892068214e-01   0.0000000000e+00   0.0000000000e+00   3.8432797953e-01
   9.5053965893e+02   1.1675133832e-01   0.0000000000e+00   4.9892068214e-01   0.0000000000e+00   0.0000000000e+00   3.8432797953e-01
   9.5079880237e+02   1.1687209902e-01   0.0000000000e+00   4.9840239525e-01   0.0000000000e+00   0.0000000000e+00   3.8472550573e-01
   9.5079880237e+02   1.1687209902e-01   0.0000000000e+00   4.9840239525e-01   0.0000000000e+00   0.0000000000e+00   3.8472550573e-01
   9.5079880237e+02   1.1687209902e-01   0.0000000000e+00   4.9840239525e-01   0.0000000000e+00   0.0000000000e+00   3.8472550573e-01
   9.5079880237e+02   1.1687209902e-01   0.0000000000e+00   4.9840239525e-01   0.0000000000e+00   0.0000000000e+00   3.8472550573e-01
   9.5022949913e+02   1.1660680403e-01   0.0000000000e+00   4.9954100174e-01   0.0000000000e+00   0.0000000000e+00   3.8385219422e-01
   9.5022949913e+02   1.1660680403e-01   0.0000000000e+00   4.9954100174e-01   0.0000000000e+00   0.0000000000e+00   3.8385219422e-01
   9.5022949913e+02   1.1660680403e-01   0.0000000000e+00   4.9954100174e-01   0.0000000000e+00   0.0000000000e+00   3.8385219422e-01
   9.5022949913e+02   1.1660680403e-01   0.0000000000e+00   4.9954100174e-01   0.0000000000e+00   0.0000000000e+00   3.8385219422e-01
   9.5229858502e+02   1.1757099688e-01   0.0000000000e+00   4.9540282996e-01   0.0000000000e+00   0.0000000000e+00   3.8702617316e-01
   9.5229858502e+02   1.1757099688e-01   0.0000000000e+00   4.9540282996e-01   0.0000000000e+00   0.0000000000e+00   3.8702617316e-01
   9.5079880237e+02   1.1687209902e-01   0.0000000000e+00   4.9840239525e-01   0.0000000000e+00   0.0000000000e+00   3.8472550573e-01
   9.5079880237e+02   1.1687209902e-01   0.0000000000e+00   4.9840239525e-01   0.0000000000e+00   0.0000000000e+00   3.8472550573e-01
   9.5154869370e+02   1.1722154795e-01   0.0000000000e+00   4.9690261260e-01   0.0000000000e+00   0.0000000000e+00   3.8587583945e-01
   9.5154869370e+02   1.1722154795e-01   0.0000000000e+00   4.9690261260e-01   0.0000000000e+00   0.0000000000e+00   3.8587583945e-01
   9.5154869370e+02   1.1722154795e-01   0.0000000000e+00   4.9690261260e-01   0.0000000000e+00   0.0000000000e+00   3.8587583945e-01
   9.5154869370e+02   1.1722154795e-01   0.0000000000e+00   4.9690261260e-01   0.0000000000e+00   0.0000000000e+00   3.8587583945e-01
   9.5079880237e+02   1.1687209902e-01   0.0000000000e+00   4.9840239525e-01   0.0000000000e+00   0.0000000000e+00   3.8472550573e-01
   9.5079880237e+02   1.1687209902e-01   0.0000000000e+00   4.9840239525e-01   0.0000000000e+00   0.0000000000e+00   3.8472550573e-01
   9.4929901973e+02   1.1617320116e-01   0.0000000000e+00   5.0140196055e-01   0.0000000000e+00   0.0000000000e+00   3.8242483829e-01
   9.4929901973e+02   1.1617320116e-01   0.0000000000e+00   5.0140196055e-01   0.0000000000e+00   0.0000000000e+00   3.8242483829e-01
   9.5053965893e+02   1.1675133832e-01   0.0000000000e+00   4.9892068214e-01   0.0000000000e+00   0.0000000000e+00   3.8432797953e-01
   9.5053965893e+02   1.1675133832e-01   0.0000000000e+00   4.9892068214e-01   0.0000000000e+00   0.0000000000e+00   3.8432797953e-01
   9.5053965893e+02   1.1675133832e-01   0.0000000000e+00   4.9892068214e-01   0.0000000000e+00   0.0000000000e+00   3.8432797953e-01
   9.5053965893e+02   1.1675133832e-01   0.0000000000e+00   4.9892068214e-01   0.0000000000e+00   0.0000000000e+00   3.8432797953e-01
   9.5053965893e+02   1.1675133832e-01   0.0000000000e+00   4.9892068214e-01   0.0000000000e+00   0.0000000000e+00   3.8432797953e-01
   9.5053965893e+02   1.1675133832e-01   0.0000000000e+00   4.9892068214e-01   0.0000000000e+00   0.0000000000e+00   3.8432797953e-01
   9.5053965893e+02   1.1675133832e-01   0.0000000000e+00   4.9892068214e-01   0.0000000000e+00   0.0000000000e+00   3.8432797953e-01
   9.5053965893e+02   1.1675133832e-01   0.0000000000e+00   4.9892068214e-01   0.0000000000e+00   0.0000000000e+00   3.8432797953e-01
   9.4933334201e+02   1.1618919533e-01   0.0000000000e+00   5.0133331598e-01   0.0000000000e+00   0.0000000000e+00   3.8247748870e-01
   9.4933334201e+02   1.1618919533e-01   0.0000000000e+00   5.0133331598e-01   0.0000000000e+00   0.0000000000e+00   3.8247748870e-01
   9.4933334201e+02   1.1618919533e-01   0.0000000000e+00   5.0133331598e-01   0.0000000000e+00   0.0000000000e+00   3.8247748870e-01
   9.4933334201e+02   1.1618919533e-01   0.0000000000e+00   5.0133331598e-01   0.0000000000e+00   0.0000000000e+00   3.8247748870e-01
   9.4939052823e+02   1.1621584407e-01   0.0000000000e+00   5.0121894354e-01   0.0000000000e+00   0.0000000000e+00   3.8256521239e-01
   9.4939052823e+02   1.1621584407e-01   0.0000000000e+00   5.0121894354e-01   0.0000000000e+00   0.0000000000e+00   3.8256521239e-01
   9.4927615579e+02   1.1616254658e-01   0.0000000000e+00   5.0144768841e-01   0.0000000000e+00   0.0000000000e+00   3.8238976500e-01
   9.4927615579e+02   1.1616254658e-01   0.0000000000e+00   5.0144768841e-01   0.0000000000e+00   0.0000000000e+00   3.8238976500e-01
   9.5224516182e+02   1.1754610170e-01   0.0000000000e+00   4.9550967636e-01   0.0000000000e+00   0.0000000000e+00   3.8694422194e-01
   9.5224516182e+02   1.1754610170e-01   0.0000000000e+00   4.9550967636e-01   0.0000000000e+00   0.0000000000e+00   3.8694422194e-01
   9.5224516182e+02   1.1754610170e-01   0.0000000000e+00   4.9550967636e-01   0.0000000000e+00   0.0000000000e+00   3.8694422194e-01
   9.5224516182e+02   1.1754610170e-01   0.0000000000e+00   4.9550967636e-01   0.0000000000e+00   0.0000000000e+00   3.8694422194e-01
   9.5224516182e+02   1.1754610170e-01   0.0000000000e+00   4.9550967636e-01   0.0000000000e+00   0.0000000000e+00   3.8694422194e-01
   9.5224516182e+02   1.1754610170e-01   0.0000000000e+00   4.9550967636e-01   0.0000000000e+00   0.0000000000e+00   3.8694422194e-01
   9.5224516182e+02   1.1754610170e-01   0.0000000000e+00   4.9550967636e-01   0.0000000000e+00   0.0000000000e+00   3.8694422194e-01
   9.5224516182e+02   1.1754610170e-01   0.0000000000e+00   4.9550967636e-01   0.0000000000e+00   0.0000000000e+00   3.8694422194e-01
   9.5224427033e+02   1.1754568626e-01   0.0000000000e+00   4.9551145935e-01   0.0000000000e+00   0.0000000000e+00   3.8694285439e-01
   9.5224427033e+02   1.1754568626e-01   0.0000000000e+00   4.9551145935e-01   0.0000000000e+00   0.0000000000e+00   3.8694285439e-01
   9.5224427033e+02   1.1754568626e-01   0.0000000000e+00   4.9551145935e-01   0.0000000000e+00   0.0000000000e+00   3.8694285439e-01
   9.5224427033e+02   1.1754568626e-01   0.0000000000e+00   4.9551145935e-01   0.0000000000e+00   0.0000000000e+00   3.8694285439e-01
   9.5224605331e+02   1.1754651713e-01   0.0000000000e+00   4.9550789337e-01   0.0000000000e+00   0.0000000000e+00   3.8694558949e-01
   9.5224605331e+02   1.1754651713e-01   0.0000000000e+00   4.9550789337e-01   0.0000000000e+00   0.0000000000e+00   3.8694558949e-01
   9.5224605331e+02   1.1754651713e-01   0.0000000000e+00   4.9550789337e-01   0.0000000000e+00   0.0000000000e+00   3.8694558949e-01
   9.5224605331e+02   1.1754651713e-01   0.0000000000e+00   4.9550789337e-01   0.0000000000e+00   0.0000000000e+00   3.8694558949e-01
   9.4927615579e+02   1.1616254658e-01   0.0000000000e+00   5.0144768841e-01   0.0000000000e+00   0.0000000000e+00   3.8238976500e-01
   9.4927615579e+02   1.1616254658e-01   0.0000000000e+00   5.0144768841e-01   0.0000000000e+00   0.0000000000e+00   3.8238976500e-01
   9.4927615579e+02   1.1616254658e-01   0.0000000000e+00   5.0144768841e-01   0.0000000000e+00   0.0000000000e+00   3.8238976500e-01
   9.4927615579e+02   1.1616254658e-01   0.0000000000e+00   5.0144768841e-01   0.0000000000e+00   0.0000000000e+00   3.8238976500e-01
   9.4927475528e+02   1.1616189395e-01   0.0000000000e+00   5.0145048943e-01   0.0000000000e+00   0.0000000000e+00   3.8238761662e-01
   9.4927475528e+02   1.1616189395e-01   0.0000000000e+00   5.0145048943e-01   0.0000000000e+00   0.0000000000e+00   3.8238761662e-01
   9.4927475528e+02   1.1616189395e-01   0.0000000000e+00   5.0145048943e-01   0.0000000000e+00   0.0000000000e+00   3.8238761662e-01
   9.4927475528e+02   1.1616189395e-01   0.0000000000e+00   5.0145048943e-01   0.0000000000e+00   0.0000000000e+00   3.8238761662e-01
   9.4730894635e+02   1.1524582810e-01   0.0000000000e+00   5.0538210730e-01   0.0000000000e+00   0.0000000000e+00   3.7937206460e-01
   9.4730894635e+02   1.1524582810e-01   0.0000000000e+00   5.0538210730e-01   0.0000000000e+00   0.0000000000e+00   3.7937206460e-01
   9.4712512191e+02   1.1516016602e-01   0.0000000000e+00   5.0574975619e-01   0.0000000000e+00   0.0000000000e+00   3.7909007780e-01
   9.4712512191e+02   1.1516016602e-01   0.0000000000e+00   5.0574975619e-01   0.0000000000e+00   0.0000000000e+00   3.7909007780e-01
   9.4712512191e+02   1.1516016602e-01   0.0000000000e+00   5.0574975619e-01   0.0000000000e+00   0.0000000000e+00   3.7909007780e-01
   9.4712512191e+02   1.1516016602e-01   0.0000000000e+00   5.0574975619e-01   0.0000000000e+00   0.0000000000e+00   3.7909007780e-01
   9.4767659524e+02   1.1541715228e-01   0.0000000000e+00   5.0464680952e-01   0.0000000000e+00   0.0000000000e+00   3.7993603821e-01
   9.4767659524e+02   1.1541715228e-01   0.0000000000e+00   5.0464680952e-01   0.0000000000e+00   0.0000000000e+00   3.7993603821e-01
   9.4806931623e+02   1.1560016003e-01   0.0000000000e+00   5.0386136754e-01   0.0000000000e+00   0.0000000000e+00   3.8053847243e-01
   9.4806931623e+02   1.1560016003e-01   0.0000000000e+00   5.0386136754e-01   0.0000000000e+00   0.0000000000e+00   3.8053847243e-01
   9.4806931623e+02   1.1560016003e-01   0.0000000000e+00   5.0386136754e-01   0.0000000000e+00   0.0000000000e+00   3.8053847243e-01
   9.4806931623e+02   1.1560016003e-01   0.0000000000e+00   5.0386136754e-01   0.0000000000e+00   0.0000000000e+00   3.8053847243e-01
   9.4806931623e+02   1.1560016003e-01   0.0000000000e+00   5.0386136754e-01   0.0000000000e+00   0.0000000000e+00   3.8053847243e-01
   9.4806931623e+02   1.1560016003e-01   0.0000000000e+00   5.0386136754e-01   0.0000000000e+00   0.0000000000e+00   3.8053847243e-01
   9.4806931623e+02   1.1560016003e-01   0.0000000000e+00   5.0386136754e-01   0.0000000000e+00   0.0000000000e+00   3.8053847243e-01
   9.4806931623e+02   1.1560016003e-01   0.0000000000e+00   5.0386136754e-01   0.0000000000e+00   0.0000000000e+00   3.8053847243e-01
   9.4732791619e+02   1.1525466804e-01   0.0000000000e+00   5.0534416761e-01   0.0000000000e+00   0.0000000000e+00   3.7940116435e-01
   9.4732791619e+02   1.1525466804e-01   0.0000000000e+00   5.0534416761e-01   0.0000000000e+00   0.0000000000e+00   3.7940116435e-01
   9.4769861621e+02   1.1542741404e-01   0.0000000000e+00   5.0460276758e-01   0.0000000000e+00   0.0000000000e+00   3.7996981839e-01
   9.4769861621e+02   1.1542741404e-01   0.0000000000e+00   5.0460276758e-01   0.0000000000e+00   0.0000000000e+00   3.7996981839e-01
   9.4806931623e+02   1.1560016003e-01   0.0000000000e+00   5.0386136754e-01   0.0000000000e+00   0.0000000000e+00   3.8053847243e-01
   9.4806931623e+02   1.1560016003e-01   0.0000000000e+00   5.0386136754e-01   0.0000000000e+00   0.0000000000e+00   3.8053847243e-01
   9.4769861621e+02   1.1542741404e-01   0.0000000000e+00   5.0460276758e-01   0.0000000000e+00   0.0000000000e+00   3.7996981839e-01
   9.4769861621e+02   1.1542741404e-01   0.0000000000e+00   5.0460276758e-01   0.0000000000e+00   0.0000000000e+00   3.7996981839e-01
   9.4730894635e+02   1.1524582810e-01   0.0000000000e+00   5.0538210730e-01   0.0000000000e+00   0.0000000000e+00   3.7937206460e-01
   9.4730894635e+02   1.1524582810e-01   0.0000000000e+00   5.0538210730e-01   0.0000000000e+00   0.0000000000e+00   3.7937206460e-01
   9.4730894635e+02   1.1524582810e-01   0.0000000000e+00   5.0538210730e-01   0.0000000000e+00   0.0000000000e+00   3.7937206460e-01
   9.4730894635e+02   1.1524582810e-01   0.0000000000e+00   5.0538210730e-01   0.0000000000e+00   0.0000000000e+00   3.7937206460e-01
   9.4730894635e+02   1.1524582810e-01   0.0000000000e+00   5.0538210730e-01   0.0000000000e+00   0.0000000000e+00   3.7937206460e-01
   9.4730894635e+02   1.1524582810e-01   0.0000000000e+00   5.0538210730e-01   0.0000000000e+00   0.0000000000e+00   3.7937206460e-01
   9.4730894635e+02   1.1524582810e-01   0.0000000000e+00   5.0538210730e-01   0.0000000000e+00   0.0000000000e+00   3.7937206460e-01
   9.4730894635e+02   1.1524582810e-01   0.0000000000e+00   5.0538210730e-01   0.0000000000e+00   0.0000000000e+00   3.7937206460e-01
   9.4732791619e+02   1.1525466804e-01   0.0000000000e+00   5.0534416761e-01   0.0000000000e+00   0.0000000000e+00   3.7940116435e-01
   9.4732791619e+02   1.1525466804e-01   0.0000000000e+00   5.0534416761e-01   0.0000000000e+00   0.0000000000e+00   3.7940116435e-01
   9.4772356129e+02   1.1543903843e-01   0.0000000000e+00   5.0455287742e-01   0.0000000000e+00   0.0000000000e+00   3.8000808415e-01
   9.4772356129e+02   1.1543903843e-01   0.0000000000e+00   5.0455287742e-01   0.0000000000e+00   0.0000000000e+00   3.8000808415e-01
   9.4772356129e+02   1.1543903843e-01   0.0000000000e+00   5.0455287742e-01   0.0000000000e+00   0.0000000000e+00   3.8000808415e-01
   9.4772356129e+02   1.1543903843e-01   0.0000000000e+00   5.0455287742e-01   0.0000000000e+00   0.0000000000e+00   3.8000808415e-01
   9.4732791619e+02   1.1525466804e-01   0.0000000000e+00   5.0534416761e-01   0.0000000000e+00   0.0000000000e+00   3.7940116435e-01
   9.4732791619e+02   1.1525466804e-01   0.0000000000e+00   5.0534416761e-01   0.0000000000e+00   0.0000000000e+00   3.7940116435e-01
   9.4755068382e+02   1.1535847762e-01   0.0000000000e+00   5.0489863237e-01   0.0000000000e+00   0.0000000000e+00   3.7974289001e-01
   9.4755068382e+02   1.1535847762e-01   0.0000000000e+00   5.0489863237e-01   0.0000000000e+00   0.0000000000e+00   3.7974289001e-01
   9.4755068382e+02   1.1535847762e-01   0.0000000000e+00   5.0489863237e-01   0.0000000000e+00   0.0000000000e+00   3.7974289001e-01
   9.4755068382e+02   1.1535847762e-01   0.0000000000e+00   5.0489863237e-01   0.0000000000e+00   0.0000000000e+00   3.7974289001e-01
   9.4737780635e+02   1.1527791682e-01   0.0000000000e+00   5.0524438731e-01   0.0000000000e+00   0.0000000000e+00   3.7947769587e-01
   9.4737780635e+02   1.1527791682e-01   0.0000000000e+00   5.0524438731e-01   0.0000000000e+00   0.0000000000e+00   3.7947769587e-01
   9.4772356129e+02   1.1543903843e-01   0.0000000000e+00   5.0455287742e-01   0.0000000000e+00   0.0000000000e+00   3.8000808415e-01
   9.4772356129e+02   1.1543903843e-01   0.0000000000e+00   5.0455287742e-01   0.0000000000e+00   0.0000000000e+00   3.8000808415e-01
   9.4727158663e+02   1.1522841849e-01   0.0000000000e+00   5.0545682675e-01   0.0000000000e+00   0.0000000000e+00   3.7931475476e-01
   9.4727158663e+02   1.1522841849e-01   0.0000000000e+00   5.0545682675e-01   0.0000000000e+00   0.0000000000e+00   3.7931475476e-01
   9.4727158663e+02   1.1522841849e-01   0.0000000000e+00   5.0545682675e-01   0.0000000000e+00   0.0000000000e+00   3.7931475476e-01
   9.4727158663e+02   1.1522841849e-01   0.0000000000e+00   5.0545682675e-01   0.0000000000e+00   0.0000000000e+00   3.7931475476e-01
   9.4726814045e+02   1.1522681258e-01   0.0000000000e+00   5.0546371910e-01   0.0000000000e+00   0.0000000000e+00   3.7930946833e-01
   9.4726814045e+02   1.1522681258e-01   0.0000000000e+00   5.0546371910e-01   0.0000000000e+00   0.0000000000e+00   3.7930946833e-01
   9.4726814045e+02   1.1522681258e-01   0.0000000000e+00   5.0546371910e-01   0.0000000000e+00   0.0000000000e+00   3.7930946833e-01
   9.4726814045e+02   1.1522681258e-01   0.0000000000e+00   5.0546371910e-01   0.0000000000e+00   0.0000000000e+00   3.7930946833e-01
   9.4727158663e+02   1.1522841849e-01   0.0000000000e+00   5.0545682675e-01   0.0000000000e+00   0.0000000000e+00   3.7931475476e-01
   9.4727158663e+02   1.1522841849e-01   0.0000000000e+00   5.0545682675e-01   0.0000000000e+00   0.0000000000e+00   3.7931475476e-01
   9.4727158663e+02   1.1522841849e-01   0.0000000000e+00   5.0545682675e-01   0.0000000000e+00   0.0000000000e+00   3.7931475476e-01
   9.4727158663e+02   1.1522841849e-01   0.0000000000e+00   5.0545682675e-01   0.0000000000e+00   0.0000000000e+00   3.7931475476e-01
   9.4727503280e+02   1.1523002441e-01   0.0000000000e+00   5.0544993440e-01   0.0000000000e+00   0.0000000000e+00   3.7932004119e-01
   9.4727503280e+02   1.1523002441e-01   0.0000000000e+00   5.0544993440e-01   0.0000000000e+00   0.0000000000e+00   3.7932004119e-01
   9.4727503280e+02   1.1523002441e-01   0.0000000000e+00   5.0544993440e-01   0.0000000000e+00   0.0000000000e+00   3.7932004119e-01
   9.4727503280e+02   1.1523002441e-01   0.0000000000e+00   5.0544993440e-01   0.0000000000e+00   0.0000000000e+00   3.7932004119e-01
   9.5066901211e+02   1.1681161683e-01   0.0000000000e+00   4.9866197578e-01   0.0000000000e+00   0.0000000000e+00   3.8452640739e-01
   9.5066901211e+02   1.1681161683e-01   0.0000000000e+00   4.9866197578e-01   0.0000000000e+00   0.0000000000e+00   3.8452640739e-01
   9.5066901211e+02   1.1681161683e-01   0.0000000000e+00   4.9866197578e-01   0.0000000000e+00   0.0000000000e+00   3.8452640739e-01
   9.5066901211e+02   1.1681161683e-01   0.0000000000e+00   4.9866197578e-01   0.0000000000e+00   0.0000000000e+00   3.8452640739e-01
   9.5066901211e+02   1.1681161683e-01   0.0000000000e+00   4.9866197578e-01   0.0000000000e+00   0.0000000000e+00   3.8452640739e-01
   9.5066901211e+02   1.1681161683e-01   0.0000000000e+00   4.9866197578e-01   0.0000000000e+00   0.0000000000e+00   3.8452640739e-01
   9.5066901211e+02   1.1681161683e-01   0.0000000000e+00   4.9866197578e-01   0.0000000000e+00   0.0000000000e+00   3.8452640739e-01
   9.5066901211e+02   1.1681161683e-01   0.0000000000e+00   4.9866197578e-01   0.0000000000e+00   0.0000000000e+00   3.8452640739e-01
   9.5072855893e+02   1.1683936562e-01   0.0000000000e+00   4.9854288213e-01   0.0000000000e+00   0.0000000000e+00   3.8461775225e-01
   9.5072855893e+02   1.1683936562e-01   0.0000000000e+00   4.9854288213e-01   0.0000000000e+00   0.0000000000e+00   3.8461775225e-01
   9.4705250846e+02   1.1512632819e-01   0.0000000000e+00   5.0589498309e-01   0.0000000000e+00   0.0000000000e+00   3.7897868872e-01
   9.4705250846e+02   1.1512632819e-01   0.0000000000e+00   5.0589498309e-01   0.0000000000e+00   0.0000000000e+00   3.7897868872e-01
   9.5256658417e+02   1.1769588433e-01   0.0000000000e+00   4.9486683166e-01   0.0000000000e+00   0.0000000000e+00   3.8743728401e-01
   9.5256658417e+02   1.1769588433e-01   0.0000000000e+00   4.9486683166e-01   0.0000000000e+00   0.0000000000e+00   3.8743728401e-01
   9.5256658417e+02   1.1769588433e-01   0.0000000000e+00   4.9486683166e-01   0.0000000000e+00   0.0000000000e+00   3.8743728401e-01
   9.5256658417e+02   1.1769588433e-01   0.0000000000e+00   4.9486683166e-01   0.0000000000e+00   0.0000000000e+00   3.8743728401e-01
   9.5075810391e+02   1.1685313356e-01   0.0000000000e+00   4.9848379218e-01   0.0000000000e+00   0.0000000000e+00   3.8466307426e-01
   9.5075810391e+02   1.1685313356e-01   0.0000000000e+00   4.9848379218e-01   0.0000000000e+00   0.0000000000e+00   3.8466307426e-01
   9.5075810391e+02   1.1685313356e-01   0.0000000000e+00   4.9848379218e-01   0.0000000000e+00   0.0000000000e+00   3.8466307426e-01
   9.5075810391e+02   1.1685313356e-01   0.0000000000e+00   4.9848379218e-01   0.0000000000e+00   0.0000000000e+00   3.8466307426e-01
   9.5075810391e+02   1.1685313356e-01   0.0000000000e+00   4.9848379218e-01   0.0000000000e+00   0.0000000000e+00   3.8466307426e-01
   9.5075810391e+02   1.1685313356e-01   0.0000000000e+00   4.9848379218e-01   0.0000000000e+00   0.0000000000e+00   3.8466307426e-01
   9.5075810391e+02   1.1685313356e-01   0.0000000000e+00   4.9848379218e-01   0.0000000000e+00   0.0000000000e+00   3.8466307426e-01
   9.5075810391e+02   1.1685313356e-01   0.0000000000e+00   4.9848379218e-01   0.0000000000e+00   0.0000000000e+00   3.8466307426e-01
   9.5213090685e+02   1.1749285895e-01   0.0000000000e+00   4.9573818630e-01   0.0000000000e+00   0.0000000000e+00   3.8676895475e-01
   9.5213090685e+02   1.1749285895e-01   0.0000000000e+00   4.9573818630e-01   0.0000000000e+00   0.0000000000e+00   3.8676895475e-01
   9.5249045557e+02   1.1766040845e-01   0.0000000000e+00   4.9501908886e-01   0.0000000000e+00   0.0000000000e+00   3.8732050269e-01
   9.5249045557e+02   1.1766040845e-01   0.0000000000e+00   4.9501908886e-01   0.0000000000e+00   0.0000000000e+00   3.8732050269e-01
   9.5213090685e+02   1.1749285895e-01   0.0000000000e+00   4.9573818630e-01   0.0000000000e+00   0.0000000000e+00   3.8676895475e-01
   9.5213090685e+02   1.1749285895e-01   0.0000000000e+00   4.9573818630e-01   0.0000000000e+00   0.0000000000e+00   3.8676895475e-01
   9.5177135813e+02   1.1732530945e-01   0.0000000000e+00   4.9645728374e-01   0.0000000000e+00   0.0000000000e+00   3.8621740681e-01
   9.5177135813e+02   1.1732530945e-01   0.0000000000e+00   4.9645728374e-01   0.0000000000e+00   0.0000000000e+00   3.8621740681e-01
   9.5009547274e+02   1.1654434781e-01   0.0000000000e+00   4.9980905451e-01   0.0000000000e+00   0.0000000000e+00   3.8364659767e-01
   9.5009547274e+02   1.1654434781e-01   0.0000000000e+00   4.9980905451e-01   0.0000000000e+00   0.0000000000e+00   3.8364659767e-01
   9.5061887606e+02   1.1678825346e-01   0.0000000000e+00   4.9876224788e-01   0.0000000000e+00   0.0000000000e+00   3.8444949866e-01
   9.5061887606e+02   1.1678825346e-01   0.0000000000e+00   4.9876224788e-01   0.0000000000e+00   0.0000000000e+00   3.8444949866e-01
   9.5009547274e+02   1.1654434781e-01   0.0000000000e+00   4.9980905451e-01   0.0000000000e+00   0.0000000000e+00   3.8364659767e-01
   9.5009547274e+02   1.1654434781e-01   0.0000000000e+00   4.9980905451e-01   0.0000000000e+00   0.0000000000e+00   3.8364659767e-01
   9.5061887606e+02   1.1678825346e-01   0.0000000000e+00   4.9876224788e-01   0.0000000000e+00   0.0000000000e+00   3.8444949866e-01
   9.5061887606e+02   1.1678825346e-01   0.0000000000e+00   4.9876224788e-01   0.0000000000e+00   0.0000000000e+00   3.8444949866e-01
   9.5428154578e+02   1.1849505547e-01   0.0000000000e+00   4.9143690844e-01   0.0000000000e+00   0.0000000000e+00   3.9006803610e-01
   9.5428154578e+02   1.1849505547e-01   0.0000000000e+00   4.9143690844e-01   0.0000000000e+00   0.0000000000e+00   3.9006803610e-01
   9.5443203605e+02   1.1856518384e-01   0.0000000000e+00   4.9113592790e-01   0.0000000000e+00   0.0000000000e+00   3.9029888825e-01
   9.5443203605e+02   1.1856518384e-01   0.0000000000e+00   4.9113592790e-01   0.0000000000e+00   0.0000000000e+00   3.9029888825e-01
   9.5443203605e+02   1.1856518384e-01   0.0000000000e+00   4.9113592790e-01   0.0000000000e+00   0.0000000000e+00   3.9029888825e-01
   9.5443203605e+02   1.1856518384e-01   0.0000000000e+00   4.9113592790e-01   0.0000000000e+00   0.0000000000e+00   3.9029888825e-01
   9.5428154578e+02   1.1849505547e-01   0.0000000000e+00   4.9143690844e-01   0.0000000000e+00   0.0000000000e+00   3.9006803610e-01
   9.5428154578e+02   1.1849505547e-01   0.0000000000e+00   4.9143690844e-01   0.0000000000e+00   0.0000000000e+00   3.9006803610e-01
   9.4666838694e+02   1.1494732778e-01   0.0000000000e+00   5.0666322611e-01   0.0000000000e+00   0.0000000000e+00   3.7838944610e-01
   9.4666838694e+02   1.1494732778e-01   0.0000000000e+00   5.0666322611e-01   0.0000000000e+00   0.0000000000e+00   3.7838944610e-01
   9.4666838694e+02   1.1494732778e-01   0.0000000000e+00   5.0666322611e-01   0.0000000000e+00   0.0000000000e+00   3.7838944610e-01
   9.4666838694e+02   1.1494732778e-01   0.0000000000e+00   5.0666322611e-01   0.0000000000e+00   0.0000000000e+00   3.7838944610e-01
   9.5166197157e+02   1.1727433538e-01   0.0000000000e+00   4.9667605685e-01   0.0000000000e+00   0.0000000000e+00   3.8604960777e-01
   9.5166197157e+02   1.1727433538e-01   0.0000000000e+00   4.9667605685e-01   0.0000000000e+00   0.0000000000e+00   3.8604960777e-01
   9.5166197157e+02   1.1727433538e-01   0.0000000000e+00   4.9667605685e-01   0.0000000000e+00   0.0000000000e+00   3.8604960777e-01
   9.5166197157e+02   1.1727433538e-01   0.0000000000e+00   4.9667605685e-01   0.0000000000e+00   0.0000000000e+00   3.8604960777e-01
   9.5166197157e+02   1.1727433538e-01   0.0000000000e+00   4.9667605685e-01   0.0000000000e+00   0.0000000000e+00   3.8604960777e-01
   9.5166197157e+02   1.1727433538e-01   0.0000000000e+00   4.9667605685e-01   0.0000000000e+00   0.0000000000e+00   3.8604960777e-01
   9.5166197157e+02   1.1727433538e-01   0.0000000000e+00   4.9667605685e-01   0.0000000000e+00   0.0000000000e+00   3.8604960777e-01
   9.5166197157e+02   1.1727433538e-01   0.0000000000e+00   4.9667605685e-01   0.0000000000e+00   0.0000000000e+00   3.8604960777e-01
   9.4666838694e+02   1.1494732778e-01   0.0000000000e+00   5.0666322611e-01   0.0000000000e+00   0.0000000000e+00   3.7838944610e-01
   9.4666838694e+02   1.1494732778e-01   0.0000000000e+00   5.0666322611e-01   0.0000000000e+00   0.0000000000e+00   3.7838944610e-01
   9.4666838694e+02   1.1494732778e-01   0.0000000000e+00   5.0666322611e-01   0.0000000000e+00   0.0000000000e+00   3.7838944610e-01
   9.4666838694e+02   1.1494732778e-01   0.0000000000e+00   5.0666322611e-01   0.0000000000e+00   0.0000000000e+00   3.7838944610e-01
   9.5428694261e+02   1.1849757038e-01   0.0000000000e+00   4.9142611478e-01   0.0000000000e+00   0.0000000000e+00   3.9007631484e-01
   9.5428694261e+02   1.1849757038e-01   0.0000000000e+00   4.9142611478e-01   0.0000000000e+00   0.0000000000e+00   3.9007631484e-01
   9.5428694261e+02   1.1849757038e-01   0.0000000000e+00   4.9142611478e-01   0.0000000000e+00   0.0000000000e+00   3.9007631484e-01
   9.5428694261e+02   1.1849757038e-01   0.0000000000e+00   4.9142611478e-01   0.0000000000e+00   0.0000000000e+00   3.9007631484e-01
   9.5428694261e+02   1.1849757038e-01   0.0000000000e+00   4.9142611478e-01   0.0000000000e+00   0.0000000000e+00   3.9007631484e-01
   9.5428694261e+02   1.1849757038e-01   0.0000000000e+00   4.9142611478e-01   0.0000000000e+00   0.0000000000e+00   3.9007631484e-01
   9.5428694261e+02   1.1849757038e-01   0.0000000000e+00   4.9142611478e-01   0.0000000000e+00   0.0000000000e+00   3.9007631484e-01
   9.5428694261e+02   1.1849757038e-01   0.0000000000e+00   4.9142611478e-01   0.0000000000e+00   0.0000000000e+00   3.9007631484e-01
   9.4736829278e+02   1.1527348351e-01   0.0000000000e+00   5.0526341444e-01   0.0000000000e+00   0.0000000000e+00   3.7946310206e-01
   9.4736829278e+02   1.1527348351e-01   0.0000000000e+00   5.0526341444e-01   0.0000000000e+00   0.0000000000e+00   3.7946310206e-01
   9.4736829278e+02   1.1527348351e-01   0.0000000000e+00   5.0526341444e-01   0.0000000000e+00   0.0000000000e+00   3.7946310206e-01
   9.4736829278e+02   1.1527348351e-01   0.0000000000e+00   5.0526341444e-01   0.0000000000e+00   0.0000000000e+00   3.7946310206e-01
   9.4693601122e+02   1.1507204054e-01   0.0000000000e+00   5.0612797756e-01   0.0000000000e+00   0.0000000000e+00   3.7879998190e-01
   9.4693601122e+02   1.1507204054e-01   0.0000000000e+00   5.0612797756e-01   0.0000000000e+00   0.0000000000e+00   3.7879998190e-01
   9.4693601122e+02   1.1507204054e-01   0.0000000000e+00   5.0612797756e-01   0.0000000000e+00   0.0000000000e+00   3.7879998190e-01
   9.4693601122e+02   1.1507204054e-01   0.0000000000e+00   5.0612797756e-01   0.0000000000e+00   0.0000000000e+00   3.7879998190e-01
   9.5281827282e+02   1.1781317110e-01   0.0000000000e+00   4.9436345435e-01   0.0000000000e+00   0.0000000000e+00   3.8782337455e-01
   9.5281827282e+02   1.1781317110e-01   0.0000000000e+00   4.9436345435e-01   0.0000000000e+00   0.0000000000e+00   3.8782337455e-01
   9.5281827282e+02   1.1781317110e-01   0.0000000000e+00   4.9436345435e-01   0.0000000000e+00   0.0000000000e+00   3.8782337455e-01
   9.5281827282e+02   1.1781317110e-01   0.0000000000e+00   4.9436345435e-01   0.0000000000e+00   0.0000000000e+00   3.8782337455e-01
   9.5343039097e+02   1.1809841781e-01   0.0000000000e+00   4.9313921807e-01   0.0000000000e+00   0.0000000000e+00   3.8876236413e-01
   9.5343039097e+02   1.1809841781e-01   0.0000000000e+00   4.9313921807e-01   0.0000000000e+00   0.0000000000e+00   3.8876236413e-01
   9.5343039097e+02   1.1809841781e-01   0.0000000000e+00   4.9313921807e-01   0.0000000000e+00   0.0000000000e+00   3.8876236413e-01
   9.5343039097e+02   1.1809841781e-01   0.0000000000e+00   4.9313921807e-01   0.0000000000e+00   0.0000000000e+00   3.8876236413e-01
   9.5491513486e+02   1.1879030761e-01   0.0000000000e+00   4.9016973029e-01   0.0000000000e+00   0.0000000000e+00   3.9103996210e-01
   9.5491513486e+02   1.1879030761e-01   0.0000000000e+00   4.9016973029e-01   0.0000000000e+00   0.0000000000e+00   3.9103996210e-01
   9.5491513486e+02   1.1879030761e-01   0.0000000000e+00   4.9016973029e-01   0.0000000000e+00   0.0000000000e+00   3.9103996210e-01
   9.5491513486e+02   1.1879030761e-01   0.0000000000e+00   4.9016973029e-01   0.0000000000e+00   0.0000000000e+00   3.9103996210e-01
   9.5491513486e+02   1.1879030761e-01   0.0000000000e+00   4.9016973029e-01   0.0000000000e+00   0.0000000000e+00   3.9103996210e-01
   9.5491513486e+02   1.1879030761e-01   0.0000000000e+00   4.9016973029e-01   0.0000000000e+00   0.0000000000e+00   3.9103996210e-01
   9.5491513486e+02   1.1879030761e-01   0.0000000000e+00   4.9016973029e-01   0.0000000000e+00   0.0000000000e+00   3.9103996210e-01
   9.5491513486e+02   1.1879030761e-01   0.0000000000e+00   4.9016973029e-01   0.0000000000e+00   0.0000000000e+00   3.9103996210e-01
   9.4893806741e+02   1.1600499759e-01   0.0000000000e+00   5.0212386519e-01   0.0000000000e+00   0.0000000000e+00   3.8187113723e-01
   9.4893806741e+02   1.1600499759e-01   0.0000000000e+00   5.0212386519e-01   0.0000000000e+00   0.0000000000e+00   3.8187113723e-01
   9.4893806741e+02   1.1600499759e-01   0.0000000000e+00   5.0212386519e-01   0.0000000000e+00   0.0000000000e+00   3.8187113723e-01
   9.4893806741e+02   1.1600499759e-01   0.0000000000e+00   5.0212386519e-01   0.0000000000e+00   0.0000000000e+00   3.8187113723e-01
   9.4893806741e+02   1.1600499759e-01   0.0000000000e+00   5.0212386519e-01   0.0000000000e+00   0.0000000000e+00   3.8187113723e-01
   9.4893806741e+02   1.1600499759e-01   0.0000000000e+00   5.0212386519e-01   0.0000000000e+00   0.0000000000e+00   3.8187113723e-01
   9.4893806741e+02   1.1600499759e-01   0.0000000000e+00   5.0212386519e-01   0.0000000000e+00   0.0000000000e+00   3.8187113723e-01
   9.4893806741e+02   1.1600499759e-01   0.0000000000e+00   5.0212386519e-01   0.0000000000e+00   0.0000000000e+00   3.8187113723e-01
   9.4812937334e+02   1.1562814661e-01   0.0000000000e+00   5.0374125333e-01   0.0000000000e+00   0.0000000000e+00   3.8063060006e-01
   9.4812937334e+02   1.1562814661e-01   0.0000000000e+00   5.0374125333e-01   0.0000000000e+00   0.0000000000e+00   3.8063060006e-01
   9.4812937334e+02   1.1562814661e-01   0.0000000000e+00   5.0374125333e-01   0.0000000000e+00   0.0000000000e+00   3.8063060006e-01
   9.4812937334e+02   1.1562814661e-01   0.0000000000e+00   5.0374125333e-01   0.0000000000e+00   0.0000000000e+00   3.8063060006e-01
   9.4692681920e+02   1.1506775707e-01   0.0000000000e+00   5.0614636160e-01   0.0000000000e+00   0.0000000000e+00   3.7878588133e-01
   9.4692681920e+02   1.1506775707e-01   0.0000000000e+00   5.0614636160e-01   0.0000000000e+00   0.0000000000e+00   3.7878588133e-01
   9.4933192747e+02   1.1618853615e-01   0.0000000000e+00   5.0133614506e-01   0.0000000000e+00   0.0000000000e+00   3.8247531879e-01
   9.4933192747e+02   1.1618853615e-01   0.0000000000e+00   5.0133614506e-01   0.0000000000e+00   0.0000000000e+00   3.8247531879e-01
   9.4838110520e+02   1.1574545351e-01   0.0000000000e+00   5.0323778961e-01   0.0000000000e+00   0.0000000000e+00   3.8101675688e-01
   9.4838110520e+02   1.1574545351e-01   0.0000000000e+00   5.0323778961e-01   0.0000000000e+00   0.0000000000e+00   3.8101675688e-01
   9.5139930147e+02   1.1715193126e-01   0.0000000000e+00   4.9720139707e-01   0.0000000000e+00   0.0000000000e+00   3.8564667168e-01
   9.5139930147e+02   1.1715193126e-01   0.0000000000e+00   4.9720139707e-01   0.0000000000e+00   0.0000000000e+00   3.8564667168e-01
   9.4989020333e+02   1.1644869239e-01   0.0000000000e+00   5.0021959334e-01   0.0000000000e+00   0.0000000000e+00   3.8333171428e-01
   9.4989020333e+02   1.1644869239e-01   0.0000000000e+00   5.0021959334e-01   0.0000000000e+00   0.0000000000e+00   3.8333171428e-01
   9.4989020333e+02   1.1644869239e-01   0.0000000000e+00   5.0021959334e-01   0.0000000000e+00   0.0000000000e+00   3.8333171428e-01
   9.4989020333e+02   1.1644869239e-01   0.0000000000e+00   5.0021959334e-01   0.0000000000e+00   0.0000000000e+00   3.8333171428e-01
   9.4825857264e+02   1.1568835341e-01   0.0000000000e+00   5.0348285471e-01   0.0000000000e+00   0.0000000000e+00   3.8082879187e-01
   9.4825857264e+02   1.1568835341e-01   0.0000000000e+00   5.0348285471e-01   0.0000000000e+00   0.0000000000e+00   3.8082879187e-01
   9.5251221375e+02   1.1767054775e-01   0.0000000000e+00   4.9497557249e-01   0.0000000000e+00   0.0000000000e+00   3.8735387976e-01
   9.5251221375e+02   1.1767054775e-01   0.0000000000e+00   4.9497557249e-01   0.0000000000e+00   0.0000000000e+00   3.8735387976e-01
   9.5051745515e+02   1.1674099137e-01   0.0000000000e+00   4.9896508970e-01   0.0000000000e+00   0.0000000000e+00   3.8429391892e-01
   9.5051745515e+02   1.1674099137e-01   0.0000000000e+00   4.9896508970e-01   0.0000000000e+00   0.0000000000e+00   3.8429391892e-01
   9.5051745515e+02   1.1674099137e-01   0.0000000000e+00   4.9896508970e-01   0.0000000000e+00   0.0000000000e+00   3.8429391892e-01
   9.5051745515e+02   1.1674099137e-01   0.0000000000e+00   4.9896508970e-01   0.0000000000e+00   0.0000000000e+00   3.8429391892e-01