# time = 44.7392
# Grid Poins = 256    variable_0    variable_1    variable_2    variable_3    variable_4    variable_5    variable_6
   9.5010452873e+02   1.1654856790e-01   0.0000000000e+00   4.9979094254e-01   0.0000000000e+00   0.0000000000e+00   3.8366048956e-01
   9.5010452873e+02   1.1654856790e-01   0.0000000000e+00   4.9979094254e-01   0.0000000000e+00   0.0000000000e+00   3.8366048956e-01
   9.5008754215e+02   1.1654065216e-01   0.0000000000e+00   4.9982491569e-01   0.0000000000e+00   0.0000000000e+00   3.8363443215e-01
   9.5008754215e+02   1.1654065216e-01   0.0000000000e+00   4.9982491569e-01   0.0000000000e+00   0.0000000000e+00   3.8363443215e-01
   9.5009603544e+02   1.1654461003e-01   0.0000000000e+00   4.9980792911e-01   0.0000000000e+00   0.0000000000e+00   3.8364746085e-01
   9.5009603544e+02   1.1654461003e-01   0.0000000000e+00   4.9980792911e-01   0.0000000000e+00   0.0000000000e+00   3.8364746085e-01
   9.5009603544e+02   1.1654461003e-01   0.0000000000e+00   4.9980792911e-01   0.0000000000e+00   0.0000000000e+00   3.8364746085e-01
   9.5009603544e+02   1.1654461003e-01   0.0000000000e+00   4.9980792911e-01   0.0000000000e+00   0.0000000000e+00   3.8364746085e-01
   9.5011586702e+02   1.1655385154e-01   0.0000000000e+00   4.9976826596e-01   0.0000000000e+00   0.0000000000e+00   3.8367788251e-01
   9.5011586702e+02   1.1655385154e-01   0.0000000000e+00   4.9976826596e-01   0.0000000000e+00   0.0000000000e+00   3.8367788251e-01
   9.5011586702e+02   1.1655385154e-01   0.0000000000e+00   4.9976826596e-01   0.0000000000e+00   0.0000000000e+00   3.8367788251e-01
   9.5011586702e+02   1.1655385154e-01   0.0000000000e+00   4.9976826596e-01   0.0000000000e+00   0.0000000000e+00   3.8367788251e-01
   9.5012720531e+02   1.1655913517e-01   0.0000000000e+00   4.9974558938e-01   0.0000000000e+00   0.0000000000e+00   3.8369527545e-01
   9.5012720531e+02   1.1655913517e-01   0.0000000000e+00   4.9974558938e-01   0.0000000000e+00   0.0000000000e+00   3.8369527545e-01
   9.5010452873e+02   1.1654856790e-01   0.0000000000e+00   4.9979094254e-01   0.0000000000e+00   0.0000000000e+00   3.8366048956e-01
   9.5010452873e+02   1.1654856790e-01   0.0000000000e+00   4.9979094254e-01   0.0000000000e+00   0.0000000000e+00   3.8366048956e-01
   9.4980718304e+02   1.1641000498e-01   0.0000000000e+00   5.0038563392e-01   0.0000000000e+00   0.0000000000e+00   3.8320436110e-01
   9.4980718304e+02   1.1641000498e-01   0.0000000000e+00   5.0038563392e-01   0.0000000000e+00   0.0000000000e+00   3.8320436110e-01
   9.4999210646e+02   1.1649617919e-01   0.0000000000e+00   5.0001578708e-01   0.0000000000e+00   0.0000000000e+00   3.8348803374e-01
   9.4999210646e+02   1.1649617919e-01   0.0000000000e+00   5.0001578708e-01   0.0000000000e+00   0.0000000000e+00   3.8348803374e-01
   9.4980718304e+02   1.1641000498e-01   0.0000000000e+00   5.0038563392e-01   0.0000000000e+00   0.0000000000e+00   3.8320436110e-01
   9.4980718304e+02   1.1641000498e-01   0.0000000000e+00   5.0038563392e-01   0.0000000000e+00   0.0000000000e+00   3.8320436110e-01
   9.4970600174e+02   1.1636285455e-01   0.0000000000e+00   5.0058799653e-01   0.0000000000e+00   0.0000000000e+00   3.8304914892e-01
   9.4970600174e+02   1.1636285455e-01   0.0000000000e+00   5.0058799653e-01   0.0000000000e+00   0.0000000000e+00   3.8304914892e-01
   9.4982811857e+02   1.1641976092e-01   0.0000000000e+00   5.0034376286e-01   0.0000000000e+00   0.0000000000e+00   3.8323647622e-01
   9.4982811857e+02   1.1641976092e-01   0.0000000000e+00   5.0034376286e-01   0.0000000000e+00   0.0000000000e+00   3.8323647622e-01
   9.4982811857e+02   1.1641976092e-01   0.0000000000e+00   5.0034376286e-01   0.0000000000e+00   0.0000000000e+00   3.8323647622e-01
   9.4982811857e+02   1.1641976092e-01   0.0000000000e+00   5.0034376286e-01   0.0000000000e+00   0.0000000000e+00   3.8323647622e-01
   9.4982811857e+02   1.1641976092e-01   0.0000000000e+00   5.0034376286e-01   0.0000000000e+00   0.0000000000e+00   3.8323647622e-01
   9.4982811857e+02   1.1641976092e-01   0.0000000000e+00   5.0034376286e-01   0.0000000000e+00   0.0000000000e+00   3.8323647622e-01
   9.4982811857e+02   1.1641976092e-01   0.0000000000e+00   5.0034376286e-01   0.0000000000e+00   0.0000000000e+00   3.8323647622e-01
   9.4982811857e+02   1.1641976092e-01   0.0000000000e+00   5.0034376286e-01   0.0000000000e+00   0.0000000000e+00   3.8323647622e-01
   9.4979315375e+02   1.1640346734e-01   0.0000000000e+00   5.0041369249e-01   0.0000000000e+00   0.0000000000e+00   3.8318284017e-01
   9.4979315375e+02   1.1640346734e-01   0.0000000000e+00   5.0041369249e-01   0.0000000000e+00   0.0000000000e+00   3.8318284017e-01
   9.4979315375e+02   1.1640346734e-01   0.0000000000e+00   5.0041369249e-01   0.0000000000e+00   0.0000000000e+00   3.8318284017e-01
   9.4979315375e+02   1.1640346734e-01   0.0000000000e+00   5.0041369249e-01   0.0000000000e+00   0.0000000000e+00   3.8318284017e-01
   9.5014857263e+02   1.1656909233e-01   0.0000000000e+00   4.9970285474e-01   0.0000000000e+00   0.0000000000e+00   3.8372805293e-01
   9.5014857263e+02   1.1656909233e-01   0.0000000000e+00   4.9970285474e-01   0.0000000000e+00   0.0000000000e+00   3.8372805293e-01
   9.5014857263e+02   1.1656909233e-01   0.0000000000e+00   4.9970285474e-01   0.0000000000e+00   0.0000000000e+00   3.8372805293e-01
   9.5014857263e+02   1.1656909233e-01   0.0000000000e+00   4.9970285474e-01   0.0000000000e+00   0.0000000000e+00   3.8372805293e-01
   9.4993156510e+02   1.1646796695e-01   0.0000000000e+00   5.0013686980e-01   0.0000000000e+00   0.0000000000e+00   3.8339516325e-01
   9.4993156510e+02   1.1646796695e-01   0.0000000000e+00   5.0013686980e-01   0.0000000000e+00   0.0000000000e+00   3.8339516325e-01
   9.4993156510e+02   1.1646796695e-01   0.0000000000e+00   5.0013686980e-01   0.0000000000e+00   0.0000000000e+00   3.8339516325e-01
   9.4993156510e+02   1.1646796695e-01   0.0000000000e+00   5.0013686980e-01   0.0000000000e+00   0.0000000000e+00   3.8339516325e-01
   9.5014857263e+02   1.1656909233e-01   0.0000000000e+00   4.9970285474e-01   0.0000000000e+00   0.0000000000e+00   3.8372805293e-01
   9.5014857263e+02   1.1656909233e-01   0.0000000000e+00   4.9970285474e-01   0.0000000000e+00   0.0000000000e+00   3.8372805293e-01
   9.5014857263e+02   1.1656909233e-01   0.0000000000e+00   4.9970285474e-01   0.0000000000e+00   0.0000000000e+00   3.8372805293e-01
   9.5014857263e+02   1.1656909233e-01   0.0000000000e+00   4.9970285474e-01   0.0000000000e+00   0.0000000000e+00   3.8372805293e-01
   9.5012848934e+02   1.1655973353e-01   0.0000000000e+00   4.9974302132e-01   0.0000000000e+00   0.0000000000e+00   3.8369724515e-01
   9.5012848934e+02   1.1655973353e-01   0.0000000000e+00   4.9974302132e-01   0.0000000000e+00   0.0000000000e+00   3.8369724515e-01
   9.5012848934e+02   1.1655973353e-01   0.0000000000e+00   4.9974302132e-01   0.0000000000e+00   0.0000000000e+00   3.8369724515e-01
   9.5012848934e+02   1.1655973353e-01   0.0000000000e+00   4.9974302132e-01   0.0000000000e+00   0.0000000000e+00   3.8369724515e-01
   9.5015966211e+02   1.1657426002e-01   0.0000000000e+00   4.9968067579e-01   0.0000000000e+00   0.0000000000e+00   3.8374506419e-01
   9.5015966211e+02   1.1657426002e-01   0.0000000000e+00   4.9968067579e-01   0.0000000000e+00   0.0000000000e+00   3.8374506419e-01
   9.5015966211e+02   1.1657426002e-01   0.0000000000e+00   4.9968067579e-01   0.0000000000e+00   0.0000000000e+00   3.8374506419e-01
   9.5015966211e+02   1.1657426002e-01   0.0000000000e+00   4.9968067579e-01   0.0000000000e+00   0.0000000000e+00   3.8374506419e-01
   9.4993156510e+02   1.1646796695e-01   0.0000000000e+00   5.0013686980e-01   0.0000000000e+00   0.0000000000e+00   3.8339516325e-01
   9.4993156510e+02   1.1646796695e-01   0.0000000000e+00   5.0013686980e-01   0.0000000000e+00   0.0000000000e+00   3.8339516325e-01
   9.4993156510e+02   1.1646796695e-01   0.0000000000e+00   5.0013686980e-01   0.0000000000e+00   0.0000000000e+00   3.8339516325e-01
   9.4993156510e+02   1.1646796695e-01   0.0000000000e+00   5.0013686980e-01   0.0000000000e+00   0.0000000000e+00   3.8339516325e-01
   9.5006997645e+02   1.1653246655e-01   0.0000000000e+00   4.9986004711e-01   0.0000000000e+00   0.0000000000e+00   3.8360748634e-01
   9.5006997645e+02   1.1653246655e-01   0.0000000000e+00   4.9986004711e-01   0.0000000000e+00   0.0000000000e+00   3.8360748634e-01
   9.5006997645e+02   1.1653246655e-01   0.0000000000e+00   4.9986004711e-01   0.0000000000e+00   0.0000000000e+00   3.8360748634e-01
   9.5006997645e+02   1.1653246655e-01   0.0000000000e+00   4.9986004711e-01   0.0000000000e+00   0.0000000000e+00   3.8360748634e-01
   9.5005597682e+02   1.1652594274e-01   0.0000000000e+00   4.9988804636e-01   0.0000000000e+00   0.0000000000e+00   3.8358601090e-01
   9.5005597682e+02   1.1652594274e-01   0.0000000000e+00   4.9988804636e-01   0.0000000000e+00   0.0000000000e+00   3.8358601090e-01
   9.5005597682e+02   1.1652594274e-01   0.0000000000e+00   4.9988804636e-01   0.0000000000e+00   0.0000000000e+00   3.8358601090e-01
   9.5005597682e+02   1.1652594274e-01   0.0000000000e+00   4.9988804636e-01   0.0000000000e+00   0.0000000000e+00   3.8358601090e-01
   9.5005597682e+02   1.1652594274e-01   0.0000000000e+00   4.9988804636e-01   0.0000000000e+00   0.0000000000e+00   3.8358601090e-01
   9.5005597682e+02   1.1652594274e-01   0.0000000000e+00   4.9988804636e-01   0.0000000000e+00   0.0000000000e+00   3.8358601090e-01
   9.5005597682e+02   1.1652594274e-01   0.0000000000e+00   4.9988804636e-01   0.0000000000e+00   0.0000000000e+00   3.8358601090e-01
   9.5005597682e+02   1.1652594274e-01   0.0000000000e+00   4.9988804636e-01   0.0000000000e+00   0.0000000000e+00   3.8358601090e-01
   9.4965474241e+02   1.1633896773e-01   0.0000000000e+00   5.0069051519e-01   0.0000000000e+00   0.0000000000e+00   3.8297051709e-01
   9.4965474241e+02   1.1633896773e-01   0.0000000000e+00   5.0069051519e-01   0.0000000000e+00   0.0000000000e+00   3.8297051709e-01
   9.4965474241e+02   1.1633896773e-01   0.0000000000e+00   5.0069051519e-01   0.0000000000e+00   0.0000000000e+00   3.8297051709e-01
   9.4965474241e+02   1.1633896773e-01   0.0000000000e+00   5.0069051519e-01   0.0000000000e+00   0.0000000000e+00   3.8297051709e-01
   9.4965474241e+02   1.1633896773e-01   0.0000000000e+00   5.0069051519e-01   0.0000000000e+00   0.0000000000e+00   3.8297051709e-01
   9.4965474241e+02   1.1633896773e-01   0.0000000000e+00   5.0069051519e-01   0.0000000000e+00   0.0000000000e+00   3.8297051709e-01
   9.4965474241e+02   1.1633896773e-01   0.0000000000e+00   5.0069051519e-01   0.0000000000e+00   0.0000000000e+00   3.8297051709e-01
   9.4965474241e+02   1.1633896773e-01   0.0000000000e+00   5.0069051519e-01   0.0000000000e+00   0.0000000000e+00   3.8297051709e-01
   9.5004468340e+02   1.1652068001e-01   0.0000000000e+00   4.9991063320e-01   0.0000000000e+00   0.0000000000e+00   3.8356868679e-01
   9.5004468340e+02   1.1652068001e-01   0.0000000000e+00   4.9991063320e-01   0.0000000000e+00   0.0000000000e+00   3.8356868679e-01
   9.5004468340e+02   1.1652068001e-01   0.0000000000e+00   4.9991063320e-01   0.0000000000e+00   0.0000000000e+00   3.8356868679e-01
   9.5004468340e+02   1.1652068001e-01   0.0000000000e+00   4.9991063320e-01   0.0000000000e+00   0.0000000000e+00   3.8356868679e-01
   9.5006727024e+02   1.1653120546e-01   0.0000000000e+00   4.9986545953e-01   0.0000000000e+00   0.0000000000e+00   3.8360333501e-01
   9.5006727024e+02   1.1653120546e-01   0.0000000000e+00   4.9986545953e-01   0.0000000000e+00   0.0000000000e+00   3.8360333501e-01
   9.5006727024e+02   1.1653120546e-01   0.0000000000e+00   4.9986545953e-01   0.0000000000e+00   0.0000000000e+00   3.8360333501e-01
   9.5006727024e+02   1.1653120546e-01   0.0000000000e+00   4.9986545953e-01   0.0000000000e+00   0.0000000000e+00   3.8360333501e-01
   9.4965474241e+02   1.1633896773e-01   0.0000000000e+00   5.0069051519e-01   0.0000000000e+00   0.0000000000e+00   3.8297051709e-01
   9.4965474241e+02   1.1633896773e-01   0.0000000000e+00   5.0069051519e-01   0.0000000000e+00   0.0000000000e+00   3.8297051709e-01
   9.4965474241e+02   1.1633896773e-01   0.0000000000e+00   5.0069051519e-01   0.0000000000e+00   0.0000000000e+00   3.8297051709e-01
   9.4965474241e+02   1.1633896773e-01   0.0000000000e+00   5.0069051519e-01   0.0000000000e+00   0.0000000000e+00   3.8297051709e-01
   9.4965474241e+02   1.1633896773e-01   0.0000000000e+00   5.0069051519e-01   0.0000000000e+00   0.0000000000e+00   3.8297051709e-01
   9.4965474241e+02   1.1633896773e-01   0.0000000000e+00   5.0069051519e-01   0.0000000000e+00   0.0000000000e+00   3.8297051709e-01
   9.4965474241e+02   1.1633896773e-01   0.0000000000e+00   5.0069051519e-01   0.0000000000e+00   0.0000000000e+00   3.8297051709e-01
   9.4965474241e+02   1.1633896773e-01   0.0000000000e+00   5.0069051519e-01   0.0000000000e+00   0.0000000000e+00   3.8297051709e-01
   9.4966407403e+02   1.1634331626e-01   0.0000000000e+00   5.0067185194e-01   0.0000000000e+00   0.0000000000e+00   3.8298483180e-01
   9.4966407403e+02   1.1634331626e-01   0.0000000000e+00   5.0067185194e-01   0.0000000000e+00   0.0000000000e+00   3.8298483180e-01
   9.4979049948e+02   1.1640223045e-01   0.0000000000e+00   5.0041900104e-01   0.0000000000e+00   0.0000000000e+00   3.8317876852e-01
   9.4979049948e+02   1.1640223045e-01   0.0000000000e+00   5.0041900104e-01   0.0000000000e+00   0.0000000000e+00   3.8317876852e-01
   9.4979049948e+02   1.1640223045e-01   0.0000000000e+00   5.0041900104e-01   0.0000000000e+00   0.0000000000e+00   3.8317876852e-01
   9.4979049948e+02   1.1640223045e-01   0.0000000000e+00   5.0041900104e-01   0.0000000000e+00   0.0000000000e+00   3.8317876852e-01
   9.4991692493e+02   1.1646114464e-01   0.0000000000e+00   5.0016615014e-01   0.0000000000e+00   0.0000000000e+00   3.8337270523e-01
   9.4991692493e+02   1.1646114464e-01   0.0000000000e+00   5.0016615014e-01   0.0000000000e+00   0.0000000000e+00   3.8337270523e-01
   9.4991692493e+02   1.1646114464e-01   0.0000000000e+00   5.0016615014e-01   0.0000000000e+00   0.0000000000e+00   3.8337270523e-01
   9.4991692493e+02   1.1646114464e-01   0.0000000000e+00   5.0016615014e-01   0.0000000000e+00   0.0000000000e+00   3.8337270523e-01
   9.4966407403e+02   1.1634331626e-01   0.0000000000e+00   5.0067185194e-01   0.0000000000e+00   0.0000000000e+00   3.8298483180e-01
   9.4966407403e+02   1.1634331626e-01   0.0000000000e+00   5.0067185194e-01   0.0000000000e+00   0.0000000000e+00   3.8298483180e-01
   9.4966407403e+02   1.1634331626e-01   0.0000000000e+00   5.0067185194e-01   0.0000000000e+00   0.0000000000e+00   3.8298483180e-01
   9.4966407403e+02   1.1634331626e-01   0.0000000000e+00   5.0067185194e-01   0.0000000000e+00   0.0000000000e+00   3.8298483180e-01
   9.4991692493e+02   1.1646114464e-01   0.0000000000e+00   5.0016615014e-01   0.0000000000e+00   0.0000000000e+00   3.8337270523e-01
   9.4991692493e+02   1.1646114464e-01   0.0000000000e+00   5.0016615014e-01   0.0000000000e+00   0.0000000000e+00   3.8337270523e-01
   9.4984155192e+02   1.1642602086e-01   0.0000000000e+00   5.0031689615e-01   0.0000000000e+00   0.0000000000e+00   3.8325708299e-01
   9.4984155192e+02   1.1642602086e-01   0.0000000000e+00   5.0031689615e-01   0.0000000000e+00   0.0000000000e+00   3.8325708299e-01
   9.4984155192e+02   1.1642602086e-01   0.0000000000e+00   5.0031689615e-01   0.0000000000e+00   0.0000000000e+00   3.8325708299e-01
   9.4984155192e+02   1.1642602086e-01   0.0000000000e+00   5.0031689615e-01   0.0000000000e+00   0.0000000000e+00   3.8325708299e-01
   9.4984155192e+02   1.1642602086e-01   0.0000000000e+00   5.0031689615e-01   0.0000000000e+00   0.0000000000e+00   3.8325708299e-01
   9.4984155192e+02   1.1642602086e-01   0.0000000000e+00   5.0031689615e-01   0.0000000000e+00   0.0000000000e+00   3.8325708299e-01
   9.4984155192e+02   1.1642602086e-01   0.0000000000e+00   5.0031689615e-01   0.0000000000e+00   0.0000000000e+00   3.8325708299e-01
   9.4984155192e+02   1.1642602086e-01   0.0000000000e+00   5.0031689615e-01   0.0000000000e+00   0.0000000000e+00   3.8325708299e-01
   9.4984319946e+02   1.1642678861e-01   0.0000000000e+00   5.0031360108e-01   0.0000000000e+00   0.0000000000e+00   3.8325961031e-01
   9.4984319946e+02   1.1642678861e-01   0.0000000000e+00   5.0031360108e-01   0.0000000000e+00   0.0000000000e+00   3.8325961031e-01
   9.4984319946e+02   1.1642678861e-01   0.0000000000e+00   5.0031360108e-01   0.0000000000e+00   0.0000000000e+00   3.8325961031e-01
   9.4984319946e+02   1.1642678861e-01   0.0000000000e+00   5.0031360108e-01   0.0000000000e+00   0.0000000000e+00   3.8325961031e-01
   9.4983990439e+02   1.1642525311e-01   0.0000000000e+00   5.0032019123e-01   0.0000000000e+00   0.0000000000e+00   3.8325455567e-01
   9.4983990439e+02   1.1642525311e-01   0.0000000000e+00   5.0032019123e-01   0.0000000000e+00   0.0000000000e+00   3.8325455567e-01
   9.4983990439e+02   1.1642525311e-01   0.0000000000e+00   5.0032019123e-01   0.0000000000e+00   0.0000000000e+00   3.8325455567e-01
   9.4983990439e+02   1.1642525311e-01   0.0000000000e+00   5.0032019123e-01   0.0000000000e+00   0.0000000000e+00   3.8325455567e-01
   9.5006046538e+02   1.1652803440e-01   0.0000000000e+00   4.9987906924e-01   0.0000000000e+00   0.0000000000e+00   3.8359289636e-01
   9.5006046538e+02   1.1652803440e-01   0.0000000000e+00   4.9987906924e-01   0.0000000000e+00   0.0000000000e+00   3.8359289636e-01
   9.4985076842e+02   1.1643031574e-01   0.0000000000e+00   5.0029846316e-01   0.0000000000e+00   0.0000000000e+00   3.8327122110e-01
   9.4985076842e+02   1.1643031574e-01   0.0000000000e+00   5.0029846316e-01   0.0000000000e+00   0.0000000000e+00   3.8327122110e-01
   9.4985076842e+02   1.1643031574e-01   0.0000000000e+00   5.0029846316e-01   0.0000000000e+00   0.0000000000e+00   3.8327122110e-01
   9.4985076842e+02   1.1643031574e-01   0.0000000000e+00   5.0029846316e-01   0.0000000000e+00   0.0000000000e+00   3.8327122110e-01
   9.5006046538e+02   1.1652803440e-01   0.0000000000e+00   4.9987906924e-01   0.0000000000e+00   0.0000000000e+00   3.8359289636e-01
   9.5006046538e+02   1.1652803440e-01   0.0000000000e+00   4.9987906924e-01   0.0000000000e+00   0.0000000000e+00   3.8359289636e-01
   9.4985076842e+02   1.1643031574e-01   0.0000000000e+00   5.0029846316e-01   0.0000000000e+00   0.0000000000e+00   3.8327122110e-01
   9.4985076842e+02   1.1643031574e-01   0.0000000000e+00   5.0029846316e-01   0.0000000000e+00   0.0000000000e+00   3.8327122110e-01
   9.4985076842e+02   1.1643031574e-01   0.0000000000e+00   5.0029846316e-01   0.0000000000e+00   0.0000000000e+00   3.8327122110e-01
   9.4985076842e+02   1.1643031574e-01   0.0000000000e+00   5.0029846316e-01   0.0000000000e+00   0.0000000000e+00   3.8327122110e-01
   9.5006046538e+02   1.1652803440e-01   0.0000000000e+00   4.9987906924e-01   0.0000000000e+00   0.0000000000e+00   3.8359289636e-01
   9.5006046538e+02   1.1652803440e-01   0.0000000000e+00   4.9987906924e-01   0.0000000000e+00   0.0000000000e+00   3.8359289636e-01
   9.5006046538e+02   1.1652803440e-01   0.0000000000e+00   4.9987906924e-01   0.0000000000e+00   0.0000000000e+00   3.8359289636e-01
   9.5006046538e+02   1.1652803440e-01   0.0000000000e+00   4.9987906924e-01   0.0000000000e+00   0.0000000000e+00   3.8359289636e-01
   9.5024788612e+02   1.1661537236e-01   0.0000000000e+00   4.9950422775e-01   0.0000000000e+00   0.0000000000e+00   3.8388039989e-01
   9.5024788612e+02   1.1661537236e-01   0.0000000000e+00   4.9950422775e-01   0.0000000000e+00   0.0000000000e+00   3.8388039989e-01
   9.5024788612e+02   1.1661537236e-01   0.0000000000e+00   4.9950422775e-01   0.0000000000e+00   0.0000000000e+00   3.8388039989e-01
   9.5024788612e+02   1.1661537236e-01   0.0000000000e+00   4.9950422775e-01   0.0000000000e+00   0.0000000000e+00   3.8388039989e-01
   9.5022702952e+02   1.1660565320e-01   0.0000000000e+00   4.9954594096e-01   0.0000000000e+00   0.0000000000e+00   3.8384840584e-01
   9.5022702952e+02   1.1660565320e-01   0.0000000000e+00   4.9954594096e-01   0.0000000000e+00   0.0000000000e+00   3.8384840584e-01
   9.5022702952e+02   1.1660565320e-01   0.0000000000e+00   4.9954594096e-01   0.0000000000e+00   0.0000000000e+00   3.8384840584e-01
   9.5022702952e+02   1.1660565320e-01   0.0000000000e+00   4.9954594096e-01   0.0000000000e+00   0.0000000000e+00   3.8384840584e-01
   9.5006046538e+02   1.1652803440e-01   0.0000000000e+00   4.9987906924e-01   0.0000000000e+00   0.0000000000e+00   3.8359289636e-01
   9.5006046538e+02   1.1652803440e-01   0.0000000000e+00   4.9987906924e-01   0.0000000000e+00   0.0000000000e+00   3.8359289636e-01
   9.5025843060e+02   1.1662028608e-01   0.0000000000e+00   4.9948313881e-01   0.0000000000e+00   0.0000000000e+00   3.8389657511e-01
   9.5025843060e+02   1.1662028608e-01   0.0000000000e+00   4.9948313881e-01   0.0000000000e+00   0.0000000000e+00   3.8389657511e-01
   9.4996148277e+02   1.1648190856e-01   0.0000000000e+00   5.0007703446e-01   0.0000000000e+00   0.0000000000e+00   3.8344105698e-01
   9.4996148277e+02   1.1648190856e-01   0.0000000000e+00   5.0007703446e-01   0.0000000000e+00   0.0000000000e+00   3.8344105698e-01
   9.4996148277e+02   1.1648190856e-01   0.0000000000e+00   5.0007703446e-01   0.0000000000e+00   0.0000000000e+00   3.8344105698e-01
   9.4996148277e+02   1.1648190856e-01   0.0000000000e+00   5.0007703446e-01   0.0000000000e+00   0.0000000000e+00   3.8344105698e-01
   9.4996622569e+02   1.1648411876e-01   0.0000000000e+00   5.0006754863e-01   0.0000000000e+00   0.0000000000e+00   3.8344833262e-01
   9.4996622569e+02   1.1648411876e-01   0.0000000000e+00   5.0006754863e-01   0.0000000000e+00   0.0000000000e+00   3.8344833262e-01
   9.4996622569e+02   1.1648411876e-01   0.0000000000e+00   5.0006754863e-01   0.0000000000e+00   0.0000000000e+00   3.8344833262e-01
   9.4996622569e+02   1.1648411876e-01   0.0000000000e+00   5.0006754863e-01   0.0000000000e+00   0.0000000000e+00   3.8344833262e-01
   9.4996622569e+02   1.1648411876e-01   0.0000000000e+00   5.0006754863e-01   0.0000000000e+00   0.0000000000e+00   3.8344833262e-01
   9.4996622569e+02   1.1648411876e-01   0.0000000000e+00   5.0006754863e-01   0.0000000000e+00   0.0000000000e+00   3.8344833262e-01
   9.4996622569e+02   1.1648411876e-01   0.0000000000e+00   5.0006754863e-01   0.0000000000e+00   0.0000000000e+00   3.8344833262e-01
   9.4996622569e+02   1.1648411876e-01   0.0000000000e+00   5.0006754863e-01   0.0000000000e+00   0.0000000000e+00   3.8344833262e-01
   9.5014020075e+02   1.1656519104e-01   0.0000000000e+00   4.9971959850e-01   0.0000000000e+00   0.0000000000e+00   3.8371521046e-01
   9.5014020075e+02   1.1656519104e-01   0.0000000000e+00   4.9971959850e-01   0.0000000000e+00   0.0000000000e+00   3.8371521046e-01
   9.5014020075e+02   1.1656519104e-01   0.0000000000e+00   4.9971959850e-01   0.0000000000e+00   0.0000000000e+00   3.8371521046e-01
   9.5014020075e+02   1.1656519104e-01   0.0000000000e+00   4.9971959850e-01   0.0000000000e+00   0.0000000000e+00   3.8371521046e-01
   9.5014020075e+02   1.1656519104e-01   0.0000000000e+00   4.9971959850e-01   0.0000000000e+00   0.0000000000e+00   3.8371521046e-01
   9.5014020075e+02   1.1656519104e-01   0.0000000000e+00   4.9971959850e-01   0.0000000000e+00   0.0000000000e+00   3.8371521046e-01
   9.5014020075e+02   1.1656519104e-01   0.0000000000e+00   4.9971959850e-01   0.0000000000e+00   0.0000000000e+00   3.8371521046e-01
   9.5014020075e+02   1.1656519104e-01   0.0000000000e+00   4.9971959850e-01   0.0000000000e+00   0.0000000000e+00   3.8371521046e-01
   9.5016299588e+02   1.1657581356e-01   0.0000000000e+00   4.9967400825e-01   0.0000000000e+00   0.0000000000e+00   3.8375017820e-01
   9.5016299588e+02   1.1657581356e-01   0.0000000000e+00   4.9967400825e-01   0.0000000000e+00   0.0000000000e+00   3.8375017820e-01
   9.5016299588e+02   1.1657581356e-01   0.0000000000e+00   4.9967400825e-01   0.0000000000e+00   0.0000000000e+00   3.8375017820e-01
   9.5016299588e+02   1.1657581356e-01   0.0000000000e+00   4.9967400825e-01   0.0000000000e+00   0.0000000000e+00   3.8375017820e-01
   9.4981226496e+02   1.1641237315e-01   0.0000000000e+00   5.0037547008e-01   0.0000000000e+00   0.0000000000e+00   3.8321215678e-01
   9.4981226496e+02   1.1641237315e-01   0.0000000000e+00   5.0037547008e-01   0.0000000000e+00   0.0000000000e+00   3.8321215678e-01
   9.4981226496e+02   1.1641237315e-01   0.0000000000e+00   5.0037547008e-01   0.0000000000e+00   0.0000000000e+00   3.8321215678e-01
   9.4981226496e+02   1.1641237315e-01   0.0000000000e+00   5.0037547008e-01   0.0000000000e+00   0.0000000000e+00   3.8321215678e-01
   9.4950373469e+02   1.1626859822e-01   0.0000000000e+00   5.0099253063e-01   0.0000000000e+00   0.0000000000e+00   3.8273887116e-01
   9.4950373469e+02   1.1626859822e-01   0.0000000000e+00   5.0099253063e-01   0.0000000000e+00   0.0000000000e+00   3.8273887116e-01
   9.4950373469e+02   1.1626859822e-01   0.0000000000e+00   5.0099253063e-01   0.0000000000e+00   0.0000000000e+00   3.8273887116e-01
   9.4950373469e+02   1.1626859822e-01   0.0000000000e+00   5.0099253063e-01   0.0000000000e+00   0.0000000000e+00   3.8273887116e-01
   9.5016299588e+02   1.1657581356e-01   0.0000000000e+00   4.9967400825e-01   0.0000000000e+00   0.0000000000e+00   3.8375017820e-01
   9.5016299588e+02   1.1657581356e-01   0.0000000000e+00   4.9967400825e-01   0.0000000000e+00   0.0000000000e+00   3.8375017820e-01
   9.5016299588e+02   1.1657581356e-01   0.0000000000e+00   4.9967400825e-01   0.0000000000e+00   0.0000000000e+00   3.8375017820e-01
   9.5016299588e+02   1.1657581356e-01   0.0000000000e+00   4.9967400825e-01   0.0000000000e+00   0.0000000000e+00   3.8375017820e-01
   9.5005903617e+02   1.1652736839e-01   0.0000000000e+00   4.9988192765e-01   0.0000000000e+00   0.0000000000e+00   3.8359070396e-01
   9.5005903617e+02   1.1652736839e-01   0.0000000000e+00   4.9988192765e-01   0.0000000000e+00   0.0000000000e+00   3.8359070396e-01
   9.5009005782e+02   1.1654182446e-01   0.0000000000e+00   4.9981988437e-01   0.0000000000e+00   0.0000000000e+00   3.8363829117e-01
   9.5009005782e+02   1.1654182446e-01   0.0000000000e+00   4.9981988437e-01   0.0000000000e+00   0.0000000000e+00   3.8363829117e-01
   9.5007454700e+02   1.1653459643e-01   0.0000000000e+00   4.9985090601e-01   0.0000000000e+00   0.0000000000e+00   3.8361449756e-01
   9.5007454700e+02   1.1653459643e-01   0.0000000000e+00   4.9985090601e-01   0.0000000000e+00   0.0000000000e+00   3.8361449756e-01
   9.5007454700e+02   1.1653459643e-01   0.0000000000e+00   4.9985090601e-01   0.0000000000e+00   0.0000000000e+00   3.8361449756e-01
   9.5007454700e+02   1.1653459643e-01   0.0000000000e+00   4.9985090601e-01   0.0000000000e+00   0.0000000000e+00   3.8361449756e-01
   9.4999562055e+02   1.1649781675e-01   0.0000000000e+00   5.0000875890e-01   0.0000000000e+00   0.0000000000e+00   3.8349342435e-01
   9.4999562055e+02   1.1649781675e-01   0.0000000000e+00   5.0000875890e-01   0.0000000000e+00   0.0000000000e+00   3.8349342435e-01
   9.4988338927e+02   1.1644551704e-01   0.0000000000e+00   5.0023322146e-01   0.0000000000e+00   0.0000000000e+00   3.8332126150e-01
   9.4988338927e+02   1.1644551704e-01   0.0000000000e+00   5.0023322146e-01   0.0000000000e+00   0.0000000000e+00   3.8332126150e-01
   9.5011515181e+02   1.1655351825e-01   0.0000000000e+00   4.9976969637e-01   0.0000000000e+00   0.0000000000e+00   3.8367678538e-01
   9.5011515181e+02   1.1655351825e-01   0.0000000000e+00   4.9976969637e-01   0.0000000000e+00   0.0000000000e+00   3.8367678538e-01
   9.5011515181e+02   1.1655351825e-01   0.0000000000e+00   4.9976969637e-01   0.0000000000e+00   0.0000000000e+00   3.8367678538e-01
   9.5011515181e+02   1.1655351825e-01   0.0000000000e+00   4.9976969637e-01   0.0000000000e+00   0.0000000000e+00   3.8367678538e-01
   9.5013727645e+02   1.1656382832e-01   0.0000000000e+00   4.9972544710e-01   0.0000000000e+00   0.0000000000e+00   3.8371072458e-01
   9.5013727645e+02   1.1656382832e-01   0.0000000000e+00   4.9972544710e-01   0.0000000000e+00   0.0000000000e+00   3.8371072458e-01
   9.5013727645e+02   1.1656382832e-01   0.0000000000e+00   4.9972544710e-01   0.0000000000e+00   0.0000000000e+00   3.8371072458e-01
   9.5013727645e+02   1.1656382832e-01   0.0000000000e+00   4.9972544710e-01   0.0000000000e+00   0.0000000000e+00   3.8371072458e-01
   9.5009005782e+02   1.1654182446e-01   0.0000000000e+00   4.9981988437e-01   0.0000000000e+00   0.0000000000e+00   3.8363829117e-01
   9.5009005782e+02   1.1654182446e-01   0.0000000000e+00   4.9981988437e-01   0.0000000000e+00   0.0000000000e+00   3.8363829117e-01
   9.5018449508e+02   1.1658583217e-01   0.0000000000e+00   4.9963100984e-01   0.0000000000e+00   0.0000000000e+00   3.8378315799e-01
   9.5018449508e+02   1.1658583217e-01   0.0000000000e+00   4.9963100984e-01   0.0000000000e+00   0.0000000000e+00   3.8378315799e-01
   9.5005903617e+02   1.1652736839e-01   0.0000000000e+00   4.9988192765e-01   0.0000000000e+00   0.0000000000e+00   3.8359070396e-01
   9.5005903617e+02   1.1652736839e-01   0.0000000000e+00   4.9988192765e-01   0.0000000000e+00   0.0000000000e+00   3.8359070396e-01
   9.5005903617e+02   1.1652736839e-01   0.0000000000e+00   4.9988192765e-01   0.0000000000e+00   0.0000000000e+00   3.8359070396e-01
   9.5005903617e+02   1.1652736839e-01   0.0000000000e+00   4.9988192765e-01   0.0000000000e+00   0.0000000000e+00   3.8359070396e-01
   9.4988338927e+02   1.1644551704e-01   0.0000000000e+00   5.0023322146e-01   0.0000000000e+00   0.0000000000e+00   3.8332126150e-01
   9.4988338927e+02   1.1644551704e-01   0.0000000000e+00   5.0023322146e-01   0.0000000000e+00   0.0000000000e+00   3.8332126150e-01
   9.5023468308e+02   1.1660921975e-01   0.0000000000e+00   4.9953063384e-01   0.0000000000e+00   0.0000000000e+00   3.8386014641e-01
   9.5023468308e+02   1.1660921975e-01   0.0000000000e+00   4.9953063384e-01   0.0000000000e+00   0.0000000000e+00   3.8386014641e-01
   9.5028767970e+02   1.1663391615e-01   0.0000000000e+00   4.9942464059e-01   0.0000000000e+00   0.0000000000e+00   3.8394144326e-01
   9.5028767970e+02   1.1663391615e-01   0.0000000000e+00   4.9942464059e-01   0.0000000000e+00   0.0000000000e+00   3.8394144326e-01
   9.5028767970e+02   1.1663391615e-01   0.0000000000e+00   4.9942464059e-01   0.0000000000e+00   0.0000000000e+00   3.8394144326e-01
   9.5028767970e+02   1.1663391615e-01   0.0000000000e+00   4.9942464059e-01   0.0000000000e+00   0.0000000000e+00   3.8394144326e-01
   9.5019580803e+02   1.1659110400e-01   0.0000000000e+00   4.9960838393e-01   0.0000000000e+00   0.0000000000e+00   3.8380051207e-01
   9.5019580803e+02   1.1659110400e-01   0.0000000000e+00   4.9960838393e-01   0.0000000000e+00   0.0000000000e+00   3.8380051207e-01
   9.5019580803e+02   1.1659110400e-01   0.0000000000e+00   4.9960838393e-01   0.0000000000e+00   0.0000000000e+00   3.8380051207e-01
   9.5019580803e+02   1.1659110400e-01   0.0000000000e+00   4.9960838393e-01   0.0000000000e+00   0.0000000000e+00   3.8380051207e-01
   9.5012698198e+02   1.1655903110e-01   0.0000000000e+00   4.9974603603e-01   0.0000000000e+00   0.0000000000e+00   3.8369493286e-01
   9.5012698198e+02   1.1655903110e-01   0.0000000000e+00   4.9974603603e-01   0.0000000000e+00   0.0000000000e+00   3.8369493286e-01
   9.5020733084e+02   1.1659647362e-01   0.0000000000e+00   4.9958533831e-01   0.0000000000e+00   0.0000000000e+00   3.8381818806e-01
   9.5020733084e+02   1.1659647362e-01   0.0000000000e+00   4.9958533831e-01   0.0000000000e+00   0.0000000000e+00   3.8381818806e-01
   9.5028767970e+02   1.1663391615e-01   0.0000000000e+00   4.9942464059e-01   0.0000000000e+00   0.0000000000e+00   3.8394144326e-01
   9.5028767970e+02   1.1663391615e-01   0.0000000000e+00   4.9942464059e-01   0.0000000000e+00   0.0000000000e+00   3.8394144326e-01
   9.5020733084e+02   1.1659647362e-01   0.0000000000e+00   4.9958533831e-01   0.0000000000e+00   0.0000000000e+00   3.8381818806e-01
   9.5020733084e+02   1.1659647362e-01   0.0000000000e+00   4.9958533831e-01   0.0000000000e+00   0.0000000000e+00   3.8381818806e-01
   9.5025315572e+02   1.1661782799e-01   0.0000000000e+00   4.9949368856e-01   0.0000000000e+00   0.0000000000e+00   3.8388848345e-01
   9.5025315572e+02   1.1661782799e-01   0.0000000000e+00   4.9949368856e-01   0.0000000000e+00   0.0000000000e+00   3.8388848345e-01
   9.5017829089e+02   1.1658294102e-01   0.0000000000e+00   4.9964341823e-01   0.0000000000e+00   0.0000000000e+00   3.8377364075e-01
   9.5017829089e+02   1.1658294102e-01   0.0000000000e+00   4.9964341823e-01   0.0000000000e+00   0.0000000000e+00   3.8377364075e-01
   9.5017829089e+02   1.1658294102e-01   0.0000000000e+00   4.9964341823e-01   0.0000000000e+00   0.0000000000e+00   3.8377364075e-01
   9.5017829089e+02   1.1658294102e-01   0.0000000000e+00   4.9964341823e-01   0.0000000000e+00   0.0000000000e+00   3.8377364075e-01
   9.5025315572e+02   1.1661782799e-01   0.0000000000e+00   4.9949368856e-01   0.0000000000e+00   0.0000000000e+00   3.8388848345e-01
   9.5025315572e+02   1.1661782799e-01   0.0000000000e+00   4.9949368856e-01   0.0000000000e+00   0.0000000000e+00   3.8388848345e-01
   9.5018221687e+02   1.1658477053e-01   0.0000000000e+00   4.9963556625e-01   0.0000000000e+00   0.0000000000e+00   3.8377966322e-01
   9.5018221687e+02   1.1658477053e-01   0.0000000000e+00   4.9963556625e-01   0.0000000000e+00   0.0000000000e+00   3.8377966322e-01
   9.5018221687e+02   1.1658477053e-01   0.0000000000e+00   4.9963556625e-01   0.0000000000e+00   0.0000000000e+00   3.8377966322e-01
   9.5018221687e+02   1.1658477053e-01   0.0000000000e+00   4.9963556625e-01   0.0000000000e+00   0.0000000000e+00   3.8377966322e-01
   9.5023745177e+02   1.1661050996e-01   0.0000000000e+00   4.9952509647e-01   0.0000000000e+00   0.0000000000e+00   3.8386439357e-01
   9.5023745177e+02   1.1661050996e-01   0.0000000000e+00   4.9952509647e-01   0.0000000000e+00   0.0000000000e+00   3.8386439357e-01
   9.5016201628e+02   1.1657535706e-01   0.0000000000e+00   4.9967596745e-01   0.0000000000e+00   0.0000000000e+00   3.8374867549e-01
   9.5016201628e+02   1.1657535706e-01   0.0000000000e+00   4.9967596745e-01   0.0000000000e+00   0.0000000000e+00   3.8374867549e-01