# time = 8.97984
# Grid Poins = 256    variable_0    variable_1    variable_2    variable_3    variable_4    variable_5    variable_6
   9.1500015259e+02   1.0018994862e-01   0.0000000000e+00   5.6999969482e-01   0.0000000000e+00   0.0000000000e+00   3.2981035656e-01
   9.1500015259e+02   1.0018994862e-01   0.0000000000e+00   5.6999969482e-01   0.0000000000e+00   0.0000000000e+00   3.2981035656e-01
   9.1500015259e+02   1.0018994862e-01   0.0000000000e+00   5.6999969482e-01   0.0000000000e+00   0.0000000000e+00   3.2981035656e-01
   9.1500015259e+02   1.0018994862e-01   0.0000000000e+00   5.6999969482e-01   0.0000000000e+00   0.0000000000e+00   3.2981035656e-01
   9.0921897888e+02   9.7495924963e-02   0.0000000000e+00   5.8156204224e-01   0.0000000000e+00   0.0000000000e+00   3.2094203280e-01
   9.0921897888e+02   9.7495924963e-02   0.0000000000e+00   5.8156204224e-01   0.0000000000e+00   0.0000000000e+00   3.2094203280e-01
   9.0921897888e+02   9.7495924963e-02   0.0000000000e+00   5.8156204224e-01   0.0000000000e+00   0.0000000000e+00   3.2094203280e-01
   9.0921897888e+02   9.7495924963e-02   0.0000000000e+00   5.8156204224e-01   0.0000000000e+00   0.0000000000e+00   3.2094203280e-01
   8.7457962036e+02   8.1354003627e-02   0.0000000000e+00   6.5084075928e-01   0.0000000000e+00   0.0000000000e+00   2.6780523710e-01
   8.7457962036e+02   8.1354003627e-02   0.0000000000e+00   6.5084075928e-01   0.0000000000e+00   0.0000000000e+00   2.6780523710e-01
   8.5145492554e+02   7.0577909013e-02   0.0000000000e+00   6.9709014893e-01   0.0000000000e+00   0.0000000000e+00   2.3233194206e-01
   8.5145492554e+02   7.0577909013e-02   0.0000000000e+00   6.9709014893e-01   0.0000000000e+00   0.0000000000e+00   2.3233194206e-01
   8.5145492554e+02   7.0577909013e-02   0.0000000000e+00   6.9709014893e-01   0.0000000000e+00   0.0000000000e+00   2.3233194206e-01
   8.5145492554e+02   7.0577909013e-02   0.0000000000e+00   6.9709014893e-01   0.0000000000e+00   0.0000000000e+00   2.3233194206e-01
   8.7457962036e+02   8.1354003627e-02   0.0000000000e+00   6.5084075928e-01   0.0000000000e+00   0.0000000000e+00   2.6780523710e-01
   8.7457962036e+02   8.1354003627e-02   0.0000000000e+00   6.5084075928e-01   0.0000000000e+00   0.0000000000e+00   2.6780523710e-01
   8.6301727295e+02   7.5965956320e-02   0.0000000000e+00   6.7396545410e-01   0.0000000000e+00   0.0000000000e+00   2.5006858958e-01
   8.6301727295e+02   7.5965956320e-02   0.0000000000e+00   6.7396545410e-01   0.0000000000e+00   0.0000000000e+00   2.5006858958e-01
   8.6301727295e+02   7.5965956320e-02   0.0000000000e+00   6.7396545410e-01   0.0000000000e+00   0.0000000000e+00   2.5006858958e-01
   8.6301727295e+02   7.5965956320e-02   0.0000000000e+00   6.7396545410e-01   0.0000000000e+00   0.0000000000e+00   2.5006858958e-01
   8.6301727295e+02   7.5965956320e-02   0.0000000000e+00   6.7396545410e-01   0.0000000000e+00   0.0000000000e+00   2.5006858958e-01
   8.6301727295e+02   7.5965956320e-02   0.0000000000e+00   6.7396545410e-01   0.0000000000e+00   0.0000000000e+00   2.5006858958e-01
   8.6301727295e+02   7.5965956320e-02   0.0000000000e+00   6.7396545410e-01   0.0000000000e+00   0.0000000000e+00   2.5006858958e-01
   8.6301727295e+02   7.5965956320e-02   0.0000000000e+00   6.7396545410e-01   0.0000000000e+00   0.0000000000e+00   2.5006858958e-01
   8.9910192490e+02   9.2781383569e-02   0.0000000000e+00   6.0179615021e-01   0.0000000000e+00   0.0000000000e+00   3.0542246622e-01
   8.9910192490e+02   9.2781383569e-02   0.0000000000e+00   6.0179615021e-01   0.0000000000e+00   0.0000000000e+00   3.0542246622e-01
   8.9910192490e+02   9.2781383569e-02   0.0000000000e+00   6.0179615021e-01   0.0000000000e+00   0.0000000000e+00   3.0542246622e-01
   8.9910192490e+02   9.2781383569e-02   0.0000000000e+00   6.0179615021e-01   0.0000000000e+00   0.0000000000e+00   3.0542246622e-01
   8.9476604462e+02   9.0760865829e-02   0.0000000000e+00   6.1046791077e-01   0.0000000000e+00   0.0000000000e+00   2.9877122340e-01
   8.9476604462e+02   9.0760865829e-02   0.0000000000e+00   6.1046791077e-01   0.0000000000e+00   0.0000000000e+00   2.9877122340e-01
   8.8609428406e+02   8.6719830349e-02   0.0000000000e+00   6.2781143188e-01   0.0000000000e+00   0.0000000000e+00   2.8546873777e-01
   8.8609428406e+02   8.6719830349e-02   0.0000000000e+00   6.2781143188e-01   0.0000000000e+00   0.0000000000e+00   2.8546873777e-01
   9.9038190842e+02   1.3531780389e-01   0.0000000000e+00   4.1923618317e-01   0.0000000000e+00   0.0000000000e+00   4.4544601295e-01
   9.9038190842e+02   1.3531780389e-01   0.0000000000e+00   4.1923618317e-01   0.0000000000e+00   0.0000000000e+00   4.4544601295e-01
   9.9038190842e+02   1.3531780389e-01   0.0000000000e+00   4.1923618317e-01   0.0000000000e+00   0.0000000000e+00   4.4544601295e-01
   9.9038190842e+02   1.3531780389e-01   0.0000000000e+00   4.1923618317e-01   0.0000000000e+00   0.0000000000e+00   4.4544601295e-01
   9.9038190842e+02   1.3531780389e-01   0.0000000000e+00   4.1923618317e-01   0.0000000000e+00   0.0000000000e+00   4.4544601295e-01
   9.9038190842e+02   1.3531780389e-01   0.0000000000e+00   4.1923618317e-01   0.0000000000e+00   0.0000000000e+00   4.4544601295e-01
   9.9038190842e+02   1.3531780389e-01   0.0000000000e+00   4.1923618317e-01   0.0000000000e+00   0.0000000000e+00   4.4544601295e-01
   9.9038190842e+02   1.3531780389e-01   0.0000000000e+00   4.1923618317e-01   0.0000000000e+00   0.0000000000e+00   4.4544601295e-01
   9.3097610474e+02   1.0763473322e-01   0.0000000000e+00   5.3804779053e-01   0.0000000000e+00   0.0000000000e+00   3.5431747626e-01
   9.3097610474e+02   1.0763473322e-01   0.0000000000e+00   5.3804779053e-01   0.0000000000e+00   0.0000000000e+00   3.5431747626e-01
   9.3097610474e+02   1.0763473322e-01   0.0000000000e+00   5.3804779053e-01   0.0000000000e+00   0.0000000000e+00   3.5431747626e-01
   9.3097610474e+02   1.0763473322e-01   0.0000000000e+00   5.3804779053e-01   0.0000000000e+00   0.0000000000e+00   3.5431747626e-01
   9.3097610474e+02   1.0763473322e-01   0.0000000000e+00   5.3804779053e-01   0.0000000000e+00   0.0000000000e+00   3.5431747626e-01
   9.3097610474e+02   1.0763473322e-01   0.0000000000e+00   5.3804779053e-01   0.0000000000e+00   0.0000000000e+00   3.5431747626e-01
   9.3097610474e+02   1.0763473322e-01   0.0000000000e+00   5.3804779053e-01   0.0000000000e+00   0.0000000000e+00   3.5431747626e-01
   9.3097610474e+02   1.0763473322e-01   0.0000000000e+00   5.3804779053e-01   0.0000000000e+00   0.0000000000e+00   3.5431747626e-01
   9.4832916260e+02   1.1572124829e-01   0.0000000000e+00   5.0334167480e-01   0.0000000000e+00   0.0000000000e+00   3.8093707690e-01
   9.4832916260e+02   1.1572124829e-01   0.0000000000e+00   5.0334167480e-01   0.0000000000e+00   0.0000000000e+00   3.8093707690e-01
   9.1926879883e+02   1.0217913533e-01   0.0000000000e+00   5.6146240234e-01   0.0000000000e+00   0.0000000000e+00   3.3635846232e-01
   9.1926879883e+02   1.0217913533e-01   0.0000000000e+00   5.6146240234e-01   0.0000000000e+00   0.0000000000e+00   3.3635846232e-01
   9.8477764130e+02   1.3270621860e-01   0.0000000000e+00   4.3044471741e-01   0.0000000000e+00   0.0000000000e+00   4.3684906399e-01
   9.8477764130e+02   1.3270621860e-01   0.0000000000e+00   4.3044471741e-01   0.0000000000e+00   0.0000000000e+00   4.3684906399e-01
   1.0184032440e+03   1.4837573031e-01   0.0000000000e+00   3.6319351196e-01   0.0000000000e+00   0.0000000000e+00   4.8843075773e-01
   1.0184032440e+03   1.4837573031e-01   0.0000000000e+00   3.6319351196e-01   0.0000000000e+00   0.0000000000e+00   4.8843075773e-01
   1.0015904427e+03   1.4054097446e-01   0.0000000000e+00   3.9681911469e-01   0.0000000000e+00   0.0000000000e+00   4.6263991086e-01
   1.0015904427e+03   1.4054097446e-01   0.0000000000e+00   3.9681911469e-01   0.0000000000e+00   0.0000000000e+00   4.6263991086e-01
   1.0015904427e+03   1.4054097446e-01   0.0000000000e+00   3.9681911469e-01   0.0000000000e+00   0.0000000000e+00   4.6263991086e-01
   1.0015904427e+03   1.4054097446e-01   0.0000000000e+00   3.9681911469e-01   0.0000000000e+00   0.0000000000e+00   4.6263991086e-01
   9.3379898071e+02   1.0895019181e-01   0.0000000000e+00   5.3240203857e-01   0.0000000000e+00   0.0000000000e+00   3.5864776961e-01
   9.3379898071e+02   1.0895019181e-01   0.0000000000e+00   5.3240203857e-01   0.0000000000e+00   0.0000000000e+00   3.5864776961e-01
   9.3379898071e+02   1.0895019181e-01   0.0000000000e+00   5.3240203857e-01   0.0000000000e+00   0.0000000000e+00   3.5864776961e-01
   9.3379898071e+02   1.0895019181e-01   0.0000000000e+00   5.3240203857e-01   0.0000000000e+00   0.0000000000e+00   3.5864776961e-01
   9.6698756218e+02   1.2441605187e-01   0.0000000000e+00   4.6602487564e-01   0.0000000000e+00   0.0000000000e+00   4.0955907249e-01
   9.6698756218e+02   1.2441605187e-01   0.0000000000e+00   4.6602487564e-01   0.0000000000e+00   0.0000000000e+00   4.0955907249e-01
   9.6698756218e+02   1.2441605187e-01   0.0000000000e+00   4.6602487564e-01   0.0000000000e+00   0.0000000000e+00   4.0955907249e-01
   9.6698756218e+02   1.2441605187e-01   0.0000000000e+00   4.6602487564e-01   0.0000000000e+00   0.0000000000e+00   4.0955907249e-01
   9.2058141232e+02   1.0279081247e-01   0.0000000000e+00   5.5883717537e-01   0.0000000000e+00   0.0000000000e+00   3.3837201216e-01
   9.2058141232e+02   1.0279081247e-01   0.0000000000e+00   5.5883717537e-01   0.0000000000e+00   0.0000000000e+00   3.3837201216e-01
   9.2058141232e+02   1.0279081247e-01   0.0000000000e+00   5.5883717537e-01   0.0000000000e+00   0.0000000000e+00   3.3837201216e-01
   9.2058141232e+02   1.0279081247e-01   0.0000000000e+00   5.5883717537e-01   0.0000000000e+00   0.0000000000e+00   3.3837201216e-01
   8.3085937500e+02   6.0980394197e-02   0.0000000000e+00   7.3828125000e-01   0.0000000000e+00   0.0000000000e+00   2.0073835580e-01
   8.3085937500e+02   6.0980394197e-02   0.0000000000e+00   7.3828125000e-01   0.0000000000e+00   0.0000000000e+00   2.0073835580e-01
   8.3085937500e+02   6.0980394197e-02   0.0000000000e+00   7.3828125000e-01   0.0000000000e+00   0.0000000000e+00   2.0073835580e-01
   8.3085937500e+02   6.0980394197e-02   0.0000000000e+00   7.3828125000e-01   0.0000000000e+00   0.0000000000e+00   2.0073835580e-01
   9.6389729977e+02   1.2297599134e-01   0.0000000000e+00   4.7220540047e-01   0.0000000000e+00   0.0000000000e+00   4.0481860819e-01
   9.6389729977e+02   1.2297599134e-01   0.0000000000e+00   4.7220540047e-01   0.0000000000e+00   0.0000000000e+00   4.0481860819e-01
   9.6389729977e+02   1.2297599134e-01   0.0000000000e+00   4.7220540047e-01   0.0000000000e+00   0.0000000000e+00   4.0481860819e-01
   9.6389729977e+02   1.2297599134e-01   0.0000000000e+00   4.7220540047e-01   0.0000000000e+00   0.0000000000e+00   4.0481860819e-01
   9.5402981043e+02   1.1837774693e-01   0.0000000000e+00   4.9194037914e-01   0.0000000000e+00   0.0000000000e+00   3.8968187392e-01
   9.5402981043e+02   1.1837774693e-01   0.0000000000e+00   4.9194037914e-01   0.0000000000e+00   0.0000000000e+00   3.8968187392e-01
   9.5402981043e+02   1.1837774693e-01   0.0000000000e+00   4.9194037914e-01   0.0000000000e+00   0.0000000000e+00   3.8968187392e-01
   9.5402981043e+02   1.1837774693e-01   0.0000000000e+00   4.9194037914e-01   0.0000000000e+00   0.0000000000e+00   3.8968187392e-01
   9.5402981043e+02   1.1837774693e-01   0.0000000000e+00   4.9194037914e-01   0.0000000000e+00   0.0000000000e+00   3.8968187392e-01
   9.5402981043e+02   1.1837774693e-01   0.0000000000e+00   4.9194037914e-01   0.0000000000e+00   0.0000000000e+00   3.8968187392e-01
   9.5402981043e+02   1.1837774693e-01   0.0000000000e+00   4.9194037914e-01   0.0000000000e+00   0.0000000000e+00   3.8968187392e-01
   9.5402981043e+02   1.1837774693e-01   0.0000000000e+00   4.9194037914e-01   0.0000000000e+00   0.0000000000e+00   3.8968187392e-01
   9.9002623260e+02   1.3515205916e-01   0.0000000000e+00   4.1994753480e-01   0.0000000000e+00   0.0000000000e+00   4.4490040604e-01
   9.9002623260e+02   1.3515205916e-01   0.0000000000e+00   4.1994753480e-01   0.0000000000e+00   0.0000000000e+00   4.4490040604e-01
   9.9002623260e+02   1.3515205916e-01   0.0000000000e+00   4.1994753480e-01   0.0000000000e+00   0.0000000000e+00   4.4490040604e-01
   9.9002623260e+02   1.3515205916e-01   0.0000000000e+00   4.1994753480e-01   0.0000000000e+00   0.0000000000e+00   4.4490040604e-01
   9.9002623260e+02   1.3515205916e-01   0.0000000000e+00   4.1994753480e-01   0.0000000000e+00   0.0000000000e+00   4.4490040604e-01
   9.9002623260e+02   1.3515205916e-01   0.0000000000e+00   4.1994753480e-01   0.0000000000e+00   0.0000000000e+00   4.4490040604e-01
   9.9002623260e+02   1.3515205916e-01   0.0000000000e+00   4.1994753480e-01   0.0000000000e+00   0.0000000000e+00   4.4490040604e-01
   9.9002623260e+02   1.3515205916e-01   0.0000000000e+00   4.1994753480e-01   0.0000000000e+00   0.0000000000e+00   4.4490040604e-01
   1.0254360557e+03   1.5165301653e-01   0.0000000000e+00   3.4912788868e-01   0.0000000000e+00   0.0000000000e+00   4.9921909479e-01
   1.0254360557e+03   1.5165301653e-01   0.0000000000e+00   3.4912788868e-01   0.0000000000e+00   0.0000000000e+00   4.9921909479e-01
   1.0254360557e+03   1.5165301653e-01   0.0000000000e+00   3.4912788868e-01   0.0000000000e+00   0.0000000000e+00   4.9921909479e-01
   1.0254360557e+03   1.5165301653e-01   0.0000000000e+00   3.4912788868e-01   0.0000000000e+00   0.0000000000e+00   4.9921909479e-01
   9.2505430877e+02   1.0487517967e-01   0.0000000000e+00   5.4989138246e-01   0.0000000000e+00   0.0000000000e+00   3.4523343787e-01
   9.2505430877e+02   1.0487517967e-01   0.0000000000e+00   5.4989138246e-01   0.0000000000e+00   0.0000000000e+00   3.4523343787e-01
   9.2505430877e+02   1.0487517967e-01   0.0000000000e+00   5.4989138246e-01   0.0000000000e+00   0.0000000000e+00   3.4523343787e-01
   9.2505430877e+02   1.0487517967e-01   0.0000000000e+00   5.4989138246e-01   0.0000000000e+00   0.0000000000e+00   3.4523343787e-01
   9.2505430877e+02   1.0487517967e-01   0.0000000000e+00   5.4989138246e-01   0.0000000000e+00   0.0000000000e+00   3.4523343787e-01
   9.2505430877e+02   1.0487517967e-01   0.0000000000e+00   5.4989138246e-01   0.0000000000e+00   0.0000000000e+00   3.4523343787e-01
   9.2505430877e+02   1.0487517967e-01   0.0000000000e+00   5.4989138246e-01   0.0000000000e+00   0.0000000000e+00   3.4523343787e-01
   9.2505430877e+02   1.0487517967e-01   0.0000000000e+00   5.4989138246e-01   0.0000000000e+00   0.0000000000e+00   3.4523343787e-01
   8.9583129883e+02   9.1257273685e-02   0.0000000000e+00   6.0833740234e-01   0.0000000000e+00   0.0000000000e+00   3.0040532397e-01
   8.9583129883e+02   9.1257273685e-02   0.0000000000e+00   6.0833740234e-01   0.0000000000e+00   0.0000000000e+00   3.0040532397e-01
   8.9583129883e+02   9.1257273685e-02   0.0000000000e+00   6.0833740234e-01   0.0000000000e+00   0.0000000000e+00   3.0040532397e-01
   8.9583129883e+02   9.1257273685e-02   0.0000000000e+00   6.0833740234e-01   0.0000000000e+00   0.0000000000e+00   3.0040532397e-01
   9.8736321628e+02   1.3391109507e-01   0.0000000000e+00   4.2527356744e-01   0.0000000000e+00   0.0000000000e+00   4.4081533749e-01
   9.8736321628e+02   1.3391109507e-01   0.0000000000e+00   4.2527356744e-01   0.0000000000e+00   0.0000000000e+00   4.4081533749e-01
   9.8736321628e+02   1.3391109507e-01   0.0000000000e+00   4.2527356744e-01   0.0000000000e+00   0.0000000000e+00   4.4081533749e-01
   9.8736321628e+02   1.3391109507e-01   0.0000000000e+00   4.2527356744e-01   0.0000000000e+00   0.0000000000e+00   4.4081533749e-01
   9.1783572435e+02   1.0151132344e-01   0.0000000000e+00   5.6432855129e-01   0.0000000000e+00   0.0000000000e+00   3.3416012526e-01
   9.1783572435e+02   1.0151132344e-01   0.0000000000e+00   5.6432855129e-01   0.0000000000e+00   0.0000000000e+00   3.3416012526e-01
   9.6275798678e+02   1.2244507214e-01   0.0000000000e+00   4.7448402643e-01   0.0000000000e+00   0.0000000000e+00   4.0307090143e-01
   9.6275798678e+02   1.2244507214e-01   0.0000000000e+00   4.7448402643e-01   0.0000000000e+00   0.0000000000e+00   4.0307090143e-01
   8.1152648926e+02   5.1971280455e-02   0.0000000000e+00   7.7694702148e-01   0.0000000000e+00   0.0000000000e+00   1.7108169806e-01
   8.1152648926e+02   5.1971280455e-02   0.0000000000e+00   7.7694702148e-01   0.0000000000e+00   0.0000000000e+00   1.7108169806e-01
   8.1152648926e+02   5.1971280455e-02   0.0000000000e+00   7.7694702148e-01   0.0000000000e+00   0.0000000000e+00   1.7108169806e-01
   8.1152648926e+02   5.1971280455e-02   0.0000000000e+00   7.7694702148e-01   0.0000000000e+00   0.0000000000e+00   1.7108169806e-01
   9.1569162607e+02   1.0051217487e-01   0.0000000000e+00   5.6861674786e-01   0.0000000000e+00   0.0000000000e+00   3.3087107728e-01
   9.1569162607e+02   1.0051217487e-01   0.0000000000e+00   5.6861674786e-01   0.0000000000e+00   0.0000000000e+00   3.3087107728e-01
   9.1569162607e+02   1.0051217487e-01   0.0000000000e+00   5.6861674786e-01   0.0000000000e+00   0.0000000000e+00   3.3087107728e-01
   9.1569162607e+02   1.0051217487e-01   0.0000000000e+00   5.6861674786e-01   0.0000000000e+00   0.0000000000e+00   3.3087107728e-01
   9.2215364873e+02   1.0352347374e-01   0.0000000000e+00   5.5569270253e-01   0.0000000000e+00   0.0000000000e+00   3.4078382372e-01
   9.2215364873e+02   1.0352347374e-01   0.0000000000e+00   5.5569270253e-01   0.0000000000e+00   0.0000000000e+00   3.4078382372e-01
   9.2215364873e+02   1.0352347374e-01   0.0000000000e+00   5.5569270253e-01   0.0000000000e+00   0.0000000000e+00   3.4078382372e-01
   9.2215364873e+02   1.0352347374e-01   0.0000000000e+00   5.5569270253e-01   0.0000000000e+00   0.0000000000e+00   3.4078382372e-01
   9.2215364873e+02   1.0352347374e-01   0.0000000000e+00   5.5569270253e-01   0.0000000000e+00   0.0000000000e+00   3.4078382372e-01
   9.2215364873e+02   1.0352347374e-01   0.0000000000e+00   5.5569270253e-01   0.0000000000e+00   0.0000000000e+00   3.4078382372e-01
   9.2215364873e+02   1.0352347374e-01   0.0000000000e+00   5.5569270253e-01   0.0000000000e+00   0.0000000000e+00   3.4078382372e-01
   9.2215364873e+02   1.0352347374e-01   0.0000000000e+00   5.5569270253e-01   0.0000000000e+00   0.0000000000e+00   3.4078382372e-01
   9.2215364873e+02   1.0352347374e-01   0.0000000000e+00   5.5569270253e-01   0.0000000000e+00   0.0000000000e+00   3.4078382372e-01
   9.2215364873e+02   1.0352347374e-01   0.0000000000e+00   5.5569270253e-01   0.0000000000e+00   0.0000000000e+00   3.4078382372e-01
   9.2215364873e+02   1.0352347374e-01   0.0000000000e+00   5.5569270253e-01   0.0000000000e+00   0.0000000000e+00   3.4078382372e-01
   9.2215364873e+02   1.0352347374e-01   0.0000000000e+00   5.5569270253e-01   0.0000000000e+00   0.0000000000e+00   3.4078382372e-01
   9.2215364873e+02   1.0352347374e-01   0.0000000000e+00   5.5569270253e-01   0.0000000000e+00   0.0000000000e+00   3.4078382372e-01
   9.2215364873e+02   1.0352347374e-01   0.0000000000e+00   5.5569270253e-01   0.0000000000e+00   0.0000000000e+00   3.4078382372e-01
   9.2215364873e+02   1.0352347374e-01   0.0000000000e+00   5.5569270253e-01   0.0000000000e+00   0.0000000000e+00   3.4078382372e-01
   9.2215364873e+02   1.0352347374e-01   0.0000000000e+00   5.5569270253e-01   0.0000000000e+00   0.0000000000e+00   3.4078382372e-01
   9.4367347360e+02   1.1355169987e-01   0.0000000000e+00   5.1265305281e-01   0.0000000000e+00   0.0000000000e+00   3.7379524732e-01
   9.4367347360e+02   1.1355169987e-01   0.0000000000e+00   5.1265305281e-01   0.0000000000e+00   0.0000000000e+00   3.7379524732e-01
   9.4367347360e+02   1.1355169987e-01   0.0000000000e+00   5.1265305281e-01   0.0000000000e+00   0.0000000000e+00   3.7379524732e-01
   9.4367347360e+02   1.1355169987e-01   0.0000000000e+00   5.1265305281e-01   0.0000000000e+00   0.0000000000e+00   3.7379524732e-01
   8.8076312542e+02   8.4235513461e-02   0.0000000000e+00   6.3847374916e-01   0.0000000000e+00   0.0000000000e+00   2.7729073738e-01
   8.8076312542e+02   8.4235513461e-02   0.0000000000e+00   6.3847374916e-01   0.0000000000e+00   0.0000000000e+00   2.7729073738e-01
   8.8076312542e+02   8.4235513461e-02   0.0000000000e+00   6.3847374916e-01   0.0000000000e+00   0.0000000000e+00   2.7729073738e-01
   8.8076312542e+02   8.4235513461e-02   0.0000000000e+00   6.3847374916e-01   0.0000000000e+00   0.0000000000e+00   2.7729073738e-01
   9.4367347360e+02   1.1355169987e-01   0.0000000000e+00   5.1265305281e-01   0.0000000000e+00   0.0000000000e+00   3.7379524732e-01
   9.4367347360e+02   1.1355169987e-01   0.0000000000e+00   5.1265305281e-01   0.0000000000e+00   0.0000000000e+00   3.7379524732e-01
   9.4367347360e+02   1.1355169987e-01   0.0000000000e+00   5.1265305281e-01   0.0000000000e+00   0.0000000000e+00   3.7379524732e-01
   9.4367347360e+02   1.1355169987e-01   0.0000000000e+00   5.1265305281e-01   0.0000000000e+00   0.0000000000e+00   3.7379524732e-01
   8.8076312542e+02   8.4235513461e-02   0.0000000000e+00   6.3847374916e-01   0.0000000000e+00   0.0000000000e+00   2.7729073738e-01
   8.8076312542e+02   8.4235513461e-02   0.0000000000e+00   6.3847374916e-01   0.0000000000e+00   0.0000000000e+00   2.7729073738e-01
   8.8076312542e+02   8.4235513461e-02   0.0000000000e+00   6.3847374916e-01   0.0000000000e+00   0.0000000000e+00   2.7729073738e-01
   8.8076312542e+02   8.4235513461e-02   0.0000000000e+00   6.3847374916e-01   0.0000000000e+00   0.0000000000e+00   2.7729073738e-01
   9.7503228188e+02   1.2816488666e-01   0.0000000000e+00   4.4993543625e-01   0.0000000000e+00   0.0000000000e+00   4.2189967709e-01
   9.7503228188e+02   1.2816488666e-01   0.0000000000e+00   4.4993543625e-01   0.0000000000e+00   0.0000000000e+00   4.2189967709e-01
   9.7503228188e+02   1.2816488666e-01   0.0000000000e+00   4.4993543625e-01   0.0000000000e+00   0.0000000000e+00   4.2189967709e-01
   9.7503228188e+02   1.2816488666e-01   0.0000000000e+00   4.4993543625e-01   0.0000000000e+00   0.0000000000e+00   4.2189967709e-01
   9.7503228188e+02   1.2816488666e-01   0.0000000000e+00   4.4993543625e-01   0.0000000000e+00   0.0000000000e+00   4.2189967709e-01
   9.7503228188e+02   1.2816488666e-01   0.0000000000e+00   4.4993543625e-01   0.0000000000e+00   0.0000000000e+00   4.2189967709e-01
   9.7503228188e+02   1.2816488666e-01   0.0000000000e+00   4.4993543625e-01   0.0000000000e+00   0.0000000000e+00   4.2189967709e-01
   9.7503228188e+02   1.2816488666e-01   0.0000000000e+00   4.4993543625e-01   0.0000000000e+00   0.0000000000e+00   4.2189967709e-01
   9.3331642151e+02   1.0872531950e-01   0.0000000000e+00   5.3336715698e-01   0.0000000000e+00   0.0000000000e+00   3.5790752352e-01
   9.3331642151e+02   1.0872531950e-01   0.0000000000e+00   5.3336715698e-01   0.0000000000e+00   0.0000000000e+00   3.5790752352e-01
   9.3331642151e+02   1.0872531950e-01   0.0000000000e+00   5.3336715698e-01   0.0000000000e+00   0.0000000000e+00   3.5790752352e-01
   9.3331642151e+02   1.0872531950e-01   0.0000000000e+00   5.3336715698e-01   0.0000000000e+00   0.0000000000e+00   3.5790752352e-01
   9.5010633469e+02   1.1654940947e-01   0.0000000000e+00   4.9978733063e-01   0.0000000000e+00   0.0000000000e+00   3.8366325990e-01
   9.5010633469e+02   1.1654940947e-01   0.0000000000e+00   4.9978733063e-01   0.0000000000e+00   0.0000000000e+00   3.8366325990e-01
   9.5010633469e+02   1.1654940947e-01   0.0000000000e+00   4.9978733063e-01   0.0000000000e+00   0.0000000000e+00   3.8366325990e-01
   9.5010633469e+02   1.1654940947e-01   0.0000000000e+00   4.9978733063e-01   0.0000000000e+00   0.0000000000e+00   3.8366325990e-01
   1.0393554688e+03   1.5813945510e-01   0.0000000000e+00   3.2128906250e-01   0.0000000000e+00   0.0000000000e+00   5.2057148240e-01
   1.0393554688e+03   1.5813945510e-01   0.0000000000e+00   3.2128906250e-01   0.0000000000e+00   0.0000000000e+00   5.2057148240e-01
   1.0393554688e+03   1.5813945510e-01   0.0000000000e+00   3.2128906250e-01   0.0000000000e+00   0.0000000000e+00   5.2057148240e-01
   1.0393554688e+03   1.5813945510e-01   0.0000000000e+00   3.2128906250e-01   0.0000000000e+00   0.0000000000e+00   5.2057148240e-01
   9.3152446747e+02   1.0789026994e-01   0.0000000000e+00   5.3695106506e-01   0.0000000000e+00   0.0000000000e+00   3.5515866500e-01
   9.3152446747e+02   1.0789026994e-01   0.0000000000e+00   5.3695106506e-01   0.0000000000e+00   0.0000000000e+00   3.5515866500e-01
   9.3152446747e+02   1.0789026994e-01   0.0000000000e+00   5.3695106506e-01   0.0000000000e+00   0.0000000000e+00   3.5515866500e-01
   9.3152446747e+02   1.0789026994e-01   0.0000000000e+00   5.3695106506e-01   0.0000000000e+00   0.0000000000e+00   3.5515866500e-01
   1.0093595505e+03   1.4416137427e-01   0.0000000000e+00   3.8128089905e-01   0.0000000000e+00   0.0000000000e+00   4.7455772668e-01
   1.0093595505e+03   1.4416137427e-01   0.0000000000e+00   3.8128089905e-01   0.0000000000e+00   0.0000000000e+00   4.7455772668e-01
   1.0393554688e+03   1.5813945510e-01   0.0000000000e+00   3.2128906250e-01   0.0000000000e+00   0.0000000000e+00   5.2057148240e-01
   1.0393554688e+03   1.5813945510e-01   0.0000000000e+00   3.2128906250e-01   0.0000000000e+00   0.0000000000e+00   5.2057148240e-01
   1.0243575096e+03   1.5115041469e-01   0.0000000000e+00   3.5128498077e-01   0.0000000000e+00   0.0000000000e+00   4.9756460454e-01
   1.0243575096e+03   1.5115041469e-01   0.0000000000e+00   3.5128498077e-01   0.0000000000e+00   0.0000000000e+00   4.9756460454e-01
   1.0243575096e+03   1.5115041469e-01   0.0000000000e+00   3.5128498077e-01   0.0000000000e+00   0.0000000000e+00   4.9756460454e-01
   1.0243575096e+03   1.5115041469e-01   0.0000000000e+00   3.5128498077e-01   0.0000000000e+00   0.0000000000e+00   4.9756460454e-01
   1.1647140503e+03   2.1655648268e-01   0.0000000000e+00   7.0571899414e-02   0.0000000000e+00   0.0000000000e+00   7.1287161791e-01
   1.1647140503e+03   2.1655648268e-01   0.0000000000e+00   7.0571899414e-02   0.0000000000e+00   0.0000000000e+00   7.1287161791e-01
   1.1647140503e+03   2.1655648268e-01   0.0000000000e+00   7.0571899414e-02   0.0000000000e+00   0.0000000000e+00   7.1287161791e-01
   1.1647140503e+03   2.1655648268e-01   0.0000000000e+00   7.0571899414e-02   0.0000000000e+00   0.0000000000e+00   7.1287161791e-01
   9.8977966309e+02   1.3503715790e-01   0.0000000000e+00   4.2044067383e-01   0.0000000000e+00   0.0000000000e+00   4.4452216827e-01
   9.8977966309e+02   1.3503715790e-01   0.0000000000e+00   4.2044067383e-01   0.0000000000e+00   0.0000000000e+00   4.4452216827e-01
   1.1647140503e+03   2.1655648268e-01   0.0000000000e+00   7.0571899414e-02   0.0000000000e+00   0.0000000000e+00   7.1287161791e-01
   1.1647140503e+03   2.1655648268e-01   0.0000000000e+00   7.0571899414e-02   0.0000000000e+00   0.0000000000e+00   7.1287161791e-01
   8.9336223602e+02   9.0106691824e-02   0.0000000000e+00   6.1327552795e-01   0.0000000000e+00   0.0000000000e+00   2.9661778022e-01
   8.9336223602e+02   9.0106691824e-02   0.0000000000e+00   6.1327552795e-01   0.0000000000e+00   0.0000000000e+00   2.9661778022e-01
   8.9336223602e+02   9.0106691824e-02   0.0000000000e+00   6.1327552795e-01   0.0000000000e+00   0.0000000000e+00   2.9661778022e-01
   8.9336223602e+02   9.0106691824e-02   0.0000000000e+00   6.1327552795e-01   0.0000000000e+00   0.0000000000e+00   2.9661778022e-01
   8.9336223602e+02   9.0106691824e-02   0.0000000000e+00   6.1327552795e-01   0.0000000000e+00   0.0000000000e+00   2.9661778022e-01
   8.9336223602e+02   9.0106691824e-02   0.0000000000e+00   6.1327552795e-01   0.0000000000e+00   0.0000000000e+00   2.9661778022e-01
   8.9336223602e+02   9.0106691824e-02   0.0000000000e+00   6.1327552795e-01   0.0000000000e+00   0.0000000000e+00   2.9661778022e-01
   8.9336223602e+02   9.0106691824e-02   0.0000000000e+00   6.1327552795e-01   0.0000000000e+00   0.0000000000e+00   2.9661778022e-01
   8.8177509308e+02   8.4707089814e-02   0.0000000000e+00   6.3644981384e-01   0.0000000000e+00   0.0000000000e+00   2.7884309634e-01
   8.8177509308e+02   8.4707089814e-02   0.0000000000e+00   6.3644981384e-01   0.0000000000e+00   0.0000000000e+00   2.7884309634e-01
   8.8177509308e+02   8.4707089814e-02   0.0000000000e+00   6.3644981384e-01   0.0000000000e+00   0.0000000000e+00   2.7884309634e-01
   8.8177509308e+02   8.4707089814e-02   0.0000000000e+00   6.3644981384e-01   0.0000000000e+00   0.0000000000e+00   2.7884309634e-01
   8.8177509308e+02   8.4707089814e-02   0.0000000000e+00   6.3644981384e-01   0.0000000000e+00   0.0000000000e+00   2.7884309634e-01
   8.8177509308e+02   8.4707089814e-02   0.0000000000e+00   6.3644981384e-01   0.0000000000e+00   0.0000000000e+00   2.7884309634e-01
   8.8177509308e+02   8.4707089814e-02   0.0000000000e+00   6.3644981384e-01   0.0000000000e+00   0.0000000000e+00   2.7884309634e-01
   8.8177509308e+02   8.4707089814e-02   0.0000000000e+00   6.3644981384e-01   0.0000000000e+00   0.0000000000e+00   2.7884309634e-01
   1.1098854065e+03   1.9100636591e-01   0.0000000000e+00   1.8022918701e-01   0.0000000000e+00   0.0000000000e+00   6.2876444708e-01
   1.1098854065e+03   1.9100636591e-01   0.0000000000e+00   1.8022918701e-01   0.0000000000e+00   0.0000000000e+00   6.2876444708e-01
   1.1098854065e+03   1.9100636591e-01   0.0000000000e+00   1.8022918701e-01   0.0000000000e+00   0.0000000000e+00   6.2876444708e-01
   1.1098854065e+03   1.9100636591e-01   0.0000000000e+00   1.8022918701e-01   0.0000000000e+00   0.0000000000e+00   6.2876444708e-01
   1.0224182129e+03   1.5024670352e-01   0.0000000000e+00   3.5516357422e-01   0.0000000000e+00   0.0000000000e+00   4.9458972226e-01
   1.0224182129e+03   1.5024670352e-01   0.0000000000e+00   3.5516357422e-01   0.0000000000e+00   0.0000000000e+00   4.9458972226e-01
   1.0224182129e+03   1.5024670352e-01   0.0000000000e+00   3.5516357422e-01   0.0000000000e+00   0.0000000000e+00   4.9458972226e-01
   1.0224182129e+03   1.5024670352e-01   0.0000000000e+00   3.5516357422e-01   0.0000000000e+00   0.0000000000e+00   4.9458972226e-01
   8.8756866455e+02   8.7406890819e-02   0.0000000000e+00   6.2486267090e-01   0.0000000000e+00   0.0000000000e+00   2.8773043828e-01
   8.8756866455e+02   8.7406890819e-02   0.0000000000e+00   6.2486267090e-01   0.0000000000e+00   0.0000000000e+00   2.8773043828e-01
   8.8756866455e+02   8.7406890819e-02   0.0000000000e+00   6.2486267090e-01   0.0000000000e+00   0.0000000000e+00   2.8773043828e-01
   8.8756866455e+02   8.7406890819e-02   0.0000000000e+00   6.2486267090e-01   0.0000000000e+00   0.0000000000e+00   2.8773043828e-01
   8.7990112305e+02   8.3833820847e-02   0.0000000000e+00   6.4019775391e-01   0.0000000000e+00   0.0000000000e+00   2.7596842525e-01
   8.7990112305e+02   8.3833820847e-02   0.0000000000e+00   6.4019775391e-01   0.0000000000e+00   0.0000000000e+00   2.7596842525e-01
   8.7990112305e+02   8.3833820847e-02   0.0000000000e+00   6.4019775391e-01   0.0000000000e+00   0.0000000000e+00   2.7596842525e-01
   8.7990112305e+02   8.3833820847e-02   0.0000000000e+00   6.4019775391e-01   0.0000000000e+00   0.0000000000e+00   2.7596842525e-01
   8.9216918945e+02   8.9550732803e-02   0.0000000000e+00   6.1566162109e-01   0.0000000000e+00   0.0000000000e+00   2.9478764610e-01
   8.9216918945e+02   8.9550732803e-02   0.0000000000e+00   6.1566162109e-01   0.0000000000e+00   0.0000000000e+00   2.9478764610e-01
   8.8910217285e+02   8.8121504814e-02   0.0000000000e+00   6.2179565430e-01   0.0000000000e+00   0.0000000000e+00   2.9008284089e-01
   8.8910217285e+02   8.8121504814e-02   0.0000000000e+00   6.2179565430e-01   0.0000000000e+00   0.0000000000e+00   2.9008284089e-01
   8.7990112305e+02   8.3833820847e-02   0.0000000000e+00   6.4019775391e-01   0.0000000000e+00   0.0000000000e+00   2.7596842525e-01
   8.7990112305e+02   8.3833820847e-02   0.0000000000e+00   6.4019775391e-01   0.0000000000e+00   0.0000000000e+00   2.7596842525e-01
   8.7990112305e+02   8.3833820847e-02   0.0000000000e+00   6.4019775391e-01   0.0000000000e+00   0.0000000000e+00   2.7596842525e-01
   8.7990112305e+02   8.3833820847e-02   0.0000000000e+00   6.4019775391e-01   0.0000000000e+00   0.0000000000e+00   2.7596842525e-01
   1.1630203247e+03   2.1576720752e-01   0.0000000000e+00   7.3959350586e-02   0.0000000000e+00   0.0000000000e+00   7.1027344189e-01
   1.1630203247e+03   2.1576720752e-01   0.0000000000e+00   7.3959350586e-02   0.0000000000e+00   0.0000000000e+00   7.1027344189e-01
   1.1630203247e+03   2.1576720752e-01   0.0000000000e+00   7.3959350586e-02   0.0000000000e+00   0.0000000000e+00   7.1027344189e-01
   1.1630203247e+03   2.1576720752e-01   0.0000000000e+00   7.3959350586e-02   0.0000000000e+00   0.0000000000e+00   7.1027344189e-01
   1.1630203247e+03   2.1576720752e-01   0.0000000000e+00   7.3959350586e-02   0.0000000000e+00   0.0000000000e+00   7.1027344189e-01
   1.1630203247e+03   2.1576720752e-01   0.0000000000e+00   7.3959350586e-02   0.0000000000e+00   0.0000000000e+00   7.1027344189e-01
   1.1630203247e+03   2.1576720752e-01   0.0000000000e+00   7.3959350586e-02   0.0000000000e+00   0.0000000000e+00   7.1027344189e-01
   1.1630203247e+03   2.1576720752e-01   0.0000000000e+00   7.3959350586e-02   0.0000000000e+00   0.0000000000e+00   7.1027344189e-01
   1.0224182129e+03   1.5024670352e-01   0.0000000000e+00   3.5516357422e-01   0.0000000000e+00   0.0000000000e+00   4.9458972226e-01
   1.0224182129e+03   1.5024670352e-01   0.0000000000e+00   3.5516357422e-01   0.0000000000e+00   0.0000000000e+00   4.9458972226e-01
   1.0224182129e+03   1.5024670352e-01   0.0000000000e+00   3.5516357422e-01   0.0000000000e+00   0.0000000000e+00   4.9458972226e-01
   1.0224182129e+03   1.5024670352e-01   0.0000000000e+00   3.5516357422e-01   0.0000000000e+00   0.0000000000e+00   4.9458972226e-01
   1.0224182129e+03   1.5024670352e-01   0.0000000000e+00   3.5516357422e-01   0.0000000000e+00   0.0000000000e+00   4.9458972226e-01
   1.0224182129e+03   1.5024670352e-01   0.0000000000e+00   3.5516357422e-01   0.0000000000e+00   0.0000000000e+00   4.9458972226e-01
   1.0224182129e+03   1.5024670352e-01   0.0000000000e+00   3.5516357422e-01   0.0000000000e+00   0.0000000000e+00   4.9458972226e-01
   1.0224182129e+03   1.5024670352e-01   0.0000000000e+00   3.5516357422e-01   0.0000000000e+00   0.0000000000e+00   4.9458972226e-01