# time = 100.987
# Grid Poins = 256    variable_0    variable_1    variable_2    variable_3    variable_4    variable_5    variable_6
   9.4999998897e+02   1.1649985243e-01   0.0000000000e+00   5.0000002206e-01   0.0000000000e+00   0.0000000000e+00   3.8350012551e-01
   9.4999998897e+02   1.1649985243e-01   0.0000000000e+00   5.0000002206e-01   0.0000000000e+00   0.0000000000e+00   3.8350012551e-01
   9.4999998897e+02   1.1649985243e-01   0.0000000000e+00   5.0000002206e-01   0.0000000000e+00   0.0000000000e+00   3.8350012551e-01
   9.4999998897e+02   1.1649985243e-01   0.0000000000e+00   5.0000002206e-01   0.0000000000e+00   0.0000000000e+00   3.8350012551e-01
   9.4999998897e+02   1.1649985243e-01   0.0000000000e+00   5.0000002206e-01   0.0000000000e+00   0.0000000000e+00   3.8350012551e-01
   9.4999998897e+02   1.1649985243e-01   0.0000000000e+00   5.0000002206e-01   0.0000000000e+00   0.0000000000e+00   3.8350012551e-01
   9.4999998897e+02   1.1649985243e-01   0.0000000000e+00   5.0000002206e-01   0.0000000000e+00   0.0000000000e+00   3.8350012551e-01
   9.4999998897e+02   1.1649985243e-01   0.0000000000e+00   5.0000002206e-01   0.0000000000e+00   0.0000000000e+00   3.8350012551e-01
   9.4999998838e+02   1.1649985216e-01   0.0000000000e+00   5.0000002323e-01   0.0000000000e+00   0.0000000000e+00   3.8350012461e-01
   9.4999998838e+02   1.1649985216e-01   0.0000000000e+00   5.0000002323e-01   0.0000000000e+00   0.0000000000e+00   3.8350012461e-01
   9.4999998838e+02   1.1649985216e-01   0.0000000000e+00   5.0000002323e-01   0.0000000000e+00   0.0000000000e+00   3.8350012461e-01
   9.4999998838e+02   1.1649985216e-01   0.0000000000e+00   5.0000002323e-01   0.0000000000e+00   0.0000000000e+00   3.8350012461e-01
   9.4999998838e+02   1.1649985216e-01   0.0000000000e+00   5.0000002323e-01   0.0000000000e+00   0.0000000000e+00   3.8350012461e-01
   9.4999998838e+02   1.1649985216e-01   0.0000000000e+00   5.0000002323e-01   0.0000000000e+00   0.0000000000e+00   3.8350012461e-01
   9.4999998838e+02   1.1649985216e-01   0.0000000000e+00   5.0000002323e-01   0.0000000000e+00   0.0000000000e+00   3.8350012461e-01
   9.4999998838e+02   1.1649985216e-01   0.0000000000e+00   5.0000002323e-01   0.0000000000e+00   0.0000000000e+00   3.8350012461e-01
   9.5000001296e+02   1.1649986361e-01   0.0000000000e+00   4.9999997407e-01   0.0000000000e+00   0.0000000000e+00   3.8350016232e-01
   9.5000001296e+02   1.1649986361e-01   0.0000000000e+00   4.9999997407e-01   0.0000000000e+00   0.0000000000e+00   3.8350016232e-01
   9.5000001296e+02   1.1649986361e-01   0.0000000000e+00   4.9999997407e-01   0.0000000000e+00   0.0000000000e+00   3.8350016232e-01
   9.5000001296e+02   1.1649986361e-01   0.0000000000e+00   4.9999997407e-01   0.0000000000e+00   0.0000000000e+00   3.8350016232e-01
   9.5000002198e+02   1.1649986781e-01   0.0000000000e+00   4.9999995603e-01   0.0000000000e+00   0.0000000000e+00   3.8350017615e-01
   9.5000002198e+02   1.1649986781e-01   0.0000000000e+00   4.9999995603e-01   0.0000000000e+00   0.0000000000e+00   3.8350017615e-01
   9.5000001089e+02   1.1649986264e-01   0.0000000000e+00   4.9999997822e-01   0.0000000000e+00   0.0000000000e+00   3.8350015913e-01
   9.5000001089e+02   1.1649986264e-01   0.0000000000e+00   4.9999997822e-01   0.0000000000e+00   0.0000000000e+00   3.8350015913e-01
   9.5000003237e+02   1.1649987265e-01   0.0000000000e+00   4.9999993527e-01   0.0000000000e+00   0.0000000000e+00   3.8350019208e-01
   9.5000003237e+02   1.1649987265e-01   0.0000000000e+00   4.9999993527e-01   0.0000000000e+00   0.0000000000e+00   3.8350019208e-01
   9.5000003237e+02   1.1649987265e-01   0.0000000000e+00   4.9999993527e-01   0.0000000000e+00   0.0000000000e+00   3.8350019208e-01
   9.5000003237e+02   1.1649987265e-01   0.0000000000e+00   4.9999993527e-01   0.0000000000e+00   0.0000000000e+00   3.8350019208e-01
   9.5000001089e+02   1.1649986264e-01   0.0000000000e+00   4.9999997822e-01   0.0000000000e+00   0.0000000000e+00   3.8350015913e-01
   9.5000001089e+02   1.1649986264e-01   0.0000000000e+00   4.9999997822e-01   0.0000000000e+00   0.0000000000e+00   3.8350015913e-01
   9.5000002198e+02   1.1649986781e-01   0.0000000000e+00   4.9999995603e-01   0.0000000000e+00   0.0000000000e+00   3.8350017615e-01
   9.5000002198e+02   1.1649986781e-01   0.0000000000e+00   4.9999995603e-01   0.0000000000e+00   0.0000000000e+00   3.8350017615e-01
   9.4999997399e+02   1.1649984545e-01   0.0000000000e+00   5.0000005203e-01   0.0000000000e+00   0.0000000000e+00   3.8350010253e-01
   9.4999997399e+02   1.1649984545e-01   0.0000000000e+00   5.0000005203e-01   0.0000000000e+00   0.0000000000e+00   3.8350010253e-01
   9.4999997399e+02   1.1649984545e-01   0.0000000000e+00   5.0000005203e-01   0.0000000000e+00   0.0000000000e+00   3.8350010253e-01
   9.4999997399e+02   1.1649984545e-01   0.0000000000e+00   5.0000005203e-01   0.0000000000e+00   0.0000000000e+00   3.8350010253e-01
   9.5000001074e+02   1.1649986257e-01   0.0000000000e+00   4.9999997853e-01   0.0000000000e+00   0.0000000000e+00   3.8350015890e-01
   9.5000001074e+02   1.1649986257e-01   0.0000000000e+00   4.9999997853e-01   0.0000000000e+00   0.0000000000e+00   3.8350015890e-01
   9.5000001074e+02   1.1649986257e-01   0.0000000000e+00   4.9999997853e-01   0.0000000000e+00   0.0000000000e+00   3.8350015890e-01
   9.5000001074e+02   1.1649986257e-01   0.0000000000e+00   4.9999997853e-01   0.0000000000e+00   0.0000000000e+00   3.8350015890e-01
   9.5000001022e+02   1.1649986233e-01   0.0000000000e+00   4.9999997956e-01   0.0000000000e+00   0.0000000000e+00   3.8350015811e-01
   9.5000001022e+02   1.1649986233e-01   0.0000000000e+00   4.9999997956e-01   0.0000000000e+00   0.0000000000e+00   3.8350015811e-01
   9.5000000918e+02   1.1649986185e-01   0.0000000000e+00   4.9999998163e-01   0.0000000000e+00   0.0000000000e+00   3.8350015652e-01
   9.5000000918e+02   1.1649986185e-01   0.0000000000e+00   4.9999998163e-01   0.0000000000e+00   0.0000000000e+00   3.8350015652e-01
   9.4999997399e+02   1.1649984545e-01   0.0000000000e+00   5.0000005203e-01   0.0000000000e+00   0.0000000000e+00   3.8350010253e-01
   9.4999997399e+02   1.1649984545e-01   0.0000000000e+00   5.0000005203e-01   0.0000000000e+00   0.0000000000e+00   3.8350010253e-01
   9.4999997399e+02   1.1649984545e-01   0.0000000000e+00   5.0000005203e-01   0.0000000000e+00   0.0000000000e+00   3.8350010253e-01
   9.4999997399e+02   1.1649984545e-01   0.0000000000e+00   5.0000005203e-01   0.0000000000e+00   0.0000000000e+00   3.8350010253e-01
   9.4999997547e+02   1.1649984614e-01   0.0000000000e+00   5.0000004907e-01   0.0000000000e+00   0.0000000000e+00   3.8350010479e-01
   9.4999997547e+02   1.1649984614e-01   0.0000000000e+00   5.0000004907e-01   0.0000000000e+00   0.0000000000e+00   3.8350010479e-01
   9.4999997547e+02   1.1649984614e-01   0.0000000000e+00   5.0000004907e-01   0.0000000000e+00   0.0000000000e+00   3.8350010479e-01
   9.4999997547e+02   1.1649984614e-01   0.0000000000e+00   5.0000004907e-01   0.0000000000e+00   0.0000000000e+00   3.8350010479e-01
   9.4999997547e+02   1.1649984614e-01   0.0000000000e+00   5.0000004907e-01   0.0000000000e+00   0.0000000000e+00   3.8350010479e-01
   9.4999997547e+02   1.1649984614e-01   0.0000000000e+00   5.0000004907e-01   0.0000000000e+00   0.0000000000e+00   3.8350010479e-01
   9.4999997547e+02   1.1649984614e-01   0.0000000000e+00   5.0000004907e-01   0.0000000000e+00   0.0000000000e+00   3.8350010479e-01
   9.4999997547e+02   1.1649984614e-01   0.0000000000e+00   5.0000004907e-01   0.0000000000e+00   0.0000000000e+00   3.8350010479e-01
   9.5000000401e+02   1.1649985944e-01   0.0000000000e+00   4.9999999199e-01   0.0000000000e+00   0.0000000000e+00   3.8350014857e-01
   9.5000000401e+02   1.1649985944e-01   0.0000000000e+00   4.9999999199e-01   0.0000000000e+00   0.0000000000e+00   3.8350014857e-01
   9.5000000401e+02   1.1649985944e-01   0.0000000000e+00   4.9999999199e-01   0.0000000000e+00   0.0000000000e+00   3.8350014857e-01
   9.5000000401e+02   1.1649985944e-01   0.0000000000e+00   4.9999999199e-01   0.0000000000e+00   0.0000000000e+00   3.8350014857e-01
   9.5000000401e+02   1.1649985944e-01   0.0000000000e+00   4.9999999199e-01   0.0000000000e+00   0.0000000000e+00   3.8350014857e-01
   9.5000000401e+02   1.1649985944e-01   0.0000000000e+00   4.9999999199e-01   0.0000000000e+00   0.0000000000e+00   3.8350014857e-01
   9.5000000401e+02   1.1649985944e-01   0.0000000000e+00   4.9999999199e-01   0.0000000000e+00   0.0000000000e+00   3.8350014857e-01
   9.5000000401e+02   1.1649985944e-01   0.0000000000e+00   4.9999999199e-01   0.0000000000e+00   0.0000000000e+00   3.8350014857e-01
   9.4999997275e+02   1.1649984487e-01   0.0000000000e+00   5.0000005450e-01   0.0000000000e+00   0.0000000000e+00   3.8350010063e-01
   9.4999997275e+02   1.1649984487e-01   0.0000000000e+00   5.0000005450e-01   0.0000000000e+00   0.0000000000e+00   3.8350010063e-01
   9.4999997275e+02   1.1649984487e-01   0.0000000000e+00   5.0000005450e-01   0.0000000000e+00   0.0000000000e+00   3.8350010063e-01
   9.4999997275e+02   1.1649984487e-01   0.0000000000e+00   5.0000005450e-01   0.0000000000e+00   0.0000000000e+00   3.8350010063e-01
   9.5000002967e+02   1.1649987140e-01   0.0000000000e+00   4.9999994066e-01   0.0000000000e+00   0.0000000000e+00   3.8350018794e-01
   9.5000002967e+02   1.1649987140e-01   0.0000000000e+00   4.9999994066e-01   0.0000000000e+00   0.0000000000e+00   3.8350018794e-01
   9.5000002967e+02   1.1649987140e-01   0.0000000000e+00   4.9999994066e-01   0.0000000000e+00   0.0000000000e+00   3.8350018794e-01
   9.5000002967e+02   1.1649987140e-01   0.0000000000e+00   4.9999994066e-01   0.0000000000e+00   0.0000000000e+00   3.8350018794e-01
   9.5000000005e+02   1.1649985759e-01   0.0000000000e+00   4.9999999991e-01   0.0000000000e+00   0.0000000000e+00   3.8350014250e-01
   9.5000000005e+02   1.1649985759e-01   0.0000000000e+00   4.9999999991e-01   0.0000000000e+00   0.0000000000e+00   3.8350014250e-01
   9.5000000005e+02   1.1649985759e-01   0.0000000000e+00   4.9999999991e-01   0.0000000000e+00   0.0000000000e+00   3.8350014250e-01
   9.5000000005e+02   1.1649985759e-01   0.0000000000e+00   4.9999999991e-01   0.0000000000e+00   0.0000000000e+00   3.8350014250e-01
   9.4999997749e+02   1.1649984708e-01   0.0000000000e+00   5.0000004502e-01   0.0000000000e+00   0.0000000000e+00   3.8350010790e-01
   9.4999997749e+02   1.1649984708e-01   0.0000000000e+00   5.0000004502e-01   0.0000000000e+00   0.0000000000e+00   3.8350010790e-01
   9.5000002260e+02   1.1649986810e-01   0.0000000000e+00   4.9999995479e-01   0.0000000000e+00   0.0000000000e+00   3.8350017710e-01
   9.5000002260e+02   1.1649986810e-01   0.0000000000e+00   4.9999995479e-01   0.0000000000e+00   0.0000000000e+00   3.8350017710e-01
   9.5000000052e+02   1.1649985781e-01   0.0000000000e+00   4.9999999897e-01   0.0000000000e+00   0.0000000000e+00   3.8350014322e-01
   9.5000000052e+02   1.1649985781e-01   0.0000000000e+00   4.9999999897e-01   0.0000000000e+00   0.0000000000e+00   3.8350014322e-01
   9.5000000052e+02   1.1649985781e-01   0.0000000000e+00   4.9999999897e-01   0.0000000000e+00   0.0000000000e+00   3.8350014322e-01
   9.5000000052e+02   1.1649985781e-01   0.0000000000e+00   4.9999999897e-01   0.0000000000e+00   0.0000000000e+00   3.8350014322e-01
   9.5000000052e+02   1.1649985781e-01   0.0000000000e+00   4.9999999897e-01   0.0000000000e+00   0.0000000000e+00   3.8350014322e-01
   9.5000000052e+02   1.1649985781e-01   0.0000000000e+00   4.9999999897e-01   0.0000000000e+00   0.0000000000e+00   3.8350014322e-01
   9.5000000052e+02   1.1649985781e-01   0.0000000000e+00   4.9999999897e-01   0.0000000000e+00   0.0000000000e+00   3.8350014322e-01
   9.5000000052e+02   1.1649985781e-01   0.0000000000e+00   4.9999999897e-01   0.0000000000e+00   0.0000000000e+00   3.8350014322e-01
   9.5000002591e+02   1.1649986964e-01   0.0000000000e+00   4.9999994818e-01   0.0000000000e+00   0.0000000000e+00   3.8350018218e-01
   9.5000002591e+02   1.1649986964e-01   0.0000000000e+00   4.9999994818e-01   0.0000000000e+00   0.0000000000e+00   3.8350018218e-01
   9.5000002591e+02   1.1649986964e-01   0.0000000000e+00   4.9999994818e-01   0.0000000000e+00   0.0000000000e+00   3.8350018218e-01
   9.5000002591e+02   1.1649986964e-01   0.0000000000e+00   4.9999994818e-01   0.0000000000e+00   0.0000000000e+00   3.8350018218e-01
   9.4999997512e+02   1.1649984598e-01   0.0000000000e+00   5.0000004976e-01   0.0000000000e+00   0.0000000000e+00   3.8350010426e-01
   9.4999997512e+02   1.1649984598e-01   0.0000000000e+00   5.0000004976e-01   0.0000000000e+00   0.0000000000e+00   3.8350010426e-01
   9.4999997512e+02   1.1649984598e-01   0.0000000000e+00   5.0000004976e-01   0.0000000000e+00   0.0000000000e+00   3.8350010426e-01
   9.4999997512e+02   1.1649984598e-01   0.0000000000e+00   5.0000004976e-01   0.0000000000e+00   0.0000000000e+00   3.8350010426e-01
   9.5000002462e+02   1.1649986904e-01   0.0000000000e+00   4.9999995076e-01   0.0000000000e+00   0.0000000000e+00   3.8350018019e-01
   9.5000002462e+02   1.1649986904e-01   0.0000000000e+00   4.9999995076e-01   0.0000000000e+00   0.0000000000e+00   3.8350018019e-01
   9.5000002462e+02   1.1649986904e-01   0.0000000000e+00   4.9999995076e-01   0.0000000000e+00   0.0000000000e+00   3.8350018019e-01
   9.5000002462e+02   1.1649986904e-01   0.0000000000e+00   4.9999995076e-01   0.0000000000e+00   0.0000000000e+00   3.8350018019e-01
   9.5000002462e+02   1.1649986904e-01   0.0000000000e+00   4.9999995076e-01   0.0000000000e+00   0.0000000000e+00   3.8350018019e-01
   9.5000002462e+02   1.1649986904e-01   0.0000000000e+00   4.9999995076e-01   0.0000000000e+00   0.0000000000e+00   3.8350018019e-01
   9.5000002462e+02   1.1649986904e-01   0.0000000000e+00   4.9999995076e-01   0.0000000000e+00   0.0000000000e+00   3.8350018019e-01
   9.5000002462e+02   1.1649986904e-01   0.0000000000e+00   4.9999995076e-01   0.0000000000e+00   0.0000000000e+00   3.8350018019e-01
   9.4999999750e+02   1.1649985641e-01   0.0000000000e+00   5.0000000500e-01   0.0000000000e+00   0.0000000000e+00   3.8350013860e-01
   9.4999999750e+02   1.1649985641e-01   0.0000000000e+00   5.0000000500e-01   0.0000000000e+00   0.0000000000e+00   3.8350013860e-01
   9.4999999750e+02   1.1649985641e-01   0.0000000000e+00   5.0000000500e-01   0.0000000000e+00   0.0000000000e+00   3.8350013860e-01
   9.4999999750e+02   1.1649985641e-01   0.0000000000e+00   5.0000000500e-01   0.0000000000e+00   0.0000000000e+00   3.8350013860e-01
   9.4999999750e+02   1.1649985641e-01   0.0000000000e+00   5.0000000500e-01   0.0000000000e+00   0.0000000000e+00   3.8350013860e-01
   9.4999999750e+02   1.1649985641e-01   0.0000000000e+00   5.0000000500e-01   0.0000000000e+00   0.0000000000e+00   3.8350013860e-01
   9.4999999750e+02   1.1649985641e-01   0.0000000000e+00   5.0000000500e-01   0.0000000000e+00   0.0000000000e+00   3.8350013860e-01
   9.4999999750e+02   1.1649985641e-01   0.0000000000e+00   5.0000000500e-01   0.0000000000e+00   0.0000000000e+00   3.8350013860e-01
   9.5000000674e+02   1.1649986071e-01   0.0000000000e+00   4.9999998653e-01   0.0000000000e+00   0.0000000000e+00   3.8350015276e-01
   9.5000000674e+02   1.1649986071e-01   0.0000000000e+00   4.9999998653e-01   0.0000000000e+00   0.0000000000e+00   3.8350015276e-01
   9.5000001991e+02   1.1649986685e-01   0.0000000000e+00   4.9999996018e-01   0.0000000000e+00   0.0000000000e+00   3.8350017297e-01
   9.5000001991e+02   1.1649986685e-01   0.0000000000e+00   4.9999996018e-01   0.0000000000e+00   0.0000000000e+00   3.8350017297e-01
   9.5000000674e+02   1.1649986071e-01   0.0000000000e+00   4.9999998653e-01   0.0000000000e+00   0.0000000000e+00   3.8350015276e-01
   9.5000000674e+02   1.1649986071e-01   0.0000000000e+00   4.9999998653e-01   0.0000000000e+00   0.0000000000e+00   3.8350015276e-01
   9.4999999356e+02   1.1649985457e-01   0.0000000000e+00   5.0000001287e-01   0.0000000000e+00   0.0000000000e+00   3.8350013256e-01
   9.4999999356e+02   1.1649985457e-01   0.0000000000e+00   5.0000001287e-01   0.0000000000e+00   0.0000000000e+00   3.8350013256e-01
   9.4999999772e+02   1.1649985651e-01   0.0000000000e+00   5.0000000457e-01   0.0000000000e+00   0.0000000000e+00   3.8350013893e-01
   9.4999999772e+02   1.1649985651e-01   0.0000000000e+00   5.0000000457e-01   0.0000000000e+00   0.0000000000e+00   3.8350013893e-01
   9.4999999772e+02   1.1649985651e-01   0.0000000000e+00   5.0000000457e-01   0.0000000000e+00   0.0000000000e+00   3.8350013893e-01
   9.4999999772e+02   1.1649985651e-01   0.0000000000e+00   5.0000000457e-01   0.0000000000e+00   0.0000000000e+00   3.8350013893e-01
   9.4999999772e+02   1.1649985651e-01   0.0000000000e+00   5.0000000457e-01   0.0000000000e+00   0.0000000000e+00   3.8350013893e-01
   9.4999999772e+02   1.1649985651e-01   0.0000000000e+00   5.0000000457e-01   0.0000000000e+00   0.0000000000e+00   3.8350013893e-01
   9.4999999772e+02   1.1649985651e-01   0.0000000000e+00   5.0000000457e-01   0.0000000000e+00   0.0000000000e+00   3.8350013893e-01
   9.4999999772e+02   1.1649985651e-01   0.0000000000e+00   5.0000000457e-01   0.0000000000e+00   0.0000000000e+00   3.8350013893e-01
   9.4999997891e+02   1.1649984774e-01   0.0000000000e+00   5.0000004219e-01   0.0000000000e+00   0.0000000000e+00   3.8350011007e-01
   9.4999997891e+02   1.1649984774e-01   0.0000000000e+00   5.0000004219e-01   0.0000000000e+00   0.0000000000e+00   3.8350011007e-01
   9.4999997891e+02   1.1649984774e-01   0.0000000000e+00   5.0000004219e-01   0.0000000000e+00   0.0000000000e+00   3.8350011007e-01
   9.4999997891e+02   1.1649984774e-01   0.0000000000e+00   5.0000004219e-01   0.0000000000e+00   0.0000000000e+00   3.8350011007e-01
   9.4999998279e+02   1.1649984955e-01   0.0000000000e+00   5.0000003442e-01   0.0000000000e+00   0.0000000000e+00   3.8350011603e-01
   9.4999998279e+02   1.1649984955e-01   0.0000000000e+00   5.0000003442e-01   0.0000000000e+00   0.0000000000e+00   3.8350011603e-01
   9.4999997502e+02   1.1649984593e-01   0.0000000000e+00   5.0000004996e-01   0.0000000000e+00   0.0000000000e+00   3.8350010411e-01
   9.4999997502e+02   1.1649984593e-01   0.0000000000e+00   5.0000004996e-01   0.0000000000e+00   0.0000000000e+00   3.8350010411e-01
   9.5000000256e+02   1.1649985876e-01   0.0000000000e+00   4.9999999489e-01   0.0000000000e+00   0.0000000000e+00   3.8350014635e-01
   9.5000000256e+02   1.1649985876e-01   0.0000000000e+00   4.9999999489e-01   0.0000000000e+00   0.0000000000e+00   3.8350014635e-01
   9.5000000256e+02   1.1649985876e-01   0.0000000000e+00   4.9999999489e-01   0.0000000000e+00   0.0000000000e+00   3.8350014635e-01
   9.5000000256e+02   1.1649985876e-01   0.0000000000e+00   4.9999999489e-01   0.0000000000e+00   0.0000000000e+00   3.8350014635e-01
   9.5000000256e+02   1.1649985876e-01   0.0000000000e+00   4.9999999489e-01   0.0000000000e+00   0.0000000000e+00   3.8350014635e-01
   9.5000000256e+02   1.1649985876e-01   0.0000000000e+00   4.9999999489e-01   0.0000000000e+00   0.0000000000e+00   3.8350014635e-01
   9.5000000256e+02   1.1649985876e-01   0.0000000000e+00   4.9999999489e-01   0.0000000000e+00   0.0000000000e+00   3.8350014635e-01
   9.5000000256e+02   1.1649985876e-01   0.0000000000e+00   4.9999999489e-01   0.0000000000e+00   0.0000000000e+00   3.8350014635e-01
   9.4999998760e+02   1.1649985179e-01   0.0000000000e+00   5.0000002480e-01   0.0000000000e+00   0.0000000000e+00   3.8350012341e-01
   9.4999998760e+02   1.1649985179e-01   0.0000000000e+00   5.0000002480e-01   0.0000000000e+00   0.0000000000e+00   3.8350012341e-01
   9.4999998760e+02   1.1649985179e-01   0.0000000000e+00   5.0000002480e-01   0.0000000000e+00   0.0000000000e+00   3.8350012341e-01
   9.4999998760e+02   1.1649985179e-01   0.0000000000e+00   5.0000002480e-01   0.0000000000e+00   0.0000000000e+00   3.8350012341e-01
   9.4999998572e+02   1.1649985091e-01   0.0000000000e+00   5.0000002856e-01   0.0000000000e+00   0.0000000000e+00   3.8350012052e-01
   9.4999998572e+02   1.1649985091e-01   0.0000000000e+00   5.0000002856e-01   0.0000000000e+00   0.0000000000e+00   3.8350012052e-01
   9.4999998572e+02   1.1649985091e-01   0.0000000000e+00   5.0000002856e-01   0.0000000000e+00   0.0000000000e+00   3.8350012052e-01
   9.4999998572e+02   1.1649985091e-01   0.0000000000e+00   5.0000002856e-01   0.0000000000e+00   0.0000000000e+00   3.8350012052e-01
   9.4999998572e+02   1.1649985091e-01   0.0000000000e+00   5.0000002856e-01   0.0000000000e+00   0.0000000000e+00   3.8350012052e-01
   9.4999998572e+02   1.1649985091e-01   0.0000000000e+00   5.0000002856e-01   0.0000000000e+00   0.0000000000e+00   3.8350012052e-01
   9.4999998572e+02   1.1649985091e-01   0.0000000000e+00   5.0000002856e-01   0.0000000000e+00   0.0000000000e+00   3.8350012052e-01
   9.4999998572e+02   1.1649985091e-01   0.0000000000e+00   5.0000002856e-01   0.0000000000e+00   0.0000000000e+00   3.8350012052e-01
   9.4999999764e+02   1.1649985647e-01   0.0000000000e+00   5.0000000471e-01   0.0000000000e+00   0.0000000000e+00   3.8350013882e-01
   9.4999999764e+02   1.1649985647e-01   0.0000000000e+00   5.0000000471e-01   0.0000000000e+00   0.0000000000e+00   3.8350013882e-01
   9.4999999764e+02   1.1649985647e-01   0.0000000000e+00   5.0000000471e-01   0.0000000000e+00   0.0000000000e+00   3.8350013882e-01
   9.4999999764e+02   1.1649985647e-01   0.0000000000e+00   5.0000000471e-01   0.0000000000e+00   0.0000000000e+00   3.8350013882e-01
   9.4999997891e+02   1.1649984774e-01   0.0000000000e+00   5.0000004219e-01   0.0000000000e+00   0.0000000000e+00   3.8350011007e-01
   9.4999997891e+02   1.1649984774e-01   0.0000000000e+00   5.0000004219e-01   0.0000000000e+00   0.0000000000e+00   3.8350011007e-01
   9.4999997891e+02   1.1649984774e-01   0.0000000000e+00   5.0000004219e-01   0.0000000000e+00   0.0000000000e+00   3.8350011007e-01
   9.4999997891e+02   1.1649984774e-01   0.0000000000e+00   5.0000004219e-01   0.0000000000e+00   0.0000000000e+00   3.8350011007e-01
   9.4999997891e+02   1.1649984774e-01   0.0000000000e+00   5.0000004219e-01   0.0000000000e+00   0.0000000000e+00   3.8350011007e-01
   9.4999997891e+02   1.1649984774e-01   0.0000000000e+00   5.0000004219e-01   0.0000000000e+00   0.0000000000e+00   3.8350011007e-01
   9.4999997891e+02   1.1649984774e-01   0.0000000000e+00   5.0000004219e-01   0.0000000000e+00   0.0000000000e+00   3.8350011007e-01
   9.4999997891e+02   1.1649984774e-01   0.0000000000e+00   5.0000004219e-01   0.0000000000e+00   0.0000000000e+00   3.8350011007e-01
   9.4999999734e+02   1.1649985633e-01   0.0000000000e+00   5.0000000532e-01   0.0000000000e+00   0.0000000000e+00   3.8350013835e-01
   9.4999999734e+02   1.1649985633e-01   0.0000000000e+00   5.0000000532e-01   0.0000000000e+00   0.0000000000e+00   3.8350013835e-01
   9.4999999734e+02   1.1649985633e-01   0.0000000000e+00   5.0000000532e-01   0.0000000000e+00   0.0000000000e+00   3.8350013835e-01
   9.4999999734e+02   1.1649985633e-01   0.0000000000e+00   5.0000000532e-01   0.0000000000e+00   0.0000000000e+00   3.8350013835e-01
   9.4999999734e+02   1.1649985633e-01   0.0000000000e+00   5.0000000532e-01   0.0000000000e+00   0.0000000000e+00   3.8350013835e-01
   9.4999999734e+02   1.1649985633e-01   0.0000000000e+00   5.0000000532e-01   0.0000000000e+00   0.0000000000e+00   3.8350013835e-01
   9.4999999734e+02   1.1649985633e-01   0.0000000000e+00   5.0000000532e-01   0.0000000000e+00   0.0000000000e+00   3.8350013835e-01
   9.4999999734e+02   1.1649985633e-01   0.0000000000e+00   5.0000000532e-01   0.0000000000e+00   0.0000000000e+00   3.8350013835e-01
   9.4999997598e+02   1.1649984638e-01   0.0000000000e+00   5.0000004804e-01   0.0000000000e+00   0.0000000000e+00   3.8350010558e-01
   9.4999997598e+02   1.1649984638e-01   0.0000000000e+00   5.0000004804e-01   0.0000000000e+00   0.0000000000e+00   3.8350010558e-01
   9.4999997598e+02   1.1649984638e-01   0.0000000000e+00   5.0000004804e-01   0.0000000000e+00   0.0000000000e+00   3.8350010558e-01
   9.4999997598e+02   1.1649984638e-01   0.0000000000e+00   5.0000004804e-01   0.0000000000e+00   0.0000000000e+00   3.8350010558e-01
   9.4999997598e+02   1.1649984638e-01   0.0000000000e+00   5.0000004804e-01   0.0000000000e+00   0.0000000000e+00   3.8350010558e-01
   9.4999997598e+02   1.1649984638e-01   0.0000000000e+00   5.0000004804e-01   0.0000000000e+00   0.0000000000e+00   3.8350010558e-01
   9.4999997598e+02   1.1649984638e-01   0.0000000000e+00   5.0000004804e-01   0.0000000000e+00   0.0000000000e+00   3.8350010558e-01
   9.4999997598e+02   1.1649984638e-01   0.0000000000e+00   5.0000004804e-01   0.0000000000e+00   0.0000000000e+00   3.8350010558e-01
   9.4999999033e+02   1.1649985306e-01   0.0000000000e+00   5.0000001934e-01   0.0000000000e+00   0.0000000000e+00   3.8350012760e-01
   9.4999999033e+02   1.1649985306e-01   0.0000000000e+00   5.0000001934e-01   0.0000000000e+00   0.0000000000e+00   3.8350012760e-01
   9.4999999033e+02   1.1649985306e-01   0.0000000000e+00   5.0000001934e-01   0.0000000000e+00   0.0000000000e+00   3.8350012760e-01
   9.4999999033e+02   1.1649985306e-01   0.0000000000e+00   5.0000001934e-01   0.0000000000e+00   0.0000000000e+00   3.8350012760e-01
   9.4999999033e+02   1.1649985306e-01   0.0000000000e+00   5.0000001934e-01   0.0000000000e+00   0.0000000000e+00   3.8350012760e-01
   9.4999999033e+02   1.1649985306e-01   0.0000000000e+00   5.0000001934e-01   0.0000000000e+00   0.0000000000e+00   3.8350012760e-01
   9.4999999033e+02   1.1649985306e-01   0.0000000000e+00   5.0000001934e-01   0.0000000000e+00   0.0000000000e+00   3.8350012760e-01
   9.4999999033e+02   1.1649985306e-01   0.0000000000e+00   5.0000001934e-01   0.0000000000e+00   0.0000000000e+00   3.8350012760e-01
   9.5000002613e+02   1.1649986975e-01   0.0000000000e+00   4.9999994773e-01   0.0000000000e+00   0.0000000000e+00   3.8350018252e-01
   9.5000002613e+02   1.1649986975e-01   0.0000000000e+00   4.9999994773e-01   0.0000000000e+00   0.0000000000e+00   3.8350018252e-01
   9.4999997034e+02   1.1649984375e-01   0.0000000000e+00   5.0000005932e-01   0.0000000000e+00   0.0000000000e+00   3.8350009693e-01
   9.4999997034e+02   1.1649984375e-01   0.0000000000e+00   5.0000005932e-01   0.0000000000e+00   0.0000000000e+00   3.8350009693e-01
   9.5000002613e+02   1.1649986975e-01   0.0000000000e+00   4.9999994773e-01   0.0000000000e+00   0.0000000000e+00   3.8350018252e-01
   9.5000002613e+02   1.1649986975e-01   0.0000000000e+00   4.9999994773e-01   0.0000000000e+00   0.0000000000e+00   3.8350018252e-01
   9.4999997034e+02   1.1649984375e-01   0.0000000000e+00   5.0000005932e-01   0.0000000000e+00   0.0000000000e+00   3.8350009693e-01
   9.4999997034e+02   1.1649984375e-01   0.0000000000e+00   5.0000005932e-01   0.0000000000e+00   0.0000000000e+00   3.8350009693e-01
   9.5000002613e+02   1.1649986975e-01   0.0000000000e+00   4.9999994773e-01   0.0000000000e+00   0.0000000000e+00   3.8350018252e-01
   9.5000002613e+02   1.1649986975e-01   0.0000000000e+00   4.9999994773e-01   0.0000000000e+00   0.0000000000e+00   3.8350018252e-01
   9.5000002613e+02   1.1649986975e-01   0.0000000000e+00   4.9999994773e-01   0.0000000000e+00   0.0000000000e+00   3.8350018252e-01
   9.5000002613e+02   1.1649986975e-01   0.0000000000e+00   4.9999994773e-01   0.0000000000e+00   0.0000000000e+00   3.8350018252e-01
   9.4999997034e+02   1.1649984375e-01   0.0000000000e+00   5.0000005932e-01   0.0000000000e+00   0.0000000000e+00   3.8350009693e-01
   9.4999997034e+02   1.1649984375e-01   0.0000000000e+00   5.0000005932e-01   0.0000000000e+00   0.0000000000e+00   3.8350009693e-01
   9.4999997034e+02   1.1649984375e-01   0.0000000000e+00   5.0000005932e-01   0.0000000000e+00   0.0000000000e+00   3.8350009693e-01
   9.4999997034e+02   1.1649984375e-01   0.0000000000e+00   5.0000005932e-01   0.0000000000e+00   0.0000000000e+00   3.8350009693e-01
   9.5000002398e+02   1.1649986874e-01   0.0000000000e+00   4.9999995204e-01   0.0000000000e+00   0.0000000000e+00   3.8350017922e-01
   9.5000002398e+02   1.1649986874e-01   0.0000000000e+00   4.9999995204e-01   0.0000000000e+00   0.0000000000e+00   3.8350017922e-01
   9.5000002398e+02   1.1649986874e-01   0.0000000000e+00   4.9999995204e-01   0.0000000000e+00   0.0000000000e+00   3.8350017922e-01
   9.5000002398e+02   1.1649986874e-01   0.0000000000e+00   4.9999995204e-01   0.0000000000e+00   0.0000000000e+00   3.8350017922e-01
   9.5000002398e+02   1.1649986874e-01   0.0000000000e+00   4.9999995204e-01   0.0000000000e+00   0.0000000000e+00   3.8350017922e-01
   9.5000002398e+02   1.1649986874e-01   0.0000000000e+00   4.9999995204e-01   0.0000000000e+00   0.0000000000e+00   3.8350017922e-01
   9.5000002398e+02   1.1649986874e-01   0.0000000000e+00   4.9999995204e-01   0.0000000000e+00   0.0000000000e+00   3.8350017922e-01
   9.5000002398e+02   1.1649986874e-01   0.0000000000e+00   4.9999995204e-01   0.0000000000e+00   0.0000000000e+00   3.8350017922e-01
   9.5000002387e+02   1.1649986870e-01   0.0000000000e+00   4.9999995225e-01   0.0000000000e+00   0.0000000000e+00   3.8350017905e-01
   9.5000002387e+02   1.1649986870e-01   0.0000000000e+00   4.9999995225e-01   0.0000000000e+00   0.0000000000e+00   3.8350017905e-01
   9.5000002387e+02   1.1649986870e-01   0.0000000000e+00   4.9999995225e-01   0.0000000000e+00   0.0000000000e+00   3.8350017905e-01
   9.5000002387e+02   1.1649986870e-01   0.0000000000e+00   4.9999995225e-01   0.0000000000e+00   0.0000000000e+00   3.8350017905e-01
   9.5000002387e+02   1.1649986870e-01   0.0000000000e+00   4.9999995225e-01   0.0000000000e+00   0.0000000000e+00   3.8350017905e-01
   9.5000002387e+02   1.1649986870e-01   0.0000000000e+00   4.9999995225e-01   0.0000000000e+00   0.0000000000e+00   3.8350017905e-01
   9.5000002387e+02   1.1649986870e-01   0.0000000000e+00   4.9999995225e-01   0.0000000000e+00   0.0000000000e+00   3.8350017905e-01
   9.5000002387e+02   1.1649986870e-01   0.0000000000e+00   4.9999995225e-01   0.0000000000e+00   0.0000000000e+00   3.8350017905e-01
   9.5000001021e+02   1.1649986233e-01   0.0000000000e+00   4.9999997957e-01   0.0000000000e+00   0.0000000000e+00   3.8350015810e-01
   9.5000001021e+02   1.1649986233e-01   0.0000000000e+00   4.9999997957e-01   0.0000000000e+00   0.0000000000e+00   3.8350015810e-01
   9.5000001021e+02   1.1649986233e-01   0.0000000000e+00   4.9999997957e-01   0.0000000000e+00   0.0000000000e+00   3.8350015810e-01
   9.5000001021e+02   1.1649986233e-01   0.0000000000e+00   4.9999997957e-01   0.0000000000e+00   0.0000000000e+00   3.8350015810e-01
   9.5000001021e+02   1.1649986233e-01   0.0000000000e+00   4.9999997957e-01   0.0000000000e+00   0.0000000000e+00   3.8350015810e-01
   9.5000001021e+02   1.1649986233e-01   0.0000000000e+00   4.9999997957e-01   0.0000000000e+00   0.0000000000e+00   3.8350015810e-01
   9.5000001021e+02   1.1649986233e-01   0.0000000000e+00   4.9999997957e-01   0.0000000000e+00   0.0000000000e+00   3.8350015810e-01
   9.5000001021e+02   1.1649986233e-01   0.0000000000e+00   4.9999997957e-01   0.0000000000e+00   0.0000000000e+00   3.8350015810e-01
   9.5000002521e+02   1.1649986932e-01   0.0000000000e+00   4.9999994958e-01   0.0000000000e+00   0.0000000000e+00   3.8350018110e-01
   9.5000002521e+02   1.1649986932e-01   0.0000000000e+00   4.9999994958e-01   0.0000000000e+00   0.0000000000e+00   3.8350018110e-01
   9.5000002521e+02   1.1649986932e-01   0.0000000000e+00   4.9999994958e-01   0.0000000000e+00   0.0000000000e+00   3.8350018110e-01
   9.5000002521e+02   1.1649986932e-01   0.0000000000e+00   4.9999994958e-01   0.0000000000e+00   0.0000000000e+00   3.8350018110e-01
   9.5000002487e+02   1.1649986916e-01   0.0000000000e+00   4.9999995027e-01   0.0000000000e+00   0.0000000000e+00   3.8350018057e-01
   9.5000002487e+02   1.1649986916e-01   0.0000000000e+00   4.9999995027e-01   0.0000000000e+00   0.0000000000e+00   3.8350018057e-01
   9.5000002418e+02   1.1649986884e-01   0.0000000000e+00   4.9999995164e-01   0.0000000000e+00   0.0000000000e+00   3.8350017952e-01
   9.5000002418e+02   1.1649986884e-01   0.0000000000e+00   4.9999995164e-01   0.0000000000e+00   0.0000000000e+00   3.8350017952e-01
   9.4999999903e+02   1.1649985712e-01   0.0000000000e+00   5.0000000194e-01   0.0000000000e+00   0.0000000000e+00   3.8350014094e-01
   9.4999999903e+02   1.1649985712e-01   0.0000000000e+00   5.0000000194e-01   0.0000000000e+00   0.0000000000e+00   3.8350014094e-01
   9.4999999903e+02   1.1649985712e-01   0.0000000000e+00   5.0000000194e-01   0.0000000000e+00   0.0000000000e+00   3.8350014094e-01
   9.4999999903e+02   1.1649985712e-01   0.0000000000e+00   5.0000000194e-01   0.0000000000e+00   0.0000000000e+00   3.8350014094e-01
   9.5000002140e+02   1.1649986754e-01   0.0000000000e+00   4.9999995720e-01   0.0000000000e+00   0.0000000000e+00   3.8350017525e-01
   9.5000002140e+02   1.1649986754e-01   0.0000000000e+00   4.9999995720e-01   0.0000000000e+00   0.0000000000e+00   3.8350017525e-01
   9.5000002140e+02   1.1649986754e-01   0.0000000000e+00   4.9999995720e-01   0.0000000000e+00   0.0000000000e+00   3.8350017525e-01
   9.5000002140e+02   1.1649986754e-01   0.0000000000e+00   4.9999995720e-01   0.0000000000e+00   0.0000000000e+00   3.8350017525e-01
   9.4999999903e+02   1.1649985712e-01   0.0000000000e+00   5.0000000194e-01   0.0000000000e+00   0.0000000000e+00   3.8350014094e-01
   9.4999999903e+02   1.1649985712e-01   0.0000000000e+00   5.0000000194e-01   0.0000000000e+00   0.0000000000e+00   3.8350014094e-01
   9.4999999903e+02   1.1649985712e-01   0.0000000000e+00   5.0000000194e-01   0.0000000000e+00   0.0000000000e+00   3.8350014094e-01
   9.4999999903e+02   1.1649985712e-01   0.0000000000e+00   5.0000000194e-01   0.0000000000e+00   0.0000000000e+00   3.8350014094e-01
   9.4999999903e+02   1.1649985712e-01   0.0000000000e+00   5.0000000194e-01   0.0000000000e+00   0.0000000000e+00   3.8350014094e-01
   9.4999999903e+02   1.1649985712e-01   0.0000000000e+00   5.0000000194e-01   0.0000000000e+00   0.0000000000e+00   3.8350014094e-01
   9.4999999903e+02   1.1649985712e-01   0.0000000000e+00   5.0000000194e-01   0.0000000000e+00   0.0000000000e+00   3.8350014094e-01
   9.4999999903e+02   1.1649985712e-01   0.0000000000e+00   5.0000000194e-01   0.0000000000e+00   0.0000000000e+00   3.8350014094e-01