# time = 13.6244
# Grid Poins = 256    variable_0    variable_1    variable_2    variable_3    variable_4    variable_5    variable_6
   1.0289971630e+03   1.5331249054e-01   0.0000000000e+00   3.4200567391e-01   0.0000000000e+00   0.0000000000e+00   5.0468183555e-01
   1.0289971630e+03   1.5331249054e-01   0.0000000000e+00   3.4200567391e-01   0.0000000000e+00   0.0000000000e+00   5.0468183555e-01
   1.0289971630e+03   1.5331249054e-01   0.0000000000e+00   3.4200567391e-01   0.0000000000e+00   0.0000000000e+00   5.0468183555e-01
   1.0289971630e+03   1.5331249054e-01   0.0000000000e+00   3.4200567391e-01   0.0000000000e+00   0.0000000000e+00   5.0468183555e-01
   1.0338150383e+03   1.5555761765e-01   0.0000000000e+00   3.3236992348e-01   0.0000000000e+00   0.0000000000e+00   5.1207245888e-01
   1.0338150383e+03   1.5555761765e-01   0.0000000000e+00   3.3236992348e-01   0.0000000000e+00   0.0000000000e+00   5.1207245888e-01
   1.0338150383e+03   1.5555761765e-01   0.0000000000e+00   3.3236992348e-01   0.0000000000e+00   0.0000000000e+00   5.1207245888e-01
   1.0338150383e+03   1.5555761765e-01   0.0000000000e+00   3.3236992348e-01   0.0000000000e+00   0.0000000000e+00   5.1207245888e-01
   9.8999717301e+02   1.3513851740e-01   0.0000000000e+00   4.2000565398e-01   0.0000000000e+00   0.0000000000e+00   4.4485582861e-01
   9.8999717301e+02   1.3513851740e-01   0.0000000000e+00   4.2000565398e-01   0.0000000000e+00   0.0000000000e+00   4.4485582861e-01
   9.4865147844e+02   1.1587144729e-01   0.0000000000e+00   5.0269704312e-01   0.0000000000e+00   0.0000000000e+00   3.8143150959e-01
   9.4865147844e+02   1.1587144729e-01   0.0000000000e+00   5.0269704312e-01   0.0000000000e+00   0.0000000000e+00   3.8143150959e-01
   1.0107016368e+03   1.4478678575e-01   0.0000000000e+00   3.7859672634e-01   0.0000000000e+00   0.0000000000e+00   4.7661648791e-01
   1.0107016368e+03   1.4478678575e-01   0.0000000000e+00   3.7859672634e-01   0.0000000000e+00   0.0000000000e+00   4.7661648791e-01
   1.0107016368e+03   1.4478678575e-01   0.0000000000e+00   3.7859672634e-01   0.0000000000e+00   0.0000000000e+00   4.7661648791e-01
   1.0107016368e+03   1.4478678575e-01   0.0000000000e+00   3.7859672634e-01   0.0000000000e+00   0.0000000000e+00   4.7661648791e-01
   9.4865147844e+02   1.1587144729e-01   0.0000000000e+00   5.0269704312e-01   0.0000000000e+00   0.0000000000e+00   3.8143150959e-01
   9.4865147844e+02   1.1587144729e-01   0.0000000000e+00   5.0269704312e-01   0.0000000000e+00   0.0000000000e+00   3.8143150959e-01
   9.8999717301e+02   1.3513851740e-01   0.0000000000e+00   4.2000565398e-01   0.0000000000e+00   0.0000000000e+00   4.4485582861e-01
   9.8999717301e+02   1.3513851740e-01   0.0000000000e+00   4.2000565398e-01   0.0000000000e+00   0.0000000000e+00   4.4485582861e-01
   1.0107016368e+03   1.4478678575e-01   0.0000000000e+00   3.7859672634e-01   0.0000000000e+00   0.0000000000e+00   4.7661648791e-01
   1.0107016368e+03   1.4478678575e-01   0.0000000000e+00   3.7859672634e-01   0.0000000000e+00   0.0000000000e+00   4.7661648791e-01
   1.0107016368e+03   1.4478678575e-01   0.0000000000e+00   3.7859672634e-01   0.0000000000e+00   0.0000000000e+00   4.7661648791e-01
   1.0107016368e+03   1.4478678575e-01   0.0000000000e+00   3.7859672634e-01   0.0000000000e+00   0.0000000000e+00   4.7661648791e-01
   9.4874632806e+02   1.1591564716e-01   0.0000000000e+00   5.0250734389e-01   0.0000000000e+00   0.0000000000e+00   3.8157700895e-01
   9.4874632806e+02   1.1591564716e-01   0.0000000000e+00   5.0250734389e-01   0.0000000000e+00   0.0000000000e+00   3.8157700895e-01
   9.4874632806e+02   1.1591564716e-01   0.0000000000e+00   5.0250734389e-01   0.0000000000e+00   0.0000000000e+00   3.8157700895e-01
   9.4874632806e+02   1.1591564716e-01   0.0000000000e+00   5.0250734389e-01   0.0000000000e+00   0.0000000000e+00   3.8157700895e-01
   9.4874632806e+02   1.1591564716e-01   0.0000000000e+00   5.0250734389e-01   0.0000000000e+00   0.0000000000e+00   3.8157700895e-01
   9.4874632806e+02   1.1591564716e-01   0.0000000000e+00   5.0250734389e-01   0.0000000000e+00   0.0000000000e+00   3.8157700895e-01
   9.4874632806e+02   1.1591564716e-01   0.0000000000e+00   5.0250734389e-01   0.0000000000e+00   0.0000000000e+00   3.8157700895e-01
   9.4874632806e+02   1.1591564716e-01   0.0000000000e+00   5.0250734389e-01   0.0000000000e+00   0.0000000000e+00   3.8157700895e-01
   9.8356167674e+02   1.3213957981e-01   0.0000000000e+00   4.3287664652e-01   0.0000000000e+00   0.0000000000e+00   4.3498377367e-01
   9.8356167674e+02   1.3213957981e-01   0.0000000000e+00   4.3287664652e-01   0.0000000000e+00   0.0000000000e+00   4.3498377367e-01
   9.8356167674e+02   1.3213957981e-01   0.0000000000e+00   4.3287664652e-01   0.0000000000e+00   0.0000000000e+00   4.3498377367e-01
   9.8356167674e+02   1.3213957981e-01   0.0000000000e+00   4.3287664652e-01   0.0000000000e+00   0.0000000000e+00   4.3498377367e-01
   9.8356167674e+02   1.3213957981e-01   0.0000000000e+00   4.3287664652e-01   0.0000000000e+00   0.0000000000e+00   4.3498377367e-01
   9.8356167674e+02   1.3213957981e-01   0.0000000000e+00   4.3287664652e-01   0.0000000000e+00   0.0000000000e+00   4.3498377367e-01
   9.8356167674e+02   1.3213957981e-01   0.0000000000e+00   4.3287664652e-01   0.0000000000e+00   0.0000000000e+00   4.3498377367e-01
   9.8356167674e+02   1.3213957981e-01   0.0000000000e+00   4.3287664652e-01   0.0000000000e+00   0.0000000000e+00   4.3498377367e-01
   9.8900593659e+02   1.3467660180e-01   0.0000000000e+00   4.2198812682e-01   0.0000000000e+00   0.0000000000e+00   4.4333527138e-01
   9.8900593659e+02   1.3467660180e-01   0.0000000000e+00   4.2198812682e-01   0.0000000000e+00   0.0000000000e+00   4.4333527138e-01
   9.8900593659e+02   1.3467660180e-01   0.0000000000e+00   4.2198812682e-01   0.0000000000e+00   0.0000000000e+00   4.4333527138e-01
   9.8900593659e+02   1.3467660180e-01   0.0000000000e+00   4.2198812682e-01   0.0000000000e+00   0.0000000000e+00   4.4333527138e-01
   9.8900593659e+02   1.3467660180e-01   0.0000000000e+00   4.2198812682e-01   0.0000000000e+00   0.0000000000e+00   4.4333527138e-01
   9.8900593659e+02   1.3467660180e-01   0.0000000000e+00   4.2198812682e-01   0.0000000000e+00   0.0000000000e+00   4.4333527138e-01
   9.8900593659e+02   1.3467660180e-01   0.0000000000e+00   4.2198812682e-01   0.0000000000e+00   0.0000000000e+00   4.4333527138e-01
   9.8900593659e+02   1.3467660180e-01   0.0000000000e+00   4.2198812682e-01   0.0000000000e+00   0.0000000000e+00   4.4333527138e-01
   9.9761795350e+02   1.3868979677e-01   0.0000000000e+00   4.0476409299e-01   0.0000000000e+00   0.0000000000e+00   4.5654611023e-01
   9.9761795350e+02   1.3868979677e-01   0.0000000000e+00   4.0476409299e-01   0.0000000000e+00   0.0000000000e+00   4.5654611023e-01
   9.9761795350e+02   1.3868979677e-01   0.0000000000e+00   4.0476409299e-01   0.0000000000e+00   0.0000000000e+00   4.5654611023e-01
   9.9761795350e+02   1.3868979677e-01   0.0000000000e+00   4.0476409299e-01   0.0000000000e+00   0.0000000000e+00   4.5654611023e-01
   9.8634746769e+02   1.3343775680e-01   0.0000000000e+00   4.2730506463e-01   0.0000000000e+00   0.0000000000e+00   4.3925717857e-01
   9.8634746769e+02   1.3343775680e-01   0.0000000000e+00   4.2730506463e-01   0.0000000000e+00   0.0000000000e+00   4.3925717857e-01
   9.8634746769e+02   1.3343775680e-01   0.0000000000e+00   4.2730506463e-01   0.0000000000e+00   0.0000000000e+00   4.3925717857e-01
   9.8634746769e+02   1.3343775680e-01   0.0000000000e+00   4.2730506463e-01   0.0000000000e+00   0.0000000000e+00   4.3925717857e-01
   1.0061026484e+03   1.4264365975e-01   0.0000000000e+00   3.8779470325e-01   0.0000000000e+00   0.0000000000e+00   4.6956163700e-01
   1.0061026484e+03   1.4264365975e-01   0.0000000000e+00   3.8779470325e-01   0.0000000000e+00   0.0000000000e+00   4.6956163700e-01
   9.8634746769e+02   1.3343775680e-01   0.0000000000e+00   4.2730506463e-01   0.0000000000e+00   0.0000000000e+00   4.3925717857e-01
   9.8634746769e+02   1.3343775680e-01   0.0000000000e+00   4.2730506463e-01   0.0000000000e+00   0.0000000000e+00   4.3925717857e-01
   9.8634746769e+02   1.3343775680e-01   0.0000000000e+00   4.2730506463e-01   0.0000000000e+00   0.0000000000e+00   4.3925717857e-01
   9.8634746769e+02   1.3343775680e-01   0.0000000000e+00   4.2730506463e-01   0.0000000000e+00   0.0000000000e+00   4.3925717857e-01
   9.8913325863e+02   1.3473593380e-01   0.0000000000e+00   4.2173348274e-01   0.0000000000e+00   0.0000000000e+00   4.4353058346e-01
   9.8913325863e+02   1.3473593380e-01   0.0000000000e+00   4.2173348274e-01   0.0000000000e+00   0.0000000000e+00   4.4353058346e-01
   8.9745706022e+02   9.2014877566e-02   0.0000000000e+00   6.0508587956e-01   0.0000000000e+00   0.0000000000e+00   3.0289924287e-01
   8.9745706022e+02   9.2014877566e-02   0.0000000000e+00   6.0508587956e-01   0.0000000000e+00   0.0000000000e+00   3.0289924287e-01
   8.9745706022e+02   9.2014877566e-02   0.0000000000e+00   6.0508587956e-01   0.0000000000e+00   0.0000000000e+00   3.0289924287e-01
   8.9745706022e+02   9.2014877566e-02   0.0000000000e+00   6.0508587956e-01   0.0000000000e+00   0.0000000000e+00   3.0289924287e-01
   9.3713641986e+02   1.1050543655e-01   0.0000000000e+00   5.2572716027e-01   0.0000000000e+00   0.0000000000e+00   3.6376740317e-01
   9.3713641986e+02   1.1050543655e-01   0.0000000000e+00   5.2572716027e-01   0.0000000000e+00   0.0000000000e+00   3.6376740317e-01
   9.3713641986e+02   1.1050543655e-01   0.0000000000e+00   5.2572716027e-01   0.0000000000e+00   0.0000000000e+00   3.6376740317e-01
   9.3713641986e+02   1.1050543655e-01   0.0000000000e+00   5.2572716027e-01   0.0000000000e+00   0.0000000000e+00   3.6376740317e-01
   8.9745706022e+02   9.2014877566e-02   0.0000000000e+00   6.0508587956e-01   0.0000000000e+00   0.0000000000e+00   3.0289924287e-01
   8.9745706022e+02   9.2014877566e-02   0.0000000000e+00   6.0508587956e-01   0.0000000000e+00   0.0000000000e+00   3.0289924287e-01
   8.9745706022e+02   9.2014877566e-02   0.0000000000e+00   6.0508587956e-01   0.0000000000e+00   0.0000000000e+00   3.0289924287e-01
   8.9745706022e+02   9.2014877566e-02   0.0000000000e+00   6.0508587956e-01   0.0000000000e+00   0.0000000000e+00   3.0289924287e-01
   9.1068351343e+02   9.8178397229e-02   0.0000000000e+00   5.7863297313e-01   0.0000000000e+00   0.0000000000e+00   3.2318862964e-01
   9.1068351343e+02   9.8178397229e-02   0.0000000000e+00   5.7863297313e-01   0.0000000000e+00   0.0000000000e+00   3.2318862964e-01
   9.1068351343e+02   9.8178397229e-02   0.0000000000e+00   5.7863297313e-01   0.0000000000e+00   0.0000000000e+00   3.2318862964e-01
   9.1068351343e+02   9.8178397229e-02   0.0000000000e+00   5.7863297313e-01   0.0000000000e+00   0.0000000000e+00   3.2318862964e-01
   9.4772935361e+02   1.1544173764e-01   0.0000000000e+00   5.0454129279e-01   0.0000000000e+00   0.0000000000e+00   3.8001696957e-01
   9.4772935361e+02   1.1544173764e-01   0.0000000000e+00   5.0454129279e-01   0.0000000000e+00   0.0000000000e+00   3.8001696957e-01
   9.4772935361e+02   1.1544173764e-01   0.0000000000e+00   5.0454129279e-01   0.0000000000e+00   0.0000000000e+00   3.8001696957e-01
   9.4772935361e+02   1.1544173764e-01   0.0000000000e+00   5.0454129279e-01   0.0000000000e+00   0.0000000000e+00   3.8001696957e-01
   9.4772935361e+02   1.1544173764e-01   0.0000000000e+00   5.0454129279e-01   0.0000000000e+00   0.0000000000e+00   3.8001696957e-01
   9.4772935361e+02   1.1544173764e-01   0.0000000000e+00   5.0454129279e-01   0.0000000000e+00   0.0000000000e+00   3.8001696957e-01
   9.4772935361e+02   1.1544173764e-01   0.0000000000e+00   5.0454129279e-01   0.0000000000e+00   0.0000000000e+00   3.8001696957e-01
   9.4772935361e+02   1.1544173764e-01   0.0000000000e+00   5.0454129279e-01   0.0000000000e+00   0.0000000000e+00   3.8001696957e-01
   9.4772935361e+02   1.1544173764e-01   0.0000000000e+00   5.0454129279e-01   0.0000000000e+00   0.0000000000e+00   3.8001696957e-01
   9.4772935361e+02   1.1544173764e-01   0.0000000000e+00   5.0454129279e-01   0.0000000000e+00   0.0000000000e+00   3.8001696957e-01
   9.4772935361e+02   1.1544173764e-01   0.0000000000e+00   5.0454129279e-01   0.0000000000e+00   0.0000000000e+00   3.8001696957e-01
   9.4772935361e+02   1.1544173764e-01   0.0000000000e+00   5.0454129279e-01   0.0000000000e+00   0.0000000000e+00   3.8001696957e-01
   9.4772935361e+02   1.1544173764e-01   0.0000000000e+00   5.0454129279e-01   0.0000000000e+00   0.0000000000e+00   3.8001696957e-01
   9.4772935361e+02   1.1544173764e-01   0.0000000000e+00   5.0454129279e-01   0.0000000000e+00   0.0000000000e+00   3.8001696957e-01
   9.4772935361e+02   1.1544173764e-01   0.0000000000e+00   5.0454129279e-01   0.0000000000e+00   0.0000000000e+00   3.8001696957e-01
   9.4772935361e+02   1.1544173764e-01   0.0000000000e+00   5.0454129279e-01   0.0000000000e+00   0.0000000000e+00   3.8001696957e-01
   9.2215364873e+02   1.0352347374e-01   0.0000000000e+00   5.5569270253e-01   0.0000000000e+00   0.0000000000e+00   3.4078382372e-01
   9.2215364873e+02   1.0352347374e-01   0.0000000000e+00   5.5569270253e-01   0.0000000000e+00   0.0000000000e+00   3.4078382372e-01
   9.4772935361e+02   1.1544173764e-01   0.0000000000e+00   5.0454129279e-01   0.0000000000e+00   0.0000000000e+00   3.8001696957e-01
   9.4772935361e+02   1.1544173764e-01   0.0000000000e+00   5.0454129279e-01   0.0000000000e+00   0.0000000000e+00   3.8001696957e-01
   9.3494150117e+02   1.0948260569e-01   0.0000000000e+00   5.3011699766e-01   0.0000000000e+00   0.0000000000e+00   3.6040039665e-01
   9.3494150117e+02   1.0948260569e-01   0.0000000000e+00   5.3011699766e-01   0.0000000000e+00   0.0000000000e+00   3.6040039665e-01
   9.4772935361e+02   1.1544173764e-01   0.0000000000e+00   5.0454129279e-01   0.0000000000e+00   0.0000000000e+00   3.8001696957e-01
   9.4772935361e+02   1.1544173764e-01   0.0000000000e+00   5.0454129279e-01   0.0000000000e+00   0.0000000000e+00   3.8001696957e-01
   9.5732024293e+02   1.1991108661e-01   0.0000000000e+00   4.8535951413e-01   0.0000000000e+00   0.0000000000e+00   3.9472939926e-01
   9.5732024293e+02   1.1991108661e-01   0.0000000000e+00   4.8535951413e-01   0.0000000000e+00   0.0000000000e+00   3.9472939926e-01
   9.7330505848e+02   1.2736000154e-01   0.0000000000e+00   4.5338988304e-01   0.0000000000e+00   0.0000000000e+00   4.1925011541e-01
   9.7330505848e+02   1.2736000154e-01   0.0000000000e+00   4.5338988304e-01   0.0000000000e+00   0.0000000000e+00   4.1925011541e-01
   9.4133542739e+02   1.1246217167e-01   0.0000000000e+00   5.1732914522e-01   0.0000000000e+00   0.0000000000e+00   3.7020868311e-01
   9.4133542739e+02   1.1246217167e-01   0.0000000000e+00   5.1732914522e-01   0.0000000000e+00   0.0000000000e+00   3.7020868311e-01
   9.5732024293e+02   1.1991108661e-01   0.0000000000e+00   4.8535951413e-01   0.0000000000e+00   0.0000000000e+00   3.9472939926e-01
   9.5732024293e+02   1.1991108661e-01   0.0000000000e+00   4.8535951413e-01   0.0000000000e+00   0.0000000000e+00   3.9472939926e-01
   8.9745706022e+02   9.2014877566e-02   0.0000000000e+00   6.0508587956e-01   0.0000000000e+00   0.0000000000e+00   3.0289924287e-01
   8.9745706022e+02   9.2014877566e-02   0.0000000000e+00   6.0508587956e-01   0.0000000000e+00   0.0000000000e+00   3.0289924287e-01
   8.9745706022e+02   9.2014877566e-02   0.0000000000e+00   6.0508587956e-01   0.0000000000e+00   0.0000000000e+00   3.0289924287e-01
   8.9745706022e+02   9.2014877566e-02   0.0000000000e+00   6.0508587956e-01   0.0000000000e+00   0.0000000000e+00   3.0289924287e-01
   9.3713641986e+02   1.1050543655e-01   0.0000000000e+00   5.2572716027e-01   0.0000000000e+00   0.0000000000e+00   3.6376740317e-01
   9.3713641986e+02   1.1050543655e-01   0.0000000000e+00   5.2572716027e-01   0.0000000000e+00   0.0000000000e+00   3.6376740317e-01
   9.3713641986e+02   1.1050543655e-01   0.0000000000e+00   5.2572716027e-01   0.0000000000e+00   0.0000000000e+00   3.6376740317e-01
   9.3713641986e+02   1.1050543655e-01   0.0000000000e+00   5.2572716027e-01   0.0000000000e+00   0.0000000000e+00   3.6376740317e-01
   9.0407028683e+02   9.5096637398e-02   0.0000000000e+00   5.9185942635e-01   0.0000000000e+00   0.0000000000e+00   3.1304393625e-01
   9.0407028683e+02   9.5096637398e-02   0.0000000000e+00   5.9185942635e-01   0.0000000000e+00   0.0000000000e+00   3.1304393625e-01
   9.0407028683e+02   9.5096637398e-02   0.0000000000e+00   5.9185942635e-01   0.0000000000e+00   0.0000000000e+00   3.1304393625e-01
   9.0407028683e+02   9.5096637398e-02   0.0000000000e+00   5.9185942635e-01   0.0000000000e+00   0.0000000000e+00   3.1304393625e-01
   8.8423060700e+02   8.5851357904e-02   0.0000000000e+00   6.3153878599e-01   0.0000000000e+00   0.0000000000e+00   2.8260985610e-01
   8.8423060700e+02   8.5851357904e-02   0.0000000000e+00   6.3153878599e-01   0.0000000000e+00   0.0000000000e+00   2.8260985610e-01
   9.2390996665e+02   1.0434191689e-01   0.0000000000e+00   5.5218006670e-01   0.0000000000e+00   0.0000000000e+00   3.4347801640e-01
   9.2390996665e+02   1.0434191689e-01   0.0000000000e+00   5.5218006670e-01   0.0000000000e+00   0.0000000000e+00   3.4347801640e-01
   8.9958493870e+02   9.3006467728e-02   0.0000000000e+00   6.0083012260e-01   0.0000000000e+00   0.0000000000e+00   3.0616340968e-01
   8.9958493870e+02   9.3006467728e-02   0.0000000000e+00   6.0083012260e-01   0.0000000000e+00   0.0000000000e+00   3.0616340968e-01
   8.9958493870e+02   9.3006467728e-02   0.0000000000e+00   6.0083012260e-01   0.0000000000e+00   0.0000000000e+00   3.0616340968e-01
   8.9958493870e+02   9.3006467728e-02   0.0000000000e+00   6.0083012260e-01   0.0000000000e+00   0.0000000000e+00   3.0616340968e-01
   9.4970978548e+02   1.1636461777e-01   0.0000000000e+00   5.0058042903e-01   0.0000000000e+00   0.0000000000e+00   3.8305495320e-01
   9.4970978548e+02   1.1636461777e-01   0.0000000000e+00   5.0058042903e-01   0.0000000000e+00   0.0000000000e+00   3.8305495320e-01
   9.4970978548e+02   1.1636461777e-01   0.0000000000e+00   5.0058042903e-01   0.0000000000e+00   0.0000000000e+00   3.8305495320e-01
   9.4970978548e+02   1.1636461777e-01   0.0000000000e+00   5.0058042903e-01   0.0000000000e+00   0.0000000000e+00   3.8305495320e-01
   9.5109190494e+02   1.1700868465e-01   0.0000000000e+00   4.9781619012e-01   0.0000000000e+00   0.0000000000e+00   3.8517512523e-01
   9.5109190494e+02   1.1700868465e-01   0.0000000000e+00   4.9781619012e-01   0.0000000000e+00   0.0000000000e+00   3.8517512523e-01
   9.5109190494e+02   1.1700868465e-01   0.0000000000e+00   4.9781619012e-01   0.0000000000e+00   0.0000000000e+00   3.8517512523e-01
   9.5109190494e+02   1.1700868465e-01   0.0000000000e+00   4.9781619012e-01   0.0000000000e+00   0.0000000000e+00   3.8517512523e-01
   9.0257010998e+02   9.4397555841e-02   0.0000000000e+00   5.9485978005e-01   0.0000000000e+00   0.0000000000e+00   3.1074266411e-01
   9.0257010998e+02   9.4397555841e-02   0.0000000000e+00   5.9485978005e-01   0.0000000000e+00   0.0000000000e+00   3.1074266411e-01
   9.0257010998e+02   9.4397555841e-02   0.0000000000e+00   5.9485978005e-01   0.0000000000e+00   0.0000000000e+00   3.1074266411e-01
   9.0257010998e+02   9.4397555841e-02   0.0000000000e+00   5.9485978005e-01   0.0000000000e+00   0.0000000000e+00   3.1074266411e-01
   9.2683100746e+02   1.0570312025e-01   0.0000000000e+00   5.4633798508e-01   0.0000000000e+00   0.0000000000e+00   3.4795889467e-01
   9.2683100746e+02   1.0570312025e-01   0.0000000000e+00   5.4633798508e-01   0.0000000000e+00   0.0000000000e+00   3.4795889467e-01
   9.2683100746e+02   1.0570312025e-01   0.0000000000e+00   5.4633798508e-01   0.0000000000e+00   0.0000000000e+00   3.4795889467e-01
   9.2683100746e+02   1.0570312025e-01   0.0000000000e+00   5.4633798508e-01   0.0000000000e+00   0.0000000000e+00   3.4795889467e-01
   9.2683100746e+02   1.0570312025e-01   0.0000000000e+00   5.4633798508e-01   0.0000000000e+00   0.0000000000e+00   3.4795889467e-01
   9.2683100746e+02   1.0570312025e-01   0.0000000000e+00   5.4633798508e-01   0.0000000000e+00   0.0000000000e+00   3.4795889467e-01
   9.2683100746e+02   1.0570312025e-01   0.0000000000e+00   5.4633798508e-01   0.0000000000e+00   0.0000000000e+00   3.4795889467e-01
   9.2683100746e+02   1.0570312025e-01   0.0000000000e+00   5.4633798508e-01   0.0000000000e+00   0.0000000000e+00   3.4795889467e-01
   9.4970978548e+02   1.1636461777e-01   0.0000000000e+00   5.0058042903e-01   0.0000000000e+00   0.0000000000e+00   3.8305495320e-01
   9.4970978548e+02   1.1636461777e-01   0.0000000000e+00   5.0058042903e-01   0.0000000000e+00   0.0000000000e+00   3.8305495320e-01
   8.9958493870e+02   9.3006467728e-02   0.0000000000e+00   6.0083012260e-01   0.0000000000e+00   0.0000000000e+00   3.0616340968e-01
   8.9958493870e+02   9.3006467728e-02   0.0000000000e+00   6.0083012260e-01   0.0000000000e+00   0.0000000000e+00   3.0616340968e-01
   8.9958493870e+02   9.3006467728e-02   0.0000000000e+00   6.0083012260e-01   0.0000000000e+00   0.0000000000e+00   3.0616340968e-01
   8.9958493870e+02   9.3006467728e-02   0.0000000000e+00   6.0083012260e-01   0.0000000000e+00   0.0000000000e+00   3.0616340968e-01
   9.4970978548e+02   1.1636461777e-01   0.0000000000e+00   5.0058042903e-01   0.0000000000e+00   0.0000000000e+00   3.8305495320e-01
   9.4970978548e+02   1.1636461777e-01   0.0000000000e+00   5.0058042903e-01   0.0000000000e+00   0.0000000000e+00   3.8305495320e-01
   9.4636987189e+02   1.1480821994e-01   0.0000000000e+00   5.0726025622e-01   0.0000000000e+00   0.0000000000e+00   3.7793152384e-01
   9.4636987189e+02   1.1480821994e-01   0.0000000000e+00   5.0726025622e-01   0.0000000000e+00   0.0000000000e+00   3.7793152384e-01
   9.5136071986e+02   1.1713395225e-01   0.0000000000e+00   4.9727856028e-01   0.0000000000e+00   0.0000000000e+00   3.8558748747e-01
   9.5136071986e+02   1.1713395225e-01   0.0000000000e+00   4.9727856028e-01   0.0000000000e+00   0.0000000000e+00   3.8558748747e-01
   9.5136071986e+02   1.1713395225e-01   0.0000000000e+00   4.9727856028e-01   0.0000000000e+00   0.0000000000e+00   3.8558748747e-01
   9.5136071986e+02   1.1713395225e-01   0.0000000000e+00   4.9727856028e-01   0.0000000000e+00   0.0000000000e+00   3.8558748747e-01
   9.4636987189e+02   1.1480821994e-01   0.0000000000e+00   5.0726025622e-01   0.0000000000e+00   0.0000000000e+00   3.7793152384e-01
   9.4636987189e+02   1.1480821994e-01   0.0000000000e+00   5.0726025622e-01   0.0000000000e+00   0.0000000000e+00   3.7793152384e-01
   9.4387444790e+02   1.1364535378e-01   0.0000000000e+00   5.1225110420e-01   0.0000000000e+00   0.0000000000e+00   3.7410354202e-01
   9.4387444790e+02   1.1364535378e-01   0.0000000000e+00   5.1225110420e-01   0.0000000000e+00   0.0000000000e+00   3.7410354202e-01
   9.4387444790e+02   1.1364535378e-01   0.0000000000e+00   5.1225110420e-01   0.0000000000e+00   0.0000000000e+00   3.7410354202e-01
   9.4387444790e+02   1.1364535378e-01   0.0000000000e+00   5.1225110420e-01   0.0000000000e+00   0.0000000000e+00   3.7410354202e-01
   9.3389275196e+02   1.0899388916e-01   0.0000000000e+00   5.3221449609e-01   0.0000000000e+00   0.0000000000e+00   3.5879161475e-01
   9.3389275196e+02   1.0899388916e-01   0.0000000000e+00   5.3221449609e-01   0.0000000000e+00   0.0000000000e+00   3.5879161475e-01
   9.3389275196e+02   1.0899388916e-01   0.0000000000e+00   5.3221449609e-01   0.0000000000e+00   0.0000000000e+00   3.5879161475e-01
   9.3389275196e+02   1.0899388916e-01   0.0000000000e+00   5.3221449609e-01   0.0000000000e+00   0.0000000000e+00   3.5879161475e-01
   9.0848258349e+02   9.7152765128e-02   0.0000000000e+00   5.8303483303e-01   0.0000000000e+00   0.0000000000e+00   3.1981240184e-01
   9.0848258349e+02   9.7152765128e-02   0.0000000000e+00   5.8303483303e-01   0.0000000000e+00   0.0000000000e+00   3.1981240184e-01
   9.0848258349e+02   9.7152765128e-02   0.0000000000e+00   5.8303483303e-01   0.0000000000e+00   0.0000000000e+00   3.1981240184e-01
   9.0848258349e+02   9.7152765128e-02   0.0000000000e+00   5.8303483303e-01   0.0000000000e+00   0.0000000000e+00   3.1981240184e-01
   9.0848258349e+02   9.7152765128e-02   0.0000000000e+00   5.8303483303e-01   0.0000000000e+00   0.0000000000e+00   3.1981240184e-01
   9.0848258349e+02   9.7152765128e-02   0.0000000000e+00   5.8303483303e-01   0.0000000000e+00   0.0000000000e+00   3.1981240184e-01
   9.0848258349e+02   9.7152765128e-02   0.0000000000e+00   5.8303483303e-01   0.0000000000e+00   0.0000000000e+00   3.1981240184e-01
   9.0848258349e+02   9.7152765128e-02   0.0000000000e+00   5.8303483303e-01   0.0000000000e+00   0.0000000000e+00   3.1981240184e-01
   9.0032233791e+02   9.3350095340e-02   0.0000000000e+00   5.9935532417e-01   0.0000000000e+00   0.0000000000e+00   3.0729458049e-01
   9.0032233791e+02   9.3350095340e-02   0.0000000000e+00   5.9935532417e-01   0.0000000000e+00   0.0000000000e+00   3.0729458049e-01
   9.0032233791e+02   9.3350095340e-02   0.0000000000e+00   5.9935532417e-01   0.0000000000e+00   0.0000000000e+00   3.0729458049e-01
   9.0032233791e+02   9.3350095340e-02   0.0000000000e+00   5.9935532417e-01   0.0000000000e+00   0.0000000000e+00   3.0729458049e-01
   9.1664282906e+02   1.0095543492e-01   0.0000000000e+00   5.6671434188e-01   0.0000000000e+00   0.0000000000e+00   3.3233022320e-01
   9.1664282906e+02   1.0095543492e-01   0.0000000000e+00   5.6671434188e-01   0.0000000000e+00   0.0000000000e+00   3.3233022320e-01
   9.1664282906e+02   1.0095543492e-01   0.0000000000e+00   5.6671434188e-01   0.0000000000e+00   0.0000000000e+00   3.3233022320e-01
   9.1664282906e+02   1.0095543492e-01   0.0000000000e+00   5.6671434188e-01   0.0000000000e+00   0.0000000000e+00   3.3233022320e-01
   9.4425706888e+02   1.1382365494e-01   0.0000000000e+00   5.1148586225e-01   0.0000000000e+00   0.0000000000e+00   3.7469048281e-01
   9.4425706888e+02   1.1382365494e-01   0.0000000000e+00   5.1148586225e-01   0.0000000000e+00   0.0000000000e+00   3.7469048281e-01
   9.4425706888e+02   1.1382365494e-01   0.0000000000e+00   5.1148586225e-01   0.0000000000e+00   0.0000000000e+00   3.7469048281e-01
   9.4425706888e+02   1.1382365494e-01   0.0000000000e+00   5.1148586225e-01   0.0000000000e+00   0.0000000000e+00   3.7469048281e-01
   9.5537498726e+02   1.1900459857e-01   0.0000000000e+00   4.8925002548e-01   0.0000000000e+00   0.0000000000e+00   3.9174537595e-01
   9.5537498726e+02   1.1900459857e-01   0.0000000000e+00   4.8925002548e-01   0.0000000000e+00   0.0000000000e+00   3.9174537595e-01
   9.5537498726e+02   1.1900459857e-01   0.0000000000e+00   4.8925002548e-01   0.0000000000e+00   0.0000000000e+00   3.9174537595e-01
   9.5537498726e+02   1.1900459857e-01   0.0000000000e+00   4.8925002548e-01   0.0000000000e+00   0.0000000000e+00   3.9174537595e-01
   9.5537498726e+02   1.1900459857e-01   0.0000000000e+00   4.8925002548e-01   0.0000000000e+00   0.0000000000e+00   3.9174537595e-01
   9.5537498726e+02   1.1900459857e-01   0.0000000000e+00   4.8925002548e-01   0.0000000000e+00   0.0000000000e+00   3.9174537595e-01
   9.4425706888e+02   1.1382365494e-01   0.0000000000e+00   5.1148586225e-01   0.0000000000e+00   0.0000000000e+00   3.7469048281e-01
   9.4425706888e+02   1.1382365494e-01   0.0000000000e+00   5.1148586225e-01   0.0000000000e+00   0.0000000000e+00   3.7469048281e-01
   9.4981602807e+02   1.1641412675e-01   0.0000000000e+00   5.0036794386e-01   0.0000000000e+00   0.0000000000e+00   3.8321792938e-01
   9.4981602807e+02   1.1641412675e-01   0.0000000000e+00   5.0036794386e-01   0.0000000000e+00   0.0000000000e+00   3.8321792938e-01
   9.4981602807e+02   1.1641412675e-01   0.0000000000e+00   5.0036794386e-01   0.0000000000e+00   0.0000000000e+00   3.8321792938e-01
   9.4981602807e+02   1.1641412675e-01   0.0000000000e+00   5.0036794386e-01   0.0000000000e+00   0.0000000000e+00   3.8321792938e-01
   9.5972170322e+02   1.2103016573e-01   0.0000000000e+00   4.8055659357e-01   0.0000000000e+00   0.0000000000e+00   3.9841324070e-01
   9.5972170322e+02   1.2103016573e-01   0.0000000000e+00   4.8055659357e-01   0.0000000000e+00   0.0000000000e+00   3.9841324070e-01
   9.5972170322e+02   1.2103016573e-01   0.0000000000e+00   4.8055659357e-01   0.0000000000e+00   0.0000000000e+00   3.9841324070e-01
   9.5972170322e+02   1.2103016573e-01   0.0000000000e+00   4.8055659357e-01   0.0000000000e+00   0.0000000000e+00   3.9841324070e-01
   9.5594349935e+02   1.1926952488e-01   0.0000000000e+00   4.8811300131e-01   0.0000000000e+00   0.0000000000e+00   3.9261747381e-01
   9.5594349935e+02   1.1926952488e-01   0.0000000000e+00   4.8811300131e-01   0.0000000000e+00   0.0000000000e+00   3.9261747381e-01
   9.5594349935e+02   1.1926952488e-01   0.0000000000e+00   4.8811300131e-01   0.0000000000e+00   0.0000000000e+00   3.9261747381e-01
   9.5594349935e+02   1.1926952488e-01   0.0000000000e+00   4.8811300131e-01   0.0000000000e+00   0.0000000000e+00   3.9261747381e-01
   9.6048916043e+02   1.2138780035e-01   0.0000000000e+00   4.7902167914e-01   0.0000000000e+00   0.0000000000e+00   3.9959052050e-01
   9.6048916043e+02   1.2138780035e-01   0.0000000000e+00   4.7902167914e-01   0.0000000000e+00   0.0000000000e+00   3.9959052050e-01
   9.6048916043e+02   1.2138780035e-01   0.0000000000e+00   4.7902167914e-01   0.0000000000e+00   0.0000000000e+00   3.9959052050e-01
   9.6048916043e+02   1.2138780035e-01   0.0000000000e+00   4.7902167914e-01   0.0000000000e+00   0.0000000000e+00   3.9959052050e-01
   9.5972170322e+02   1.2103016573e-01   0.0000000000e+00   4.8055659357e-01   0.0000000000e+00   0.0000000000e+00   3.9841324070e-01
   9.5972170322e+02   1.2103016573e-01   0.0000000000e+00   4.8055659357e-01   0.0000000000e+00   0.0000000000e+00   3.9841324070e-01
   9.6125661764e+02   1.2174543498e-01   0.0000000000e+00   4.7748676472e-01   0.0000000000e+00   0.0000000000e+00   4.0076780030e-01
   9.6125661764e+02   1.2174543498e-01   0.0000000000e+00   4.7748676472e-01   0.0000000000e+00   0.0000000000e+00   4.0076780030e-01
   9.6249957463e+02   1.2232465223e-01   0.0000000000e+00   4.7500085074e-01   0.0000000000e+00   0.0000000000e+00   4.0267449703e-01
   9.6249957463e+02   1.2232465223e-01   0.0000000000e+00   4.7500085074e-01   0.0000000000e+00   0.0000000000e+00   4.0267449703e-01
   9.6249957463e+02   1.2232465223e-01   0.0000000000e+00   4.7500085074e-01   0.0000000000e+00   0.0000000000e+00   4.0267449703e-01
   9.6249957463e+02   1.2232465223e-01   0.0000000000e+00   4.7500085074e-01   0.0000000000e+00   0.0000000000e+00   4.0267449703e-01
   9.6249957463e+02   1.2232465223e-01   0.0000000000e+00   4.7500085074e-01   0.0000000000e+00   0.0000000000e+00   4.0267449703e-01
   9.6249957463e+02   1.2232465223e-01   0.0000000000e+00   4.7500085074e-01   0.0000000000e+00   0.0000000000e+00   4.0267449703e-01
   9.6249957463e+02   1.2232465223e-01   0.0000000000e+00   4.7500085074e-01   0.0000000000e+00   0.0000000000e+00   4.0267449703e-01
   9.6249957463e+02   1.2232465223e-01   0.0000000000e+00   4.7500085074e-01   0.0000000000e+00   0.0000000000e+00   4.0267449703e-01
   9.6331360689e+02   1.2270399080e-01   0.0000000000e+00   4.7337278622e-01   0.0000000000e+00   0.0000000000e+00   4.0392322299e-01
   9.6331360689e+02   1.2270399080e-01   0.0000000000e+00   4.7337278622e-01   0.0000000000e+00   0.0000000000e+00   4.0392322299e-01
   9.6331360689e+02   1.2270399080e-01   0.0000000000e+00   4.7337278622e-01   0.0000000000e+00   0.0000000000e+00   4.0392322299e-01
   9.6331360689e+02   1.2270399080e-01   0.0000000000e+00   4.7337278622e-01   0.0000000000e+00   0.0000000000e+00   4.0392322299e-01
   9.6125661764e+02   1.2174543498e-01   0.0000000000e+00   4.7748676472e-01   0.0000000000e+00   0.0000000000e+00   4.0076780030e-01
   9.6125661764e+02   1.2174543498e-01   0.0000000000e+00   4.7748676472e-01   0.0000000000e+00   0.0000000000e+00   4.0076780030e-01
   9.6125661764e+02   1.2174543498e-01   0.0000000000e+00   4.7748676472e-01   0.0000000000e+00   0.0000000000e+00   4.0076780030e-01
   9.6125661764e+02   1.2174543498e-01   0.0000000000e+00   4.7748676472e-01   0.0000000000e+00   0.0000000000e+00   4.0076780030e-01
   9.4961389972e+02   1.1631993506e-01   0.0000000000e+00   5.0077220056e-01   0.0000000000e+00   0.0000000000e+00   3.8290786438e-01
   9.4961389972e+02   1.1631993506e-01   0.0000000000e+00   5.0077220056e-01   0.0000000000e+00   0.0000000000e+00   3.8290786438e-01
   9.4385281218e+02   1.1363527155e-01   0.0000000000e+00   5.1229437564e-01   0.0000000000e+00   0.0000000000e+00   3.7407035282e-01
   9.4385281218e+02   1.1363527155e-01   0.0000000000e+00   5.1229437564e-01   0.0000000000e+00   0.0000000000e+00   3.7407035282e-01
   9.4961389972e+02   1.1631993506e-01   0.0000000000e+00   5.0077220056e-01   0.0000000000e+00   0.0000000000e+00   3.8290786438e-01
   9.4961389972e+02   1.1631993506e-01   0.0000000000e+00   5.0077220056e-01   0.0000000000e+00   0.0000000000e+00   3.8290786438e-01
   9.5537498726e+02   1.1900459857e-01   0.0000000000e+00   4.8925002548e-01   0.0000000000e+00   0.0000000000e+00   3.9174537595e-01
   9.5537498726e+02   1.1900459857e-01   0.0000000000e+00   4.8925002548e-01   0.0000000000e+00   0.0000000000e+00   3.9174537595e-01
   9.4385281218e+02   1.1363527155e-01   0.0000000000e+00   5.1229437564e-01   0.0000000000e+00   0.0000000000e+00   3.7407035282e-01
   9.4385281218e+02   1.1363527155e-01   0.0000000000e+00   5.1229437564e-01   0.0000000000e+00   0.0000000000e+00   3.7407035282e-01
   9.5537498726e+02   1.1900459857e-01   0.0000000000e+00   4.8925002548e-01   0.0000000000e+00   0.0000000000e+00   3.9174537595e-01
   9.5537498726e+02   1.1900459857e-01   0.0000000000e+00   4.8925002548e-01   0.0000000000e+00   0.0000000000e+00   3.9174537595e-01
   9.4961389972e+02   1.1631993506e-01   0.0000000000e+00   5.0077220056e-01   0.0000000000e+00   0.0000000000e+00   3.8290786438e-01
   9.4961389972e+02   1.1631993506e-01   0.0000000000e+00   5.0077220056e-01   0.0000000000e+00   0.0000000000e+00   3.8290786438e-01
   9.4961389972e+02   1.1631993506e-01   0.0000000000e+00   5.0077220056e-01   0.0000000000e+00   0.0000000000e+00   3.8290786438e-01
   9.4961389972e+02   1.1631993506e-01   0.0000000000e+00   5.0077220056e-01   0.0000000000e+00   0.0000000000e+00   3.8290786438e-01