# time = 104.88
# Grid Poins = 256    variable_0    variable_1    variable_2    variable_3    variable_4    variable_5    variable_6
   9.4999998922e+02   1.1649985254e-01   0.0000000000e+00   5.0000002157e-01   0.0000000000e+00   0.0000000000e+00   3.8350012589e-01
   9.4999998922e+02   1.1649985254e-01   0.0000000000e+00   5.0000002157e-01   0.0000000000e+00   0.0000000000e+00   3.8350012589e-01
   9.4999998922e+02   1.1649985254e-01   0.0000000000e+00   5.0000002157e-01   0.0000000000e+00   0.0000000000e+00   3.8350012589e-01
   9.4999998922e+02   1.1649985254e-01   0.0000000000e+00   5.0000002157e-01   0.0000000000e+00   0.0000000000e+00   3.8350012589e-01
   9.4999999166e+02   1.1649985368e-01   0.0000000000e+00   5.0000001668e-01   0.0000000000e+00   0.0000000000e+00   3.8350012963e-01
   9.4999999166e+02   1.1649985368e-01   0.0000000000e+00   5.0000001668e-01   0.0000000000e+00   0.0000000000e+00   3.8350012963e-01
   9.4999999166e+02   1.1649985368e-01   0.0000000000e+00   5.0000001668e-01   0.0000000000e+00   0.0000000000e+00   3.8350012963e-01
   9.4999999166e+02   1.1649985368e-01   0.0000000000e+00   5.0000001668e-01   0.0000000000e+00   0.0000000000e+00   3.8350012963e-01
   9.4999999166e+02   1.1649985368e-01   0.0000000000e+00   5.0000001668e-01   0.0000000000e+00   0.0000000000e+00   3.8350012963e-01
   9.4999999166e+02   1.1649985368e-01   0.0000000000e+00   5.0000001668e-01   0.0000000000e+00   0.0000000000e+00   3.8350012963e-01
   9.4999999166e+02   1.1649985368e-01   0.0000000000e+00   5.0000001668e-01   0.0000000000e+00   0.0000000000e+00   3.8350012963e-01
   9.4999999166e+02   1.1649985368e-01   0.0000000000e+00   5.0000001668e-01   0.0000000000e+00   0.0000000000e+00   3.8350012963e-01
   9.4999999169e+02   1.1649985370e-01   0.0000000000e+00   5.0000001662e-01   0.0000000000e+00   0.0000000000e+00   3.8350012968e-01
   9.4999999169e+02   1.1649985370e-01   0.0000000000e+00   5.0000001662e-01   0.0000000000e+00   0.0000000000e+00   3.8350012968e-01
   9.4999999169e+02   1.1649985370e-01   0.0000000000e+00   5.0000001662e-01   0.0000000000e+00   0.0000000000e+00   3.8350012968e-01
   9.4999999169e+02   1.1649985370e-01   0.0000000000e+00   5.0000001662e-01   0.0000000000e+00   0.0000000000e+00   3.8350012968e-01
   9.5000001284e+02   1.1649986355e-01   0.0000000000e+00   4.9999997432e-01   0.0000000000e+00   0.0000000000e+00   3.8350016213e-01
   9.5000001284e+02   1.1649986355e-01   0.0000000000e+00   4.9999997432e-01   0.0000000000e+00   0.0000000000e+00   3.8350016213e-01
   9.5000001284e+02   1.1649986355e-01   0.0000000000e+00   4.9999997432e-01   0.0000000000e+00   0.0000000000e+00   3.8350016213e-01
   9.5000001284e+02   1.1649986355e-01   0.0000000000e+00   4.9999997432e-01   0.0000000000e+00   0.0000000000e+00   3.8350016213e-01
   9.5000000263e+02   1.1649985880e-01   0.0000000000e+00   4.9999999474e-01   0.0000000000e+00   0.0000000000e+00   3.8350014647e-01
   9.5000000263e+02   1.1649985880e-01   0.0000000000e+00   4.9999999474e-01   0.0000000000e+00   0.0000000000e+00   3.8350014647e-01
   9.5000000263e+02   1.1649985880e-01   0.0000000000e+00   4.9999999474e-01   0.0000000000e+00   0.0000000000e+00   3.8350014647e-01
   9.5000000263e+02   1.1649985880e-01   0.0000000000e+00   4.9999999474e-01   0.0000000000e+00   0.0000000000e+00   3.8350014647e-01
   9.5000000263e+02   1.1649985880e-01   0.0000000000e+00   4.9999999474e-01   0.0000000000e+00   0.0000000000e+00   3.8350014647e-01
   9.5000000263e+02   1.1649985880e-01   0.0000000000e+00   4.9999999474e-01   0.0000000000e+00   0.0000000000e+00   3.8350014647e-01
   9.5000000263e+02   1.1649985880e-01   0.0000000000e+00   4.9999999474e-01   0.0000000000e+00   0.0000000000e+00   3.8350014647e-01
   9.5000000263e+02   1.1649985880e-01   0.0000000000e+00   4.9999999474e-01   0.0000000000e+00   0.0000000000e+00   3.8350014647e-01
   9.5000000275e+02   1.1649985885e-01   0.0000000000e+00   4.9999999449e-01   0.0000000000e+00   0.0000000000e+00   3.8350014666e-01
   9.5000000275e+02   1.1649985885e-01   0.0000000000e+00   4.9999999449e-01   0.0000000000e+00   0.0000000000e+00   3.8350014666e-01
   9.5000000275e+02   1.1649985885e-01   0.0000000000e+00   4.9999999449e-01   0.0000000000e+00   0.0000000000e+00   3.8350014666e-01
   9.5000000275e+02   1.1649985885e-01   0.0000000000e+00   4.9999999449e-01   0.0000000000e+00   0.0000000000e+00   3.8350014666e-01
   9.4999998953e+02   1.1649985269e-01   0.0000000000e+00   5.0000002093e-01   0.0000000000e+00   0.0000000000e+00   3.8350012638e-01
   9.4999998953e+02   1.1649985269e-01   0.0000000000e+00   5.0000002093e-01   0.0000000000e+00   0.0000000000e+00   3.8350012638e-01
   9.4999998953e+02   1.1649985269e-01   0.0000000000e+00   5.0000002093e-01   0.0000000000e+00   0.0000000000e+00   3.8350012638e-01
   9.4999998953e+02   1.1649985269e-01   0.0000000000e+00   5.0000002093e-01   0.0000000000e+00   0.0000000000e+00   3.8350012638e-01
   9.4999999045e+02   1.1649985312e-01   0.0000000000e+00   5.0000001909e-01   0.0000000000e+00   0.0000000000e+00   3.8350012779e-01
   9.4999999045e+02   1.1649985312e-01   0.0000000000e+00   5.0000001909e-01   0.0000000000e+00   0.0000000000e+00   3.8350012779e-01
   9.4999999045e+02   1.1649985312e-01   0.0000000000e+00   5.0000001909e-01   0.0000000000e+00   0.0000000000e+00   3.8350012779e-01
   9.4999999045e+02   1.1649985312e-01   0.0000000000e+00   5.0000001909e-01   0.0000000000e+00   0.0000000000e+00   3.8350012779e-01
   9.4999998999e+02   1.1649985291e-01   0.0000000000e+00   5.0000002001e-01   0.0000000000e+00   0.0000000000e+00   3.8350012708e-01
   9.4999998999e+02   1.1649985291e-01   0.0000000000e+00   5.0000002001e-01   0.0000000000e+00   0.0000000000e+00   3.8350012708e-01
   9.4999998999e+02   1.1649985291e-01   0.0000000000e+00   5.0000002001e-01   0.0000000000e+00   0.0000000000e+00   3.8350012708e-01
   9.4999998999e+02   1.1649985291e-01   0.0000000000e+00   5.0000002001e-01   0.0000000000e+00   0.0000000000e+00   3.8350012708e-01
   9.4999998999e+02   1.1649985291e-01   0.0000000000e+00   5.0000002001e-01   0.0000000000e+00   0.0000000000e+00   3.8350012708e-01
   9.4999998999e+02   1.1649985291e-01   0.0000000000e+00   5.0000002001e-01   0.0000000000e+00   0.0000000000e+00   3.8350012708e-01
   9.4999998999e+02   1.1649985291e-01   0.0000000000e+00   5.0000002001e-01   0.0000000000e+00   0.0000000000e+00   3.8350012708e-01
   9.4999998999e+02   1.1649985291e-01   0.0000000000e+00   5.0000002001e-01   0.0000000000e+00   0.0000000000e+00   3.8350012708e-01
   9.4999998953e+02   1.1649985269e-01   0.0000000000e+00   5.0000002093e-01   0.0000000000e+00   0.0000000000e+00   3.8350012638e-01
   9.4999998953e+02   1.1649985269e-01   0.0000000000e+00   5.0000002093e-01   0.0000000000e+00   0.0000000000e+00   3.8350012638e-01
   9.4999998953e+02   1.1649985269e-01   0.0000000000e+00   5.0000002093e-01   0.0000000000e+00   0.0000000000e+00   3.8350012638e-01
   9.4999998953e+02   1.1649985269e-01   0.0000000000e+00   5.0000002093e-01   0.0000000000e+00   0.0000000000e+00   3.8350012638e-01
   9.4999998953e+02   1.1649985269e-01   0.0000000000e+00   5.0000002093e-01   0.0000000000e+00   0.0000000000e+00   3.8350012638e-01
   9.4999998953e+02   1.1649985269e-01   0.0000000000e+00   5.0000002093e-01   0.0000000000e+00   0.0000000000e+00   3.8350012638e-01
   9.4999998953e+02   1.1649985269e-01   0.0000000000e+00   5.0000002093e-01   0.0000000000e+00   0.0000000000e+00   3.8350012638e-01
   9.4999998953e+02   1.1649985269e-01   0.0000000000e+00   5.0000002093e-01   0.0000000000e+00   0.0000000000e+00   3.8350012638e-01
   9.5000000079e+02   1.1649985794e-01   0.0000000000e+00   4.9999999841e-01   0.0000000000e+00   0.0000000000e+00   3.8350014365e-01
   9.5000000079e+02   1.1649985794e-01   0.0000000000e+00   4.9999999841e-01   0.0000000000e+00   0.0000000000e+00   3.8350014365e-01
   9.5000000079e+02   1.1649985794e-01   0.0000000000e+00   4.9999999841e-01   0.0000000000e+00   0.0000000000e+00   3.8350014365e-01
   9.5000000079e+02   1.1649985794e-01   0.0000000000e+00   4.9999999841e-01   0.0000000000e+00   0.0000000000e+00   3.8350014365e-01
   9.5000000079e+02   1.1649985794e-01   0.0000000000e+00   4.9999999841e-01   0.0000000000e+00   0.0000000000e+00   3.8350014365e-01
   9.5000000079e+02   1.1649985794e-01   0.0000000000e+00   4.9999999841e-01   0.0000000000e+00   0.0000000000e+00   3.8350014365e-01
   9.5000000079e+02   1.1649985794e-01   0.0000000000e+00   4.9999999841e-01   0.0000000000e+00   0.0000000000e+00   3.8350014365e-01
   9.5000000079e+02   1.1649985794e-01   0.0000000000e+00   4.9999999841e-01   0.0000000000e+00   0.0000000000e+00   3.8350014365e-01
   9.5000001686e+02   1.1649986543e-01   0.0000000000e+00   4.9999996627e-01   0.0000000000e+00   0.0000000000e+00   3.8350016830e-01
   9.5000001686e+02   1.1649986543e-01   0.0000000000e+00   4.9999996627e-01   0.0000000000e+00   0.0000000000e+00   3.8350016830e-01
   9.4999998949e+02   1.1649985267e-01   0.0000000000e+00   5.0000002102e-01   0.0000000000e+00   0.0000000000e+00   3.8350012631e-01
   9.4999998949e+02   1.1649985267e-01   0.0000000000e+00   5.0000002102e-01   0.0000000000e+00   0.0000000000e+00   3.8350012631e-01
   9.5000000318e+02   1.1649985905e-01   0.0000000000e+00   4.9999999364e-01   0.0000000000e+00   0.0000000000e+00   3.8350014730e-01
   9.5000000318e+02   1.1649985905e-01   0.0000000000e+00   4.9999999364e-01   0.0000000000e+00   0.0000000000e+00   3.8350014730e-01
   9.5000000318e+02   1.1649985905e-01   0.0000000000e+00   4.9999999364e-01   0.0000000000e+00   0.0000000000e+00   3.8350014730e-01
   9.5000000318e+02   1.1649985905e-01   0.0000000000e+00   4.9999999364e-01   0.0000000000e+00   0.0000000000e+00   3.8350014730e-01
   9.4999999633e+02   1.1649985586e-01   0.0000000000e+00   5.0000000733e-01   0.0000000000e+00   0.0000000000e+00   3.8350013681e-01
   9.4999999633e+02   1.1649985586e-01   0.0000000000e+00   5.0000000733e-01   0.0000000000e+00   0.0000000000e+00   3.8350013681e-01
   9.4999999633e+02   1.1649985586e-01   0.0000000000e+00   5.0000000733e-01   0.0000000000e+00   0.0000000000e+00   3.8350013681e-01
   9.4999999633e+02   1.1649985586e-01   0.0000000000e+00   5.0000000733e-01   0.0000000000e+00   0.0000000000e+00   3.8350013681e-01
   9.5000001002e+02   1.1649986224e-01   0.0000000000e+00   4.9999997996e-01   0.0000000000e+00   0.0000000000e+00   3.8350015780e-01
   9.5000001002e+02   1.1649986224e-01   0.0000000000e+00   4.9999997996e-01   0.0000000000e+00   0.0000000000e+00   3.8350015780e-01
   9.5000001002e+02   1.1649986224e-01   0.0000000000e+00   4.9999997996e-01   0.0000000000e+00   0.0000000000e+00   3.8350015780e-01
   9.5000001002e+02   1.1649986224e-01   0.0000000000e+00   4.9999997996e-01   0.0000000000e+00   0.0000000000e+00   3.8350015780e-01
   9.5000001334e+02   1.1649986379e-01   0.0000000000e+00   4.9999997332e-01   0.0000000000e+00   0.0000000000e+00   3.8350016289e-01
   9.5000001334e+02   1.1649986379e-01   0.0000000000e+00   4.9999997332e-01   0.0000000000e+00   0.0000000000e+00   3.8350016289e-01
   9.5000001334e+02   1.1649986379e-01   0.0000000000e+00   4.9999997332e-01   0.0000000000e+00   0.0000000000e+00   3.8350016289e-01
   9.5000001334e+02   1.1649986379e-01   0.0000000000e+00   4.9999997332e-01   0.0000000000e+00   0.0000000000e+00   3.8350016289e-01
   9.5000001636e+02   1.1649986519e-01   0.0000000000e+00   4.9999996728e-01   0.0000000000e+00   0.0000000000e+00   3.8350016753e-01
   9.5000001636e+02   1.1649986519e-01   0.0000000000e+00   4.9999996728e-01   0.0000000000e+00   0.0000000000e+00   3.8350016753e-01
   9.5000001636e+02   1.1649986519e-01   0.0000000000e+00   4.9999996728e-01   0.0000000000e+00   0.0000000000e+00   3.8350016753e-01
   9.5000001636e+02   1.1649986519e-01   0.0000000000e+00   4.9999996728e-01   0.0000000000e+00   0.0000000000e+00   3.8350016753e-01
   9.4999998949e+02   1.1649985267e-01   0.0000000000e+00   5.0000002102e-01   0.0000000000e+00   0.0000000000e+00   3.8350012631e-01
   9.4999998949e+02   1.1649985267e-01   0.0000000000e+00   5.0000002102e-01   0.0000000000e+00   0.0000000000e+00   3.8350012631e-01
   9.4999998949e+02   1.1649985267e-01   0.0000000000e+00   5.0000002102e-01   0.0000000000e+00   0.0000000000e+00   3.8350012631e-01
   9.4999998949e+02   1.1649985267e-01   0.0000000000e+00   5.0000002102e-01   0.0000000000e+00   0.0000000000e+00   3.8350012631e-01
   9.4999998949e+02   1.1649985267e-01   0.0000000000e+00   5.0000002102e-01   0.0000000000e+00   0.0000000000e+00   3.8350012631e-01
   9.4999998949e+02   1.1649985267e-01   0.0000000000e+00   5.0000002102e-01   0.0000000000e+00   0.0000000000e+00   3.8350012631e-01
   9.4999998949e+02   1.1649985267e-01   0.0000000000e+00   5.0000002102e-01   0.0000000000e+00   0.0000000000e+00   3.8350012631e-01
   9.4999998949e+02   1.1649985267e-01   0.0000000000e+00   5.0000002102e-01   0.0000000000e+00   0.0000000000e+00   3.8350012631e-01
   9.5000000292e+02   1.1649985893e-01   0.0000000000e+00   4.9999999416e-01   0.0000000000e+00   0.0000000000e+00   3.8350014691e-01
   9.5000000292e+02   1.1649985893e-01   0.0000000000e+00   4.9999999416e-01   0.0000000000e+00   0.0000000000e+00   3.8350014691e-01
   9.5000000292e+02   1.1649985893e-01   0.0000000000e+00   4.9999999416e-01   0.0000000000e+00   0.0000000000e+00   3.8350014691e-01
   9.5000000292e+02   1.1649985893e-01   0.0000000000e+00   4.9999999416e-01   0.0000000000e+00   0.0000000000e+00   3.8350014691e-01
   9.5000000292e+02   1.1649985893e-01   0.0000000000e+00   4.9999999416e-01   0.0000000000e+00   0.0000000000e+00   3.8350014691e-01
   9.5000000292e+02   1.1649985893e-01   0.0000000000e+00   4.9999999416e-01   0.0000000000e+00   0.0000000000e+00   3.8350014691e-01
   9.5000000292e+02   1.1649985893e-01   0.0000000000e+00   4.9999999416e-01   0.0000000000e+00   0.0000000000e+00   3.8350014691e-01
   9.5000000292e+02   1.1649985893e-01   0.0000000000e+00   4.9999999416e-01   0.0000000000e+00   0.0000000000e+00   3.8350014691e-01
   9.5000000272e+02   1.1649985884e-01   0.0000000000e+00   4.9999999457e-01   0.0000000000e+00   0.0000000000e+00   3.8350014660e-01
   9.5000000272e+02   1.1649985884e-01   0.0000000000e+00   4.9999999457e-01   0.0000000000e+00   0.0000000000e+00   3.8350014660e-01
   9.5000000272e+02   1.1649985884e-01   0.0000000000e+00   4.9999999457e-01   0.0000000000e+00   0.0000000000e+00   3.8350014660e-01
   9.5000000272e+02   1.1649985884e-01   0.0000000000e+00   4.9999999457e-01   0.0000000000e+00   0.0000000000e+00   3.8350014660e-01
   9.5000000312e+02   1.1649985902e-01   0.0000000000e+00   4.9999999376e-01   0.0000000000e+00   0.0000000000e+00   3.8350014722e-01
   9.5000000312e+02   1.1649985902e-01   0.0000000000e+00   4.9999999376e-01   0.0000000000e+00   0.0000000000e+00   3.8350014722e-01
   9.5000000312e+02   1.1649985902e-01   0.0000000000e+00   4.9999999376e-01   0.0000000000e+00   0.0000000000e+00   3.8350014722e-01
   9.5000000312e+02   1.1649985902e-01   0.0000000000e+00   4.9999999376e-01   0.0000000000e+00   0.0000000000e+00   3.8350014722e-01
   9.5000000332e+02   1.1649985912e-01   0.0000000000e+00   4.9999999336e-01   0.0000000000e+00   0.0000000000e+00   3.8350014752e-01
   9.5000000332e+02   1.1649985912e-01   0.0000000000e+00   4.9999999336e-01   0.0000000000e+00   0.0000000000e+00   3.8350014752e-01
   9.5000000332e+02   1.1649985912e-01   0.0000000000e+00   4.9999999336e-01   0.0000000000e+00   0.0000000000e+00   3.8350014752e-01
   9.5000000332e+02   1.1649985912e-01   0.0000000000e+00   4.9999999336e-01   0.0000000000e+00   0.0000000000e+00   3.8350014752e-01
   9.5000000368e+02   1.1649985929e-01   0.0000000000e+00   4.9999999264e-01   0.0000000000e+00   0.0000000000e+00   3.8350014808e-01
   9.5000000368e+02   1.1649985929e-01   0.0000000000e+00   4.9999999264e-01   0.0000000000e+00   0.0000000000e+00   3.8350014808e-01
   9.5000000296e+02   1.1649985895e-01   0.0000000000e+00   4.9999999408e-01   0.0000000000e+00   0.0000000000e+00   3.8350014697e-01
   9.5000000296e+02   1.1649985895e-01   0.0000000000e+00   4.9999999408e-01   0.0000000000e+00   0.0000000000e+00   3.8350014697e-01
   9.5000000365e+02   1.1649985927e-01   0.0000000000e+00   4.9999999271e-01   0.0000000000e+00   0.0000000000e+00   3.8350014802e-01
   9.5000000365e+02   1.1649985927e-01   0.0000000000e+00   4.9999999271e-01   0.0000000000e+00   0.0000000000e+00   3.8350014802e-01
   9.5000000365e+02   1.1649985927e-01   0.0000000000e+00   4.9999999271e-01   0.0000000000e+00   0.0000000000e+00   3.8350014802e-01
   9.5000000365e+02   1.1649985927e-01   0.0000000000e+00   4.9999999271e-01   0.0000000000e+00   0.0000000000e+00   3.8350014802e-01
   9.5000000365e+02   1.1649985927e-01   0.0000000000e+00   4.9999999271e-01   0.0000000000e+00   0.0000000000e+00   3.8350014802e-01
   9.5000000365e+02   1.1649985927e-01   0.0000000000e+00   4.9999999271e-01   0.0000000000e+00   0.0000000000e+00   3.8350014802e-01
   9.5000000365e+02   1.1649985927e-01   0.0000000000e+00   4.9999999271e-01   0.0000000000e+00   0.0000000000e+00   3.8350014802e-01
   9.5000000365e+02   1.1649985927e-01   0.0000000000e+00   4.9999999271e-01   0.0000000000e+00   0.0000000000e+00   3.8350014802e-01
   9.5000000888e+02   1.1649986171e-01   0.0000000000e+00   4.9999998225e-01   0.0000000000e+00   0.0000000000e+00   3.8350015604e-01
   9.5000000888e+02   1.1649986171e-01   0.0000000000e+00   4.9999998225e-01   0.0000000000e+00   0.0000000000e+00   3.8350015604e-01
   9.5000000107e+02   1.1649985807e-01   0.0000000000e+00   4.9999999786e-01   0.0000000000e+00   0.0000000000e+00   3.8350014407e-01
   9.5000000107e+02   1.1649985807e-01   0.0000000000e+00   4.9999999786e-01   0.0000000000e+00   0.0000000000e+00   3.8350014407e-01
   9.5000000888e+02   1.1649986171e-01   0.0000000000e+00   4.9999998225e-01   0.0000000000e+00   0.0000000000e+00   3.8350015604e-01
   9.5000000888e+02   1.1649986171e-01   0.0000000000e+00   4.9999998225e-01   0.0000000000e+00   0.0000000000e+00   3.8350015604e-01
   9.5000000107e+02   1.1649985807e-01   0.0000000000e+00   4.9999999786e-01   0.0000000000e+00   0.0000000000e+00   3.8350014407e-01
   9.5000000107e+02   1.1649985807e-01   0.0000000000e+00   4.9999999786e-01   0.0000000000e+00   0.0000000000e+00   3.8350014407e-01
   9.5000000888e+02   1.1649986171e-01   0.0000000000e+00   4.9999998225e-01   0.0000000000e+00   0.0000000000e+00   3.8350015604e-01
   9.5000000888e+02   1.1649986171e-01   0.0000000000e+00   4.9999998225e-01   0.0000000000e+00   0.0000000000e+00   3.8350015604e-01
   9.5000000888e+02   1.1649986171e-01   0.0000000000e+00   4.9999998225e-01   0.0000000000e+00   0.0000000000e+00   3.8350015604e-01
   9.5000000888e+02   1.1649986171e-01   0.0000000000e+00   4.9999998225e-01   0.0000000000e+00   0.0000000000e+00   3.8350015604e-01
   9.5000000285e+02   1.1649985890e-01   0.0000000000e+00   4.9999999429e-01   0.0000000000e+00   0.0000000000e+00   3.8350014681e-01
   9.5000000285e+02   1.1649985890e-01   0.0000000000e+00   4.9999999429e-01   0.0000000000e+00   0.0000000000e+00   3.8350014681e-01
   9.5000000285e+02   1.1649985890e-01   0.0000000000e+00   4.9999999429e-01   0.0000000000e+00   0.0000000000e+00   3.8350014681e-01
   9.5000000285e+02   1.1649985890e-01   0.0000000000e+00   4.9999999429e-01   0.0000000000e+00   0.0000000000e+00   3.8350014681e-01
   9.5000000333e+02   1.1649985912e-01   0.0000000000e+00   4.9999999333e-01   0.0000000000e+00   0.0000000000e+00   3.8350014754e-01
   9.5000000333e+02   1.1649985912e-01   0.0000000000e+00   4.9999999333e-01   0.0000000000e+00   0.0000000000e+00   3.8350014754e-01
   9.5000000333e+02   1.1649985912e-01   0.0000000000e+00   4.9999999333e-01   0.0000000000e+00   0.0000000000e+00   3.8350014754e-01
   9.5000000333e+02   1.1649985912e-01   0.0000000000e+00   4.9999999333e-01   0.0000000000e+00   0.0000000000e+00   3.8350014754e-01
   9.5000000333e+02   1.1649985912e-01   0.0000000000e+00   4.9999999333e-01   0.0000000000e+00   0.0000000000e+00   3.8350014754e-01
   9.5000000333e+02   1.1649985912e-01   0.0000000000e+00   4.9999999333e-01   0.0000000000e+00   0.0000000000e+00   3.8350014754e-01
   9.5000000333e+02   1.1649985912e-01   0.0000000000e+00   4.9999999333e-01   0.0000000000e+00   0.0000000000e+00   3.8350014754e-01
   9.5000000333e+02   1.1649985912e-01   0.0000000000e+00   4.9999999333e-01   0.0000000000e+00   0.0000000000e+00   3.8350014754e-01
   9.5000000333e+02   1.1649985912e-01   0.0000000000e+00   4.9999999333e-01   0.0000000000e+00   0.0000000000e+00   3.8350014754e-01
   9.5000000333e+02   1.1649985912e-01   0.0000000000e+00   4.9999999333e-01   0.0000000000e+00   0.0000000000e+00   3.8350014754e-01
   9.5000000333e+02   1.1649985912e-01   0.0000000000e+00   4.9999999333e-01   0.0000000000e+00   0.0000000000e+00   3.8350014754e-01
   9.5000000333e+02   1.1649985912e-01   0.0000000000e+00   4.9999999333e-01   0.0000000000e+00   0.0000000000e+00   3.8350014754e-01
   9.5000000333e+02   1.1649985912e-01   0.0000000000e+00   4.9999999333e-01   0.0000000000e+00   0.0000000000e+00   3.8350014754e-01
   9.5000000333e+02   1.1649985912e-01   0.0000000000e+00   4.9999999333e-01   0.0000000000e+00   0.0000000000e+00   3.8350014754e-01
   9.5000000333e+02   1.1649985912e-01   0.0000000000e+00   4.9999999333e-01   0.0000000000e+00   0.0000000000e+00   3.8350014754e-01
   9.5000000333e+02   1.1649985912e-01   0.0000000000e+00   4.9999999333e-01   0.0000000000e+00   0.0000000000e+00   3.8350014754e-01
   9.4999999167e+02   1.1649985369e-01   0.0000000000e+00   5.0000001665e-01   0.0000000000e+00   0.0000000000e+00   3.8350012966e-01
   9.4999999167e+02   1.1649985369e-01   0.0000000000e+00   5.0000001665e-01   0.0000000000e+00   0.0000000000e+00   3.8350012966e-01
   9.5000000553e+02   1.1649986015e-01   0.0000000000e+00   4.9999998893e-01   0.0000000000e+00   0.0000000000e+00   3.8350015092e-01
   9.5000000553e+02   1.1649986015e-01   0.0000000000e+00   4.9999998893e-01   0.0000000000e+00   0.0000000000e+00   3.8350015092e-01
   9.5000000553e+02   1.1649986015e-01   0.0000000000e+00   4.9999998893e-01   0.0000000000e+00   0.0000000000e+00   3.8350015092e-01
   9.5000000553e+02   1.1649986015e-01   0.0000000000e+00   4.9999998893e-01   0.0000000000e+00   0.0000000000e+00   3.8350015092e-01
   9.5000000553e+02   1.1649986015e-01   0.0000000000e+00   4.9999998893e-01   0.0000000000e+00   0.0000000000e+00   3.8350015092e-01
   9.5000000553e+02   1.1649986015e-01   0.0000000000e+00   4.9999998893e-01   0.0000000000e+00   0.0000000000e+00   3.8350015092e-01
   9.4999999167e+02   1.1649985369e-01   0.0000000000e+00   5.0000001665e-01   0.0000000000e+00   0.0000000000e+00   3.8350012966e-01
   9.4999999167e+02   1.1649985369e-01   0.0000000000e+00   5.0000001665e-01   0.0000000000e+00   0.0000000000e+00   3.8350012966e-01
   9.4999999167e+02   1.1649985369e-01   0.0000000000e+00   5.0000001665e-01   0.0000000000e+00   0.0000000000e+00   3.8350012966e-01
   9.4999999167e+02   1.1649985369e-01   0.0000000000e+00   5.0000001665e-01   0.0000000000e+00   0.0000000000e+00   3.8350012966e-01
   9.5000000553e+02   1.1649986015e-01   0.0000000000e+00   4.9999998893e-01   0.0000000000e+00   0.0000000000e+00   3.8350015092e-01
   9.5000000553e+02   1.1649986015e-01   0.0000000000e+00   4.9999998893e-01   0.0000000000e+00   0.0000000000e+00   3.8350015092e-01
   9.4999999167e+02   1.1649985369e-01   0.0000000000e+00   5.0000001665e-01   0.0000000000e+00   0.0000000000e+00   3.8350012966e-01
   9.4999999167e+02   1.1649985369e-01   0.0000000000e+00   5.0000001665e-01   0.0000000000e+00   0.0000000000e+00   3.8350012966e-01
   9.4999999779e+02   1.1649985654e-01   0.0000000000e+00   5.0000000442e-01   0.0000000000e+00   0.0000000000e+00   3.8350013904e-01
   9.4999999779e+02   1.1649985654e-01   0.0000000000e+00   5.0000000442e-01   0.0000000000e+00   0.0000000000e+00   3.8350013904e-01
   9.4999999949e+02   1.1649985733e-01   0.0000000000e+00   5.0000000102e-01   0.0000000000e+00   0.0000000000e+00   3.8350014165e-01
   9.4999999949e+02   1.1649985733e-01   0.0000000000e+00   5.0000000102e-01   0.0000000000e+00   0.0000000000e+00   3.8350014165e-01
   9.5000000034e+02   1.1649985773e-01   0.0000000000e+00   4.9999999931e-01   0.0000000000e+00   0.0000000000e+00   3.8350014296e-01
   9.5000000034e+02   1.1649985773e-01   0.0000000000e+00   4.9999999931e-01   0.0000000000e+00   0.0000000000e+00   3.8350014296e-01
   9.5000000034e+02   1.1649985773e-01   0.0000000000e+00   4.9999999931e-01   0.0000000000e+00   0.0000000000e+00   3.8350014296e-01
   9.5000000034e+02   1.1649985773e-01   0.0000000000e+00   4.9999999931e-01   0.0000000000e+00   0.0000000000e+00   3.8350014296e-01
   9.5000000034e+02   1.1649985773e-01   0.0000000000e+00   4.9999999931e-01   0.0000000000e+00   0.0000000000e+00   3.8350014296e-01
   9.5000000034e+02   1.1649985773e-01   0.0000000000e+00   4.9999999931e-01   0.0000000000e+00   0.0000000000e+00   3.8350014296e-01
   9.5000000034e+02   1.1649985773e-01   0.0000000000e+00   4.9999999931e-01   0.0000000000e+00   0.0000000000e+00   3.8350014296e-01
   9.5000000034e+02   1.1649985773e-01   0.0000000000e+00   4.9999999931e-01   0.0000000000e+00   0.0000000000e+00   3.8350014296e-01
   9.4999999864e+02   1.1649985694e-01   0.0000000000e+00   5.0000000272e-01   0.0000000000e+00   0.0000000000e+00   3.8350014035e-01
   9.4999999864e+02   1.1649985694e-01   0.0000000000e+00   5.0000000272e-01   0.0000000000e+00   0.0000000000e+00   3.8350014035e-01
   9.4999999864e+02   1.1649985694e-01   0.0000000000e+00   5.0000000272e-01   0.0000000000e+00   0.0000000000e+00   3.8350014035e-01
   9.4999999864e+02   1.1649985694e-01   0.0000000000e+00   5.0000000272e-01   0.0000000000e+00   0.0000000000e+00   3.8350014035e-01
   9.4999998604e+02   1.1649985107e-01   0.0000000000e+00   5.0000002792e-01   0.0000000000e+00   0.0000000000e+00   3.8350012102e-01
   9.4999998604e+02   1.1649985107e-01   0.0000000000e+00   5.0000002792e-01   0.0000000000e+00   0.0000000000e+00   3.8350012102e-01
   9.4999998604e+02   1.1649985107e-01   0.0000000000e+00   5.0000002792e-01   0.0000000000e+00   0.0000000000e+00   3.8350012102e-01
   9.4999998604e+02   1.1649985107e-01   0.0000000000e+00   5.0000002792e-01   0.0000000000e+00   0.0000000000e+00   3.8350012102e-01
   9.4999998647e+02   1.1649985126e-01   0.0000000000e+00   5.0000002707e-01   0.0000000000e+00   0.0000000000e+00   3.8350012167e-01
   9.4999998647e+02   1.1649985126e-01   0.0000000000e+00   5.0000002707e-01   0.0000000000e+00   0.0000000000e+00   3.8350012167e-01
   9.4999998647e+02   1.1649985126e-01   0.0000000000e+00   5.0000002707e-01   0.0000000000e+00   0.0000000000e+00   3.8350012167e-01
   9.4999998647e+02   1.1649985126e-01   0.0000000000e+00   5.0000002707e-01   0.0000000000e+00   0.0000000000e+00   3.8350012167e-01
   9.4999998562e+02   1.1649985087e-01   0.0000000000e+00   5.0000002876e-01   0.0000000000e+00   0.0000000000e+00   3.8350012037e-01
   9.4999998562e+02   1.1649985087e-01   0.0000000000e+00   5.0000002876e-01   0.0000000000e+00   0.0000000000e+00   3.8350012037e-01
   9.4999998477e+02   1.1649985047e-01   0.0000000000e+00   5.0000003046e-01   0.0000000000e+00   0.0000000000e+00   3.8350011907e-01
   9.4999998477e+02   1.1649985047e-01   0.0000000000e+00   5.0000003046e-01   0.0000000000e+00   0.0000000000e+00   3.8350011907e-01
   9.4999998477e+02   1.1649985047e-01   0.0000000000e+00   5.0000003046e-01   0.0000000000e+00   0.0000000000e+00   3.8350011907e-01
   9.4999998477e+02   1.1649985047e-01   0.0000000000e+00   5.0000003046e-01   0.0000000000e+00   0.0000000000e+00   3.8350011907e-01
   9.4999998477e+02   1.1649985047e-01   0.0000000000e+00   5.0000003046e-01   0.0000000000e+00   0.0000000000e+00   3.8350011907e-01
   9.4999998477e+02   1.1649985047e-01   0.0000000000e+00   5.0000003046e-01   0.0000000000e+00   0.0000000000e+00   3.8350011907e-01
   9.5000001411e+02   1.1649986414e-01   0.0000000000e+00   4.9999997179e-01   0.0000000000e+00   0.0000000000e+00   3.8350016407e-01
   9.5000001411e+02   1.1649986414e-01   0.0000000000e+00   4.9999997179e-01   0.0000000000e+00   0.0000000000e+00   3.8350016407e-01
   9.5000001411e+02   1.1649986414e-01   0.0000000000e+00   4.9999997179e-01   0.0000000000e+00   0.0000000000e+00   3.8350016407e-01
   9.5000001411e+02   1.1649986414e-01   0.0000000000e+00   4.9999997179e-01   0.0000000000e+00   0.0000000000e+00   3.8350016407e-01
   9.5000001411e+02   1.1649986414e-01   0.0000000000e+00   4.9999997179e-01   0.0000000000e+00   0.0000000000e+00   3.8350016407e-01
   9.5000001411e+02   1.1649986414e-01   0.0000000000e+00   4.9999997179e-01   0.0000000000e+00   0.0000000000e+00   3.8350016407e-01
   9.5000001411e+02   1.1649986414e-01   0.0000000000e+00   4.9999997179e-01   0.0000000000e+00   0.0000000000e+00   3.8350016407e-01
   9.5000001411e+02   1.1649986414e-01   0.0000000000e+00   4.9999997179e-01   0.0000000000e+00   0.0000000000e+00   3.8350016407e-01
   9.4999998473e+02   1.1649985045e-01   0.0000000000e+00   5.0000003054e-01   0.0000000000e+00   0.0000000000e+00   3.8350011901e-01
   9.4999998473e+02   1.1649985045e-01   0.0000000000e+00   5.0000003054e-01   0.0000000000e+00   0.0000000000e+00   3.8350011901e-01
   9.4999998650e+02   1.1649985128e-01   0.0000000000e+00   5.0000002699e-01   0.0000000000e+00   0.0000000000e+00   3.8350012173e-01
   9.4999998650e+02   1.1649985128e-01   0.0000000000e+00   5.0000002699e-01   0.0000000000e+00   0.0000000000e+00   3.8350012173e-01
   9.4999998473e+02   1.1649985045e-01   0.0000000000e+00   5.0000003054e-01   0.0000000000e+00   0.0000000000e+00   3.8350011901e-01
   9.4999998473e+02   1.1649985045e-01   0.0000000000e+00   5.0000003054e-01   0.0000000000e+00   0.0000000000e+00   3.8350011901e-01
   9.4999998650e+02   1.1649985128e-01   0.0000000000e+00   5.0000002699e-01   0.0000000000e+00   0.0000000000e+00   3.8350012173e-01
   9.4999998650e+02   1.1649985128e-01   0.0000000000e+00   5.0000002699e-01   0.0000000000e+00   0.0000000000e+00   3.8350012173e-01
   9.5000001440e+02   1.1649986428e-01   0.0000000000e+00   4.9999997121e-01   0.0000000000e+00   0.0000000000e+00   3.8350016452e-01
   9.5000001440e+02   1.1649986428e-01   0.0000000000e+00   4.9999997121e-01   0.0000000000e+00   0.0000000000e+00   3.8350016452e-01
   9.5000001415e+02   1.1649986416e-01   0.0000000000e+00   4.9999997170e-01   0.0000000000e+00   0.0000000000e+00   3.8350016414e-01
   9.5000001415e+02   1.1649986416e-01   0.0000000000e+00   4.9999997170e-01   0.0000000000e+00   0.0000000000e+00   3.8350016414e-01
   9.5000001423e+02   1.1649986420e-01   0.0000000000e+00   4.9999997155e-01   0.0000000000e+00   0.0000000000e+00   3.8350016425e-01
   9.5000001423e+02   1.1649986420e-01   0.0000000000e+00   4.9999997155e-01   0.0000000000e+00   0.0000000000e+00   3.8350016425e-01
   9.5000001423e+02   1.1649986420e-01   0.0000000000e+00   4.9999997155e-01   0.0000000000e+00   0.0000000000e+00   3.8350016425e-01
   9.5000001423e+02   1.1649986420e-01   0.0000000000e+00   4.9999997155e-01   0.0000000000e+00   0.0000000000e+00   3.8350016425e-01
   9.5000001452e+02   1.1649986434e-01   0.0000000000e+00   4.9999997096e-01   0.0000000000e+00   0.0000000000e+00   3.8350016470e-01
   9.5000001452e+02   1.1649986434e-01   0.0000000000e+00   4.9999997096e-01   0.0000000000e+00   0.0000000000e+00   3.8350016470e-01
   9.5000001452e+02   1.1649986434e-01   0.0000000000e+00   4.9999997096e-01   0.0000000000e+00   0.0000000000e+00   3.8350016470e-01
   9.5000001452e+02   1.1649986434e-01   0.0000000000e+00   4.9999997096e-01   0.0000000000e+00   0.0000000000e+00   3.8350016470e-01
   9.5000001464e+02   1.1649986439e-01   0.0000000000e+00   4.9999997071e-01   0.0000000000e+00   0.0000000000e+00   3.8350016489e-01
   9.5000001464e+02   1.1649986439e-01   0.0000000000e+00   4.9999997071e-01   0.0000000000e+00   0.0000000000e+00   3.8350016489e-01
   9.5000001464e+02   1.1649986439e-01   0.0000000000e+00   4.9999997071e-01   0.0000000000e+00   0.0000000000e+00   3.8350016489e-01
   9.5000001464e+02   1.1649986439e-01   0.0000000000e+00   4.9999997071e-01   0.0000000000e+00   0.0000000000e+00   3.8350016489e-01
   9.4999998606e+02   1.1649985107e-01   0.0000000000e+00   5.0000002788e-01   0.0000000000e+00   0.0000000000e+00   3.8350012105e-01
   9.4999998606e+02   1.1649985107e-01   0.0000000000e+00   5.0000002788e-01   0.0000000000e+00   0.0000000000e+00   3.8350012105e-01
   9.4999998517e+02   1.1649985066e-01   0.0000000000e+00   5.0000002965e-01   0.0000000000e+00   0.0000000000e+00   3.8350011969e-01
   9.4999998517e+02   1.1649985066e-01   0.0000000000e+00   5.0000002965e-01   0.0000000000e+00   0.0000000000e+00   3.8350011969e-01
   9.4999998606e+02   1.1649985107e-01   0.0000000000e+00   5.0000002788e-01   0.0000000000e+00   0.0000000000e+00   3.8350012105e-01
   9.4999998606e+02   1.1649985107e-01   0.0000000000e+00   5.0000002788e-01   0.0000000000e+00   0.0000000000e+00   3.8350012105e-01
   9.4999998517e+02   1.1649985066e-01   0.0000000000e+00   5.0000002965e-01   0.0000000000e+00   0.0000000000e+00   3.8350011969e-01
   9.4999998517e+02   1.1649985066e-01   0.0000000000e+00   5.0000002965e-01   0.0000000000e+00   0.0000000000e+00   3.8350011969e-01
   9.5000001454e+02   1.1649986435e-01   0.0000000000e+00   4.9999997092e-01   0.0000000000e+00   0.0000000000e+00   3.8350016473e-01
   9.5000001454e+02   1.1649986435e-01   0.0000000000e+00   4.9999997092e-01   0.0000000000e+00   0.0000000000e+00   3.8350016473e-01
   9.5000001454e+02   1.1649986435e-01   0.0000000000e+00   4.9999997092e-01   0.0000000000e+00   0.0000000000e+00   3.8350016473e-01
   9.5000001454e+02   1.1649986435e-01   0.0000000000e+00   4.9999997092e-01   0.0000000000e+00   0.0000000000e+00   3.8350016473e-01
   9.5000001454e+02   1.1649986435e-01   0.0000000000e+00   4.9999997092e-01   0.0000000000e+00   0.0000000000e+00   3.8350016473e-01
   9.5000001454e+02   1.1649986435e-01   0.0000000000e+00   4.9999997092e-01   0.0000000000e+00   0.0000000000e+00   3.8350016473e-01
   9.5000001454e+02   1.1649986435e-01   0.0000000000e+00   4.9999997092e-01   0.0000000000e+00   0.0000000000e+00   3.8350016473e-01
   9.5000001454e+02   1.1649986435e-01   0.0000000000e+00   4.9999997092e-01   0.0000000000e+00   0.0000000000e+00   3.8350016473e-01