# time = 120.581
# Grid Poins = 256    variable_0    variable_1    variable_2    variable_3    variable_4    variable_5    variable_6
   9.4999999967e+02   1.1649985742e-01   0.0000000000e+00   5.0000000065e-01   0.0000000000e+00   0.0000000000e+00   3.8350014193e-01
   9.4999999967e+02   1.1649985742e-01   0.0000000000e+00   5.0000000065e-01   0.0000000000e+00   0.0000000000e+00   3.8350014193e-01
   9.4999999967e+02   1.1649985742e-01   0.0000000000e+00   5.0000000065e-01   0.0000000000e+00   0.0000000000e+00   3.8350014193e-01
   9.4999999967e+02   1.1649985742e-01   0.0000000000e+00   5.0000000065e-01   0.0000000000e+00   0.0000000000e+00   3.8350014193e-01
   9.4999999967e+02   1.1649985742e-01   0.0000000000e+00   5.0000000065e-01   0.0000000000e+00   0.0000000000e+00   3.8350014193e-01
   9.4999999967e+02   1.1649985742e-01   0.0000000000e+00   5.0000000065e-01   0.0000000000e+00   0.0000000000e+00   3.8350014193e-01
   9.4999999967e+02   1.1649985742e-01   0.0000000000e+00   5.0000000065e-01   0.0000000000e+00   0.0000000000e+00   3.8350014193e-01
   9.4999999967e+02   1.1649985742e-01   0.0000000000e+00   5.0000000065e-01   0.0000000000e+00   0.0000000000e+00   3.8350014193e-01
   9.4999999967e+02   1.1649985742e-01   0.0000000000e+00   5.0000000066e-01   0.0000000000e+00   0.0000000000e+00   3.8350014192e-01
   9.4999999967e+02   1.1649985742e-01   0.0000000000e+00   5.0000000066e-01   0.0000000000e+00   0.0000000000e+00   3.8350014192e-01
   9.4999999967e+02   1.1649985742e-01   0.0000000000e+00   5.0000000066e-01   0.0000000000e+00   0.0000000000e+00   3.8350014193e-01
   9.4999999967e+02   1.1649985742e-01   0.0000000000e+00   5.0000000066e-01   0.0000000000e+00   0.0000000000e+00   3.8350014193e-01
   9.4999999967e+02   1.1649985742e-01   0.0000000000e+00   5.0000000066e-01   0.0000000000e+00   0.0000000000e+00   3.8350014192e-01
   9.4999999967e+02   1.1649985742e-01   0.0000000000e+00   5.0000000066e-01   0.0000000000e+00   0.0000000000e+00   3.8350014192e-01
   9.4999999967e+02   1.1649985742e-01   0.0000000000e+00   5.0000000066e-01   0.0000000000e+00   0.0000000000e+00   3.8350014193e-01
   9.4999999967e+02   1.1649985742e-01   0.0000000000e+00   5.0000000066e-01   0.0000000000e+00   0.0000000000e+00   3.8350014193e-01
   9.4999999971e+02   1.1649985744e-01   0.0000000000e+00   5.0000000058e-01   0.0000000000e+00   0.0000000000e+00   3.8350014199e-01
   9.4999999971e+02   1.1649985744e-01   0.0000000000e+00   5.0000000058e-01   0.0000000000e+00   0.0000000000e+00   3.8350014199e-01
   9.4999999979e+02   1.1649985747e-01   0.0000000000e+00   5.0000000042e-01   0.0000000000e+00   0.0000000000e+00   3.8350014210e-01
   9.4999999979e+02   1.1649985747e-01   0.0000000000e+00   5.0000000042e-01   0.0000000000e+00   0.0000000000e+00   3.8350014210e-01
   9.4999999970e+02   1.1649985743e-01   0.0000000000e+00   5.0000000061e-01   0.0000000000e+00   0.0000000000e+00   3.8350014196e-01
   9.4999999970e+02   1.1649985743e-01   0.0000000000e+00   5.0000000061e-01   0.0000000000e+00   0.0000000000e+00   3.8350014196e-01
   9.4999999970e+02   1.1649985743e-01   0.0000000000e+00   5.0000000061e-01   0.0000000000e+00   0.0000000000e+00   3.8350014196e-01
   9.4999999970e+02   1.1649985743e-01   0.0000000000e+00   5.0000000061e-01   0.0000000000e+00   0.0000000000e+00   3.8350014196e-01
   9.4999999960e+02   1.1649985739e-01   0.0000000000e+00   5.0000000079e-01   0.0000000000e+00   0.0000000000e+00   3.8350014182e-01
   9.4999999960e+02   1.1649985739e-01   0.0000000000e+00   5.0000000079e-01   0.0000000000e+00   0.0000000000e+00   3.8350014182e-01
   9.4999999973e+02   1.1649985745e-01   0.0000000000e+00   5.0000000053e-01   0.0000000000e+00   0.0000000000e+00   3.8350014202e-01
   9.4999999973e+02   1.1649985745e-01   0.0000000000e+00   5.0000000053e-01   0.0000000000e+00   0.0000000000e+00   3.8350014202e-01
   9.4999999958e+02   1.1649985738e-01   0.0000000000e+00   5.0000000083e-01   0.0000000000e+00   0.0000000000e+00   3.8350014179e-01
   9.4999999958e+02   1.1649985738e-01   0.0000000000e+00   5.0000000083e-01   0.0000000000e+00   0.0000000000e+00   3.8350014179e-01
   9.4999999962e+02   1.1649985739e-01   0.0000000000e+00   5.0000000075e-01   0.0000000000e+00   0.0000000000e+00   3.8350014185e-01
   9.4999999962e+02   1.1649985739e-01   0.0000000000e+00   5.0000000075e-01   0.0000000000e+00   0.0000000000e+00   3.8350014185e-01
   9.5000000065e+02   1.1649985787e-01   0.0000000000e+00   4.9999999870e-01   0.0000000000e+00   0.0000000000e+00   3.8350014343e-01
   9.5000000065e+02   1.1649985787e-01   0.0000000000e+00   4.9999999870e-01   0.0000000000e+00   0.0000000000e+00   3.8350014343e-01
   9.5000000065e+02   1.1649985787e-01   0.0000000000e+00   4.9999999870e-01   0.0000000000e+00   0.0000000000e+00   3.8350014343e-01
   9.5000000065e+02   1.1649985787e-01   0.0000000000e+00   4.9999999870e-01   0.0000000000e+00   0.0000000000e+00   3.8350014343e-01
   9.5000000039e+02   1.1649985775e-01   0.0000000000e+00   4.9999999922e-01   0.0000000000e+00   0.0000000000e+00   3.8350014303e-01
   9.5000000039e+02   1.1649985775e-01   0.0000000000e+00   4.9999999922e-01   0.0000000000e+00   0.0000000000e+00   3.8350014303e-01
   9.5000000039e+02   1.1649985775e-01   0.0000000000e+00   4.9999999922e-01   0.0000000000e+00   0.0000000000e+00   3.8350014303e-01
   9.5000000039e+02   1.1649985775e-01   0.0000000000e+00   4.9999999922e-01   0.0000000000e+00   0.0000000000e+00   3.8350014303e-01
   9.5000000039e+02   1.1649985775e-01   0.0000000000e+00   4.9999999922e-01   0.0000000000e+00   0.0000000000e+00   3.8350014303e-01
   9.5000000039e+02   1.1649985775e-01   0.0000000000e+00   4.9999999922e-01   0.0000000000e+00   0.0000000000e+00   3.8350014303e-01
   9.5000000039e+02   1.1649985775e-01   0.0000000000e+00   4.9999999922e-01   0.0000000000e+00   0.0000000000e+00   3.8350014303e-01
   9.5000000039e+02   1.1649985775e-01   0.0000000000e+00   4.9999999922e-01   0.0000000000e+00   0.0000000000e+00   3.8350014303e-01
   9.5000000065e+02   1.1649985787e-01   0.0000000000e+00   4.9999999870e-01   0.0000000000e+00   0.0000000000e+00   3.8350014343e-01
   9.5000000065e+02   1.1649985787e-01   0.0000000000e+00   4.9999999870e-01   0.0000000000e+00   0.0000000000e+00   3.8350014343e-01
   9.5000000065e+02   1.1649985787e-01   0.0000000000e+00   4.9999999870e-01   0.0000000000e+00   0.0000000000e+00   3.8350014343e-01
   9.5000000065e+02   1.1649985787e-01   0.0000000000e+00   4.9999999870e-01   0.0000000000e+00   0.0000000000e+00   3.8350014343e-01
   9.5000000073e+02   1.1649985791e-01   0.0000000000e+00   4.9999999854e-01   0.0000000000e+00   0.0000000000e+00   3.8350014355e-01
   9.5000000073e+02   1.1649985791e-01   0.0000000000e+00   4.9999999854e-01   0.0000000000e+00   0.0000000000e+00   3.8350014355e-01
   9.5000000073e+02   1.1649985791e-01   0.0000000000e+00   4.9999999854e-01   0.0000000000e+00   0.0000000000e+00   3.8350014355e-01
   9.5000000073e+02   1.1649985791e-01   0.0000000000e+00   4.9999999854e-01   0.0000000000e+00   0.0000000000e+00   3.8350014355e-01
   9.5000000070e+02   1.1649985790e-01   0.0000000000e+00   4.9999999859e-01   0.0000000000e+00   0.0000000000e+00   3.8350014351e-01
   9.5000000070e+02   1.1649985790e-01   0.0000000000e+00   4.9999999859e-01   0.0000000000e+00   0.0000000000e+00   3.8350014351e-01
   9.5000000076e+02   1.1649985792e-01   0.0000000000e+00   4.9999999849e-01   0.0000000000e+00   0.0000000000e+00   3.8350014359e-01
   9.5000000076e+02   1.1649985792e-01   0.0000000000e+00   4.9999999849e-01   0.0000000000e+00   0.0000000000e+00   3.8350014359e-01
   9.5000000071e+02   1.1649985790e-01   0.0000000000e+00   4.9999999858e-01   0.0000000000e+00   0.0000000000e+00   3.8350014352e-01
   9.5000000071e+02   1.1649985790e-01   0.0000000000e+00   4.9999999858e-01   0.0000000000e+00   0.0000000000e+00   3.8350014352e-01
   9.5000000071e+02   1.1649985790e-01   0.0000000000e+00   4.9999999858e-01   0.0000000000e+00   0.0000000000e+00   3.8350014352e-01
   9.5000000071e+02   1.1649985790e-01   0.0000000000e+00   4.9999999858e-01   0.0000000000e+00   0.0000000000e+00   3.8350014352e-01
   9.5000000071e+02   1.1649985790e-01   0.0000000000e+00   4.9999999858e-01   0.0000000000e+00   0.0000000000e+00   3.8350014352e-01
   9.5000000071e+02   1.1649985790e-01   0.0000000000e+00   4.9999999858e-01   0.0000000000e+00   0.0000000000e+00   3.8350014352e-01
   9.5000000071e+02   1.1649985790e-01   0.0000000000e+00   4.9999999858e-01   0.0000000000e+00   0.0000000000e+00   3.8350014352e-01
   9.5000000071e+02   1.1649985790e-01   0.0000000000e+00   4.9999999858e-01   0.0000000000e+00   0.0000000000e+00   3.8350014352e-01
   9.5000000009e+02   1.1649985761e-01   0.0000000000e+00   4.9999999982e-01   0.0000000000e+00   0.0000000000e+00   3.8350014257e-01
   9.5000000009e+02   1.1649985761e-01   0.0000000000e+00   4.9999999982e-01   0.0000000000e+00   0.0000000000e+00   3.8350014257e-01
   9.5000000009e+02   1.1649985761e-01   0.0000000000e+00   4.9999999982e-01   0.0000000000e+00   0.0000000000e+00   3.8350014257e-01
   9.5000000009e+02   1.1649985761e-01   0.0000000000e+00   4.9999999982e-01   0.0000000000e+00   0.0000000000e+00   3.8350014257e-01
   9.5000000012e+02   1.1649985762e-01   0.0000000000e+00   4.9999999977e-01   0.0000000000e+00   0.0000000000e+00   3.8350014261e-01
   9.5000000012e+02   1.1649985762e-01   0.0000000000e+00   4.9999999977e-01   0.0000000000e+00   0.0000000000e+00   3.8350014261e-01
   9.5000000012e+02   1.1649985762e-01   0.0000000000e+00   4.9999999977e-01   0.0000000000e+00   0.0000000000e+00   3.8350014261e-01
   9.5000000012e+02   1.1649985762e-01   0.0000000000e+00   4.9999999977e-01   0.0000000000e+00   0.0000000000e+00   3.8350014261e-01
   9.5000000008e+02   1.1649985761e-01   0.0000000000e+00   4.9999999984e-01   0.0000000000e+00   0.0000000000e+00   3.8350014256e-01
   9.5000000008e+02   1.1649985761e-01   0.0000000000e+00   4.9999999984e-01   0.0000000000e+00   0.0000000000e+00   3.8350014256e-01
   9.5000000008e+02   1.1649985761e-01   0.0000000000e+00   4.9999999984e-01   0.0000000000e+00   0.0000000000e+00   3.8350014256e-01
   9.5000000008e+02   1.1649985761e-01   0.0000000000e+00   4.9999999984e-01   0.0000000000e+00   0.0000000000e+00   3.8350014256e-01
   9.5000000008e+02   1.1649985761e-01   0.0000000000e+00   4.9999999984e-01   0.0000000000e+00   0.0000000000e+00   3.8350014256e-01
   9.5000000008e+02   1.1649985761e-01   0.0000000000e+00   4.9999999984e-01   0.0000000000e+00   0.0000000000e+00   3.8350014256e-01
   9.5000000008e+02   1.1649985761e-01   0.0000000000e+00   4.9999999984e-01   0.0000000000e+00   0.0000000000e+00   3.8350014256e-01
   9.5000000008e+02   1.1649985761e-01   0.0000000000e+00   4.9999999984e-01   0.0000000000e+00   0.0000000000e+00   3.8350014256e-01
   9.5000000010e+02   1.1649985762e-01   0.0000000000e+00   4.9999999979e-01   0.0000000000e+00   0.0000000000e+00   3.8350014259e-01
   9.5000000010e+02   1.1649985762e-01   0.0000000000e+00   4.9999999979e-01   0.0000000000e+00   0.0000000000e+00   3.8350014259e-01
   9.5000000010e+02   1.1649985762e-01   0.0000000000e+00   4.9999999979e-01   0.0000000000e+00   0.0000000000e+00   3.8350014259e-01
   9.5000000010e+02   1.1649985762e-01   0.0000000000e+00   4.9999999979e-01   0.0000000000e+00   0.0000000000e+00   3.8350014259e-01
   9.5000000010e+02   1.1649985762e-01   0.0000000000e+00   4.9999999979e-01   0.0000000000e+00   0.0000000000e+00   3.8350014259e-01
   9.5000000010e+02   1.1649985762e-01   0.0000000000e+00   4.9999999979e-01   0.0000000000e+00   0.0000000000e+00   3.8350014259e-01
   9.5000000010e+02   1.1649985762e-01   0.0000000000e+00   4.9999999979e-01   0.0000000000e+00   0.0000000000e+00   3.8350014259e-01
   9.5000000010e+02   1.1649985762e-01   0.0000000000e+00   4.9999999979e-01   0.0000000000e+00   0.0000000000e+00   3.8350014259e-01
   9.5000000020e+02   1.1649985766e-01   0.0000000000e+00   4.9999999960e-01   0.0000000000e+00   0.0000000000e+00   3.8350014274e-01
   9.5000000020e+02   1.1649985766e-01   0.0000000000e+00   4.9999999960e-01   0.0000000000e+00   0.0000000000e+00   3.8350014274e-01
   9.5000000020e+02   1.1649985766e-01   0.0000000000e+00   4.9999999960e-01   0.0000000000e+00   0.0000000000e+00   3.8350014274e-01
   9.5000000020e+02   1.1649985766e-01   0.0000000000e+00   4.9999999960e-01   0.0000000000e+00   0.0000000000e+00   3.8350014274e-01
   9.5000000021e+02   1.1649985767e-01   0.0000000000e+00   4.9999999957e-01   0.0000000000e+00   0.0000000000e+00   3.8350014276e-01
   9.5000000021e+02   1.1649985767e-01   0.0000000000e+00   4.9999999957e-01   0.0000000000e+00   0.0000000000e+00   3.8350014276e-01
   9.5000000019e+02   1.1649985766e-01   0.0000000000e+00   4.9999999962e-01   0.0000000000e+00   0.0000000000e+00   3.8350014272e-01
   9.5000000019e+02   1.1649985766e-01   0.0000000000e+00   4.9999999962e-01   0.0000000000e+00   0.0000000000e+00   3.8350014272e-01
   9.5000000003e+02   1.1649985759e-01   0.0000000000e+00   4.9999999993e-01   0.0000000000e+00   0.0000000000e+00   3.8350014248e-01
   9.5000000003e+02   1.1649985759e-01   0.0000000000e+00   4.9999999993e-01   0.0000000000e+00   0.0000000000e+00   3.8350014248e-01
   9.5000000003e+02   1.1649985759e-01   0.0000000000e+00   4.9999999993e-01   0.0000000000e+00   0.0000000000e+00   3.8350014248e-01
   9.5000000003e+02   1.1649985759e-01   0.0000000000e+00   4.9999999993e-01   0.0000000000e+00   0.0000000000e+00   3.8350014248e-01
   9.5000000003e+02   1.1649985759e-01   0.0000000000e+00   4.9999999993e-01   0.0000000000e+00   0.0000000000e+00   3.8350014248e-01
   9.5000000003e+02   1.1649985759e-01   0.0000000000e+00   4.9999999993e-01   0.0000000000e+00   0.0000000000e+00   3.8350014248e-01
   9.5000000003e+02   1.1649985759e-01   0.0000000000e+00   4.9999999993e-01   0.0000000000e+00   0.0000000000e+00   3.8350014248e-01
   9.5000000003e+02   1.1649985759e-01   0.0000000000e+00   4.9999999993e-01   0.0000000000e+00   0.0000000000e+00   3.8350014248e-01
   9.5000000008e+02   1.1649985761e-01   0.0000000000e+00   4.9999999984e-01   0.0000000000e+00   0.0000000000e+00   3.8350014256e-01
   9.5000000008e+02   1.1649985761e-01   0.0000000000e+00   4.9999999984e-01   0.0000000000e+00   0.0000000000e+00   3.8350014256e-01
   9.5000000008e+02   1.1649985761e-01   0.0000000000e+00   4.9999999984e-01   0.0000000000e+00   0.0000000000e+00   3.8350014256e-01
   9.5000000008e+02   1.1649985761e-01   0.0000000000e+00   4.9999999984e-01   0.0000000000e+00   0.0000000000e+00   3.8350014256e-01
   9.5000000008e+02   1.1649985761e-01   0.0000000000e+00   4.9999999984e-01   0.0000000000e+00   0.0000000000e+00   3.8350014256e-01
   9.5000000008e+02   1.1649985761e-01   0.0000000000e+00   4.9999999984e-01   0.0000000000e+00   0.0000000000e+00   3.8350014256e-01
   9.5000000008e+02   1.1649985761e-01   0.0000000000e+00   4.9999999984e-01   0.0000000000e+00   0.0000000000e+00   3.8350014256e-01
   9.5000000008e+02   1.1649985761e-01   0.0000000000e+00   4.9999999984e-01   0.0000000000e+00   0.0000000000e+00   3.8350014256e-01
   9.5000000005e+02   1.1649985759e-01   0.0000000000e+00   4.9999999990e-01   0.0000000000e+00   0.0000000000e+00   3.8350014250e-01
   9.5000000005e+02   1.1649985759e-01   0.0000000000e+00   4.9999999990e-01   0.0000000000e+00   0.0000000000e+00   3.8350014250e-01
   9.5000000005e+02   1.1649985759e-01   0.0000000000e+00   4.9999999990e-01   0.0000000000e+00   0.0000000000e+00   3.8350014250e-01
   9.5000000005e+02   1.1649985759e-01   0.0000000000e+00   4.9999999990e-01   0.0000000000e+00   0.0000000000e+00   3.8350014250e-01
   9.5000000005e+02   1.1649985759e-01   0.0000000000e+00   4.9999999990e-01   0.0000000000e+00   0.0000000000e+00   3.8350014251e-01
   9.5000000005e+02   1.1649985759e-01   0.0000000000e+00   4.9999999990e-01   0.0000000000e+00   0.0000000000e+00   3.8350014251e-01
   9.5000000005e+02   1.1649985759e-01   0.0000000000e+00   4.9999999991e-01   0.0000000000e+00   0.0000000000e+00   3.8350014250e-01
   9.5000000005e+02   1.1649985759e-01   0.0000000000e+00   4.9999999991e-01   0.0000000000e+00   0.0000000000e+00   3.8350014250e-01
   9.5000000009e+02   1.1649985761e-01   0.0000000000e+00   4.9999999983e-01   0.0000000000e+00   0.0000000000e+00   3.8350014256e-01
   9.5000000009e+02   1.1649985761e-01   0.0000000000e+00   4.9999999983e-01   0.0000000000e+00   0.0000000000e+00   3.8350014256e-01
   9.5000000016e+02   1.1649985764e-01   0.0000000000e+00   4.9999999968e-01   0.0000000000e+00   0.0000000000e+00   3.8350014267e-01
   9.5000000016e+02   1.1649985764e-01   0.0000000000e+00   4.9999999968e-01   0.0000000000e+00   0.0000000000e+00   3.8350014267e-01
   9.5000000016e+02   1.1649985764e-01   0.0000000000e+00   4.9999999968e-01   0.0000000000e+00   0.0000000000e+00   3.8350014267e-01
   9.5000000016e+02   1.1649985764e-01   0.0000000000e+00   4.9999999968e-01   0.0000000000e+00   0.0000000000e+00   3.8350014267e-01
   9.5000000009e+02   1.1649985761e-01   0.0000000000e+00   4.9999999983e-01   0.0000000000e+00   0.0000000000e+00   3.8350014256e-01
   9.5000000009e+02   1.1649985761e-01   0.0000000000e+00   4.9999999983e-01   0.0000000000e+00   0.0000000000e+00   3.8350014256e-01
   9.4999999964e+02   1.1649985740e-01   0.0000000000e+00   5.0000000071e-01   0.0000000000e+00   0.0000000000e+00   3.8350014188e-01
   9.4999999964e+02   1.1649985740e-01   0.0000000000e+00   5.0000000071e-01   0.0000000000e+00   0.0000000000e+00   3.8350014188e-01
   9.4999999964e+02   1.1649985740e-01   0.0000000000e+00   5.0000000071e-01   0.0000000000e+00   0.0000000000e+00   3.8350014188e-01
   9.4999999964e+02   1.1649985740e-01   0.0000000000e+00   5.0000000071e-01   0.0000000000e+00   0.0000000000e+00   3.8350014188e-01
   9.4999999946e+02   1.1649985732e-01   0.0000000000e+00   5.0000000107e-01   0.0000000000e+00   0.0000000000e+00   3.8350014161e-01
   9.4999999946e+02   1.1649985732e-01   0.0000000000e+00   5.0000000107e-01   0.0000000000e+00   0.0000000000e+00   3.8350014161e-01
   9.4999999946e+02   1.1649985732e-01   0.0000000000e+00   5.0000000107e-01   0.0000000000e+00   0.0000000000e+00   3.8350014161e-01
   9.4999999946e+02   1.1649985732e-01   0.0000000000e+00   5.0000000107e-01   0.0000000000e+00   0.0000000000e+00   3.8350014161e-01
   9.4999999968e+02   1.1649985742e-01   0.0000000000e+00   5.0000000064e-01   0.0000000000e+00   0.0000000000e+00   3.8350014194e-01
   9.4999999968e+02   1.1649985742e-01   0.0000000000e+00   5.0000000064e-01   0.0000000000e+00   0.0000000000e+00   3.8350014194e-01
   9.4999999968e+02   1.1649985742e-01   0.0000000000e+00   5.0000000064e-01   0.0000000000e+00   0.0000000000e+00   3.8350014194e-01
   9.4999999968e+02   1.1649985742e-01   0.0000000000e+00   5.0000000064e-01   0.0000000000e+00   0.0000000000e+00   3.8350014194e-01
   9.4999999968e+02   1.1649985742e-01   0.0000000000e+00   5.0000000064e-01   0.0000000000e+00   0.0000000000e+00   3.8350014194e-01
   9.4999999968e+02   1.1649985742e-01   0.0000000000e+00   5.0000000064e-01   0.0000000000e+00   0.0000000000e+00   3.8350014194e-01
   9.4999999968e+02   1.1649985742e-01   0.0000000000e+00   5.0000000064e-01   0.0000000000e+00   0.0000000000e+00   3.8350014194e-01
   9.4999999968e+02   1.1649985742e-01   0.0000000000e+00   5.0000000064e-01   0.0000000000e+00   0.0000000000e+00   3.8350014194e-01
   9.5000000001e+02   1.1649985758e-01   0.0000000000e+00   4.9999999998e-01   0.0000000000e+00   0.0000000000e+00   3.8350014245e-01
   9.5000000001e+02   1.1649985758e-01   0.0000000000e+00   4.9999999998e-01   0.0000000000e+00   0.0000000000e+00   3.8350014245e-01
   9.5000000001e+02   1.1649985758e-01   0.0000000000e+00   4.9999999998e-01   0.0000000000e+00   0.0000000000e+00   3.8350014245e-01
   9.5000000001e+02   1.1649985758e-01   0.0000000000e+00   4.9999999998e-01   0.0000000000e+00   0.0000000000e+00   3.8350014245e-01
   9.4999999946e+02   1.1649985732e-01   0.0000000000e+00   5.0000000107e-01   0.0000000000e+00   0.0000000000e+00   3.8350014161e-01
   9.4999999946e+02   1.1649985732e-01   0.0000000000e+00   5.0000000107e-01   0.0000000000e+00   0.0000000000e+00   3.8350014161e-01
   9.4999999964e+02   1.1649985740e-01   0.0000000000e+00   5.0000000071e-01   0.0000000000e+00   0.0000000000e+00   3.8350014188e-01
   9.4999999964e+02   1.1649985740e-01   0.0000000000e+00   5.0000000071e-01   0.0000000000e+00   0.0000000000e+00   3.8350014188e-01
   9.5000000001e+02   1.1649985758e-01   0.0000000000e+00   4.9999999998e-01   0.0000000000e+00   0.0000000000e+00   3.8350014245e-01
   9.5000000001e+02   1.1649985758e-01   0.0000000000e+00   4.9999999998e-01   0.0000000000e+00   0.0000000000e+00   3.8350014245e-01
   9.5000000001e+02   1.1649985758e-01   0.0000000000e+00   4.9999999998e-01   0.0000000000e+00   0.0000000000e+00   3.8350014245e-01
   9.5000000001e+02   1.1649985758e-01   0.0000000000e+00   4.9999999998e-01   0.0000000000e+00   0.0000000000e+00   3.8350014245e-01
   9.4999999955e+02   1.1649985736e-01   0.0000000000e+00   5.0000000089e-01   0.0000000000e+00   0.0000000000e+00   3.8350014175e-01
   9.4999999955e+02   1.1649985736e-01   0.0000000000e+00   5.0000000089e-01   0.0000000000e+00   0.0000000000e+00   3.8350014175e-01
   9.4999999955e+02   1.1649985736e-01   0.0000000000e+00   5.0000000089e-01   0.0000000000e+00   0.0000000000e+00   3.8350014175e-01
   9.4999999955e+02   1.1649985736e-01   0.0000000000e+00   5.0000000089e-01   0.0000000000e+00   0.0000000000e+00   3.8350014175e-01
   9.4999999966e+02   1.1649985741e-01   0.0000000000e+00   5.0000000069e-01   0.0000000000e+00   0.0000000000e+00   3.8350014190e-01
   9.4999999966e+02   1.1649985741e-01   0.0000000000e+00   5.0000000069e-01   0.0000000000e+00   0.0000000000e+00   3.8350014190e-01
   9.4999999966e+02   1.1649985741e-01   0.0000000000e+00   5.0000000069e-01   0.0000000000e+00   0.0000000000e+00   3.8350014190e-01
   9.4999999966e+02   1.1649985741e-01   0.0000000000e+00   5.0000000069e-01   0.0000000000e+00   0.0000000000e+00   3.8350014190e-01
   9.4999999966e+02   1.1649985741e-01   0.0000000000e+00   5.0000000069e-01   0.0000000000e+00   0.0000000000e+00   3.8350014190e-01
   9.4999999966e+02   1.1649985741e-01   0.0000000000e+00   5.0000000069e-01   0.0000000000e+00   0.0000000000e+00   3.8350014190e-01
   9.4999999966e+02   1.1649985741e-01   0.0000000000e+00   5.0000000069e-01   0.0000000000e+00   0.0000000000e+00   3.8350014190e-01
   9.4999999966e+02   1.1649985741e-01   0.0000000000e+00   5.0000000069e-01   0.0000000000e+00   0.0000000000e+00   3.8350014190e-01
   9.4999999936e+02   1.1649985727e-01   0.0000000000e+00   5.0000000128e-01   0.0000000000e+00   0.0000000000e+00   3.8350014144e-01
   9.4999999936e+02   1.1649985727e-01   0.0000000000e+00   5.0000000128e-01   0.0000000000e+00   0.0000000000e+00   3.8350014144e-01
   9.4999999964e+02   1.1649985740e-01   0.0000000000e+00   5.0000000071e-01   0.0000000000e+00   0.0000000000e+00   3.8350014188e-01
   9.4999999964e+02   1.1649985740e-01   0.0000000000e+00   5.0000000071e-01   0.0000000000e+00   0.0000000000e+00   3.8350014188e-01
   9.4999999941e+02   1.1649985729e-01   0.0000000000e+00   5.0000000119e-01   0.0000000000e+00   0.0000000000e+00   3.8350014152e-01
   9.4999999941e+02   1.1649985729e-01   0.0000000000e+00   5.0000000119e-01   0.0000000000e+00   0.0000000000e+00   3.8350014152e-01
   9.4999999941e+02   1.1649985729e-01   0.0000000000e+00   5.0000000119e-01   0.0000000000e+00   0.0000000000e+00   3.8350014152e-01
   9.4999999941e+02   1.1649985729e-01   0.0000000000e+00   5.0000000119e-01   0.0000000000e+00   0.0000000000e+00   3.8350014152e-01
   9.4999999970e+02   1.1649985743e-01   0.0000000000e+00   5.0000000061e-01   0.0000000000e+00   0.0000000000e+00   3.8350014196e-01
   9.4999999970e+02   1.1649985743e-01   0.0000000000e+00   5.0000000061e-01   0.0000000000e+00   0.0000000000e+00   3.8350014196e-01
   9.4999999970e+02   1.1649985743e-01   0.0000000000e+00   5.0000000061e-01   0.0000000000e+00   0.0000000000e+00   3.8350014196e-01
   9.4999999970e+02   1.1649985743e-01   0.0000000000e+00   5.0000000061e-01   0.0000000000e+00   0.0000000000e+00   3.8350014196e-01
   9.4999999970e+02   1.1649985743e-01   0.0000000000e+00   5.0000000061e-01   0.0000000000e+00   0.0000000000e+00   3.8350014196e-01
   9.4999999970e+02   1.1649985743e-01   0.0000000000e+00   5.0000000061e-01   0.0000000000e+00   0.0000000000e+00   3.8350014196e-01
   9.4999999970e+02   1.1649985743e-01   0.0000000000e+00   5.0000000061e-01   0.0000000000e+00   0.0000000000e+00   3.8350014196e-01
   9.4999999970e+02   1.1649985743e-01   0.0000000000e+00   5.0000000061e-01   0.0000000000e+00   0.0000000000e+00   3.8350014196e-01
   9.4999999967e+02   1.1649985742e-01   0.0000000000e+00   5.0000000066e-01   0.0000000000e+00   0.0000000000e+00   3.8350014192e-01
   9.4999999967e+02   1.1649985742e-01   0.0000000000e+00   5.0000000066e-01   0.0000000000e+00   0.0000000000e+00   3.8350014192e-01
   9.4999999967e+02   1.1649985742e-01   0.0000000000e+00   5.0000000066e-01   0.0000000000e+00   0.0000000000e+00   3.8350014192e-01
   9.4999999967e+02   1.1649985742e-01   0.0000000000e+00   5.0000000066e-01   0.0000000000e+00   0.0000000000e+00   3.8350014192e-01
   9.4999999967e+02   1.1649985742e-01   0.0000000000e+00   5.0000000066e-01   0.0000000000e+00   0.0000000000e+00   3.8350014192e-01
   9.4999999967e+02   1.1649985742e-01   0.0000000000e+00   5.0000000066e-01   0.0000000000e+00   0.0000000000e+00   3.8350014192e-01
   9.4999999967e+02   1.1649985742e-01   0.0000000000e+00   5.0000000066e-01   0.0000000000e+00   0.0000000000e+00   3.8350014192e-01
   9.4999999967e+02   1.1649985742e-01   0.0000000000e+00   5.0000000066e-01   0.0000000000e+00   0.0000000000e+00   3.8350014192e-01
   9.5000000036e+02   1.1649985774e-01   0.0000000000e+00   4.9999999927e-01   0.0000000000e+00   0.0000000000e+00   3.8350014299e-01
   9.5000000036e+02   1.1649985774e-01   0.0000000000e+00   4.9999999927e-01   0.0000000000e+00   0.0000000000e+00   3.8350014299e-01
   9.5000000036e+02   1.1649985774e-01   0.0000000000e+00   4.9999999927e-01   0.0000000000e+00   0.0000000000e+00   3.8350014299e-01
   9.5000000036e+02   1.1649985774e-01   0.0000000000e+00   4.9999999927e-01   0.0000000000e+00   0.0000000000e+00   3.8350014299e-01
   9.5000000023e+02   1.1649985768e-01   0.0000000000e+00   4.9999999955e-01   0.0000000000e+00   0.0000000000e+00   3.8350014278e-01
   9.5000000023e+02   1.1649985768e-01   0.0000000000e+00   4.9999999955e-01   0.0000000000e+00   0.0000000000e+00   3.8350014278e-01
   9.5000000050e+02   1.1649985780e-01   0.0000000000e+00   4.9999999900e-01   0.0000000000e+00   0.0000000000e+00   3.8350014320e-01
   9.5000000050e+02   1.1649985780e-01   0.0000000000e+00   4.9999999900e-01   0.0000000000e+00   0.0000000000e+00   3.8350014320e-01
   9.5000000105e+02   1.1649985806e-01   0.0000000000e+00   4.9999999790e-01   0.0000000000e+00   0.0000000000e+00   3.8350014404e-01
   9.5000000105e+02   1.1649985806e-01   0.0000000000e+00   4.9999999790e-01   0.0000000000e+00   0.0000000000e+00   3.8350014404e-01
   9.5000000105e+02   1.1649985806e-01   0.0000000000e+00   4.9999999790e-01   0.0000000000e+00   0.0000000000e+00   3.8350014404e-01
   9.5000000105e+02   1.1649985806e-01   0.0000000000e+00   4.9999999790e-01   0.0000000000e+00   0.0000000000e+00   3.8350014404e-01
   9.5000000105e+02   1.1649985806e-01   0.0000000000e+00   4.9999999790e-01   0.0000000000e+00   0.0000000000e+00   3.8350014404e-01
   9.5000000105e+02   1.1649985806e-01   0.0000000000e+00   4.9999999790e-01   0.0000000000e+00   0.0000000000e+00   3.8350014404e-01
   9.5000000105e+02   1.1649985806e-01   0.0000000000e+00   4.9999999790e-01   0.0000000000e+00   0.0000000000e+00   3.8350014404e-01
   9.5000000105e+02   1.1649985806e-01   0.0000000000e+00   4.9999999790e-01   0.0000000000e+00   0.0000000000e+00   3.8350014404e-01
   9.5000000023e+02   1.1649985768e-01   0.0000000000e+00   4.9999999955e-01   0.0000000000e+00   0.0000000000e+00   3.8350014278e-01
   9.5000000023e+02   1.1649985768e-01   0.0000000000e+00   4.9999999955e-01   0.0000000000e+00   0.0000000000e+00   3.8350014278e-01
   9.5000000050e+02   1.1649985780e-01   0.0000000000e+00   4.9999999900e-01   0.0000000000e+00   0.0000000000e+00   3.8350014320e-01
   9.5000000050e+02   1.1649985780e-01   0.0000000000e+00   4.9999999900e-01   0.0000000000e+00   0.0000000000e+00   3.8350014320e-01
   9.5000000016e+02   1.1649985764e-01   0.0000000000e+00   4.9999999969e-01   0.0000000000e+00   0.0000000000e+00   3.8350014267e-01
   9.5000000016e+02   1.1649985764e-01   0.0000000000e+00   4.9999999969e-01   0.0000000000e+00   0.0000000000e+00   3.8350014267e-01
   9.5000000009e+02   1.1649985761e-01   0.0000000000e+00   4.9999999982e-01   0.0000000000e+00   0.0000000000e+00   3.8350014256e-01
   9.5000000009e+02   1.1649985761e-01   0.0000000000e+00   4.9999999982e-01   0.0000000000e+00   0.0000000000e+00   3.8350014256e-01
   9.5000000050e+02   1.1649985780e-01   0.0000000000e+00   4.9999999900e-01   0.0000000000e+00   0.0000000000e+00   3.8350014320e-01
   9.5000000050e+02   1.1649985780e-01   0.0000000000e+00   4.9999999900e-01   0.0000000000e+00   0.0000000000e+00   3.8350014320e-01
   9.5000000036e+02   1.1649985774e-01   0.0000000000e+00   4.9999999927e-01   0.0000000000e+00   0.0000000000e+00   3.8350014299e-01
   9.5000000036e+02   1.1649985774e-01   0.0000000000e+00   4.9999999927e-01   0.0000000000e+00   0.0000000000e+00   3.8350014299e-01
   9.5000000036e+02   1.1649985774e-01   0.0000000000e+00   4.9999999927e-01   0.0000000000e+00   0.0000000000e+00   3.8350014299e-01
   9.5000000036e+02   1.1649985774e-01   0.0000000000e+00   4.9999999927e-01   0.0000000000e+00   0.0000000000e+00   3.8350014299e-01
   9.5000000016e+02   1.1649985764e-01   0.0000000000e+00   4.9999999969e-01   0.0000000000e+00   0.0000000000e+00   3.8350014267e-01
   9.5000000016e+02   1.1649985764e-01   0.0000000000e+00   4.9999999969e-01   0.0000000000e+00   0.0000000000e+00   3.8350014267e-01
   9.4999999967e+02   1.1649985742e-01   0.0000000000e+00   5.0000000065e-01   0.0000000000e+00   0.0000000000e+00   3.8350014193e-01
   9.4999999967e+02   1.1649985742e-01   0.0000000000e+00   5.0000000065e-01   0.0000000000e+00   0.0000000000e+00   3.8350014193e-01
   9.4999999967e+02   1.1649985742e-01   0.0000000000e+00   5.0000000065e-01   0.0000000000e+00   0.0000000000e+00   3.8350014193e-01
   9.4999999967e+02   1.1649985742e-01   0.0000000000e+00   5.0000000065e-01   0.0000000000e+00   0.0000000000e+00   3.8350014193e-01
   9.4999999967e+02   1.1649985742e-01   0.0000000000e+00   5.0000000065e-01   0.0000000000e+00   0.0000000000e+00   3.8350014193e-01
   9.4999999967e+02   1.1649985742e-01   0.0000000000e+00   5.0000000065e-01   0.0000000000e+00   0.0000000000e+00   3.8350014193e-01
   9.4999999967e+02   1.1649985742e-01   0.0000000000e+00   5.0000000065e-01   0.0000000000e+00   0.0000000000e+00   3.8350014193e-01
   9.4999999967e+02   1.1649985742e-01   0.0000000000e+00   5.0000000065e-01   0.0000000000e+00   0.0000000000e+00   3.8350014193e-01
   9.4999999968e+02   1.1649985742e-01   0.0000000000e+00   5.0000000064e-01   0.0000000000e+00   0.0000000000e+00   3.8350014194e-01
   9.4999999968e+02   1.1649985742e-01   0.0000000000e+00   5.0000000064e-01   0.0000000000e+00   0.0000000000e+00   3.8350014194e-01
   9.4999999968e+02   1.1649985742e-01   0.0000000000e+00   5.0000000064e-01   0.0000000000e+00   0.0000000000e+00   3.8350014194e-01
   9.4999999968e+02   1.1649985742e-01   0.0000000000e+00   5.0000000064e-01   0.0000000000e+00   0.0000000000e+00   3.8350014194e-01
   9.4999999968e+02   1.1649985742e-01   0.0000000000e+00   5.0000000064e-01   0.0000000000e+00   0.0000000000e+00   3.8350014194e-01
   9.4999999968e+02   1.1649985742e-01   0.0000000000e+00   5.0000000064e-01   0.0000000000e+00   0.0000000000e+00   3.8350014194e-01
   9.4999999968e+02   1.1649985742e-01   0.0000000000e+00   5.0000000064e-01   0.0000000000e+00   0.0000000000e+00   3.8350014194e-01
   9.4999999968e+02   1.1649985742e-01   0.0000000000e+00   5.0000000064e-01   0.0000000000e+00   0.0000000000e+00   3.8350014194e-01
   9.4999999972e+02   1.1649985744e-01   0.0000000000e+00   5.0000000055e-01   0.0000000000e+00   0.0000000000e+00   3.8350014201e-01
   9.4999999972e+02   1.1649985744e-01   0.0000000000e+00   5.0000000055e-01   0.0000000000e+00   0.0000000000e+00   3.8350014201e-01
   9.4999999972e+02   1.1649985744e-01   0.0000000000e+00   5.0000000055e-01   0.0000000000e+00   0.0000000000e+00   3.8350014201e-01
   9.4999999972e+02   1.1649985744e-01   0.0000000000e+00   5.0000000055e-01   0.0000000000e+00   0.0000000000e+00   3.8350014201e-01
   9.4999999966e+02   1.1649985741e-01   0.0000000000e+00   5.0000000069e-01   0.0000000000e+00   0.0000000000e+00   3.8350014190e-01
   9.4999999966e+02   1.1649985741e-01   0.0000000000e+00   5.0000000069e-01   0.0000000000e+00   0.0000000000e+00   3.8350014190e-01
   9.4999999971e+02   1.1649985743e-01   0.0000000000e+00   5.0000000058e-01   0.0000000000e+00   0.0000000000e+00   3.8350014199e-01
   9.4999999971e+02   1.1649985743e-01   0.0000000000e+00   5.0000000058e-01   0.0000000000e+00   0.0000000000e+00   3.8350014199e-01
   9.4999999973e+02   1.1649985745e-01   0.0000000000e+00   5.0000000053e-01   0.0000000000e+00   0.0000000000e+00   3.8350014202e-01
   9.4999999973e+02   1.1649985745e-01   0.0000000000e+00   5.0000000053e-01   0.0000000000e+00   0.0000000000e+00   3.8350014202e-01
   9.4999999973e+02   1.1649985745e-01   0.0000000000e+00   5.0000000053e-01   0.0000000000e+00   0.0000000000e+00   3.8350014202e-01
   9.4999999973e+02   1.1649985745e-01   0.0000000000e+00   5.0000000053e-01   0.0000000000e+00   0.0000000000e+00   3.8350014202e-01
   9.4999999968e+02   1.1649985742e-01   0.0000000000e+00   5.0000000064e-01   0.0000000000e+00   0.0000000000e+00   3.8350014194e-01
   9.4999999968e+02   1.1649985742e-01   0.0000000000e+00   5.0000000064e-01   0.0000000000e+00   0.0000000000e+00   3.8350014194e-01
   9.4999999968e+02   1.1649985742e-01   0.0000000000e+00   5.0000000064e-01   0.0000000000e+00   0.0000000000e+00   3.8350014194e-01
   9.4999999968e+02   1.1649985742e-01   0.0000000000e+00   5.0000000064e-01   0.0000000000e+00   0.0000000000e+00   3.8350014194e-01