# time = 17.8679
# Grid Poins = 256    variable_0    variable_1    variable_2    variable_3    variable_4    variable_5    variable_6
   9.3863856398e+02   1.1120543486e-01   0.0000000000e+00   5.2272287204e-01   0.0000000000e+00   0.0000000000e+00   3.6607169310e-01
   9.3863856398e+02   1.1120543486e-01   0.0000000000e+00   5.2272287204e-01   0.0000000000e+00   0.0000000000e+00   3.6607169310e-01
   9.3863856398e+02   1.1120543486e-01   0.0000000000e+00   5.2272287204e-01   0.0000000000e+00   0.0000000000e+00   3.6607169310e-01
   9.3863856398e+02   1.1120543486e-01   0.0000000000e+00   5.2272287204e-01   0.0000000000e+00   0.0000000000e+00   3.6607169310e-01
   9.4906183939e+02   1.1606267526e-01   0.0000000000e+00   5.0187632122e-01   0.0000000000e+00   0.0000000000e+00   3.8206100352e-01
   9.4906183939e+02   1.1606267526e-01   0.0000000000e+00   5.0187632122e-01   0.0000000000e+00   0.0000000000e+00   3.8206100352e-01
   9.4906183939e+02   1.1606267526e-01   0.0000000000e+00   5.0187632122e-01   0.0000000000e+00   0.0000000000e+00   3.8206100352e-01
   9.4906183939e+02   1.1606267526e-01   0.0000000000e+00   5.0187632122e-01   0.0000000000e+00   0.0000000000e+00   3.8206100352e-01
   9.4908251768e+02   1.1607231133e-01   0.0000000000e+00   5.0183496463e-01   0.0000000000e+00   0.0000000000e+00   3.8209272403e-01
   9.4908251768e+02   1.1607231133e-01   0.0000000000e+00   5.0183496463e-01   0.0000000000e+00   0.0000000000e+00   3.8209272403e-01
   9.3863856398e+02   1.1120543486e-01   0.0000000000e+00   5.2272287204e-01   0.0000000000e+00   0.0000000000e+00   3.6607169310e-01
   9.3863856398e+02   1.1120543486e-01   0.0000000000e+00   5.2272287204e-01   0.0000000000e+00   0.0000000000e+00   3.6607169310e-01
   9.3863856398e+02   1.1120543486e-01   0.0000000000e+00   5.2272287204e-01   0.0000000000e+00   0.0000000000e+00   3.6607169310e-01
   9.3863856398e+02   1.1120543486e-01   0.0000000000e+00   5.2272287204e-01   0.0000000000e+00   0.0000000000e+00   3.6607169310e-01
   9.4908251768e+02   1.1607231133e-01   0.0000000000e+00   5.0183496463e-01   0.0000000000e+00   0.0000000000e+00   3.8209272403e-01
   9.4908251768e+02   1.1607231133e-01   0.0000000000e+00   5.0183496463e-01   0.0000000000e+00   0.0000000000e+00   3.8209272403e-01
   9.4972228656e+02   1.1637044327e-01   0.0000000000e+00   5.0055542688e-01   0.0000000000e+00   0.0000000000e+00   3.8307412986e-01
   9.4972228656e+02   1.1637044327e-01   0.0000000000e+00   5.0055542688e-01   0.0000000000e+00   0.0000000000e+00   3.8307412986e-01
   9.4972228656e+02   1.1637044327e-01   0.0000000000e+00   5.0055542688e-01   0.0000000000e+00   0.0000000000e+00   3.8307412986e-01
   9.4972228656e+02   1.1637044327e-01   0.0000000000e+00   5.0055542688e-01   0.0000000000e+00   0.0000000000e+00   3.8307412986e-01
   9.4954605003e+02   1.1628831714e-01   0.0000000000e+00   5.0090789995e-01   0.0000000000e+00   0.0000000000e+00   3.8280378291e-01
   9.4954605003e+02   1.1628831714e-01   0.0000000000e+00   5.0090789995e-01   0.0000000000e+00   0.0000000000e+00   3.8280378291e-01
   9.4954605003e+02   1.1628831714e-01   0.0000000000e+00   5.0090789995e-01   0.0000000000e+00   0.0000000000e+00   3.8280378291e-01
   9.4954605003e+02   1.1628831714e-01   0.0000000000e+00   5.0090789995e-01   0.0000000000e+00   0.0000000000e+00   3.8280378291e-01
   9.4939620360e+02   1.1621848879e-01   0.0000000000e+00   5.0120759280e-01   0.0000000000e+00   0.0000000000e+00   3.8257391841e-01
   9.4939620360e+02   1.1621848879e-01   0.0000000000e+00   5.0120759280e-01   0.0000000000e+00   0.0000000000e+00   3.8257391841e-01
   9.4939620360e+02   1.1621848879e-01   0.0000000000e+00   5.0120759280e-01   0.0000000000e+00   0.0000000000e+00   3.8257391841e-01
   9.4939620360e+02   1.1621848879e-01   0.0000000000e+00   5.0120759280e-01   0.0000000000e+00   0.0000000000e+00   3.8257391841e-01
   9.4959670669e+02   1.1631192312e-01   0.0000000000e+00   5.0080658663e-01   0.0000000000e+00   0.0000000000e+00   3.8288149026e-01
   9.4959670669e+02   1.1631192312e-01   0.0000000000e+00   5.0080658663e-01   0.0000000000e+00   0.0000000000e+00   3.8288149026e-01
   9.4984786644e+02   1.1642896342e-01   0.0000000000e+00   5.0030426713e-01   0.0000000000e+00   0.0000000000e+00   3.8326676946e-01
   9.4984786644e+02   1.1642896342e-01   0.0000000000e+00   5.0030426713e-01   0.0000000000e+00   0.0000000000e+00   3.8326676946e-01
   9.3856855371e+02   1.1117281011e-01   0.0000000000e+00   5.2286289258e-01   0.0000000000e+00   0.0000000000e+00   3.6596429731e-01
   9.3856855371e+02   1.1117281011e-01   0.0000000000e+00   5.2286289258e-01   0.0000000000e+00   0.0000000000e+00   3.6596429731e-01
   9.3856855371e+02   1.1117281011e-01   0.0000000000e+00   5.2286289258e-01   0.0000000000e+00   0.0000000000e+00   3.6596429731e-01
   9.3856855371e+02   1.1117281011e-01   0.0000000000e+00   5.2286289258e-01   0.0000000000e+00   0.0000000000e+00   3.6596429731e-01
   9.3856855371e+02   1.1117281011e-01   0.0000000000e+00   5.2286289258e-01   0.0000000000e+00   0.0000000000e+00   3.6596429731e-01
   9.3856855371e+02   1.1117281011e-01   0.0000000000e+00   5.2286289258e-01   0.0000000000e+00   0.0000000000e+00   3.6596429731e-01
   9.3856855371e+02   1.1117281011e-01   0.0000000000e+00   5.2286289258e-01   0.0000000000e+00   0.0000000000e+00   3.6596429731e-01
   9.3856855371e+02   1.1117281011e-01   0.0000000000e+00   5.2286289258e-01   0.0000000000e+00   0.0000000000e+00   3.6596429731e-01
   9.6808256052e+02   1.2492632047e-01   0.0000000000e+00   4.6383487897e-01   0.0000000000e+00   0.0000000000e+00   4.1123880057e-01
   9.6808256052e+02   1.2492632047e-01   0.0000000000e+00   4.6383487897e-01   0.0000000000e+00   0.0000000000e+00   4.1123880057e-01
   9.6808256052e+02   1.2492632047e-01   0.0000000000e+00   4.6383487897e-01   0.0000000000e+00   0.0000000000e+00   4.1123880057e-01
   9.6808256052e+02   1.2492632047e-01   0.0000000000e+00   4.6383487897e-01   0.0000000000e+00   0.0000000000e+00   4.1123880057e-01
   9.6808256052e+02   1.2492632047e-01   0.0000000000e+00   4.6383487897e-01   0.0000000000e+00   0.0000000000e+00   4.1123880057e-01
   9.6808256052e+02   1.2492632047e-01   0.0000000000e+00   4.6383487897e-01   0.0000000000e+00   0.0000000000e+00   4.1123880057e-01
   9.6808256052e+02   1.2492632047e-01   0.0000000000e+00   4.6383487897e-01   0.0000000000e+00   0.0000000000e+00   4.1123880057e-01
   9.6808256052e+02   1.2492632047e-01   0.0000000000e+00   4.6383487897e-01   0.0000000000e+00   0.0000000000e+00   4.1123880057e-01
   9.4574484613e+02   1.1451695829e-01   0.0000000000e+00   5.0851030774e-01   0.0000000000e+00   0.0000000000e+00   3.7697273397e-01
   9.4574484613e+02   1.1451695829e-01   0.0000000000e+00   5.0851030774e-01   0.0000000000e+00   0.0000000000e+00   3.7697273397e-01
   9.4556040720e+02   1.1443100985e-01   0.0000000000e+00   5.0887918561e-01   0.0000000000e+00   0.0000000000e+00   3.7668980454e-01
   9.4556040720e+02   1.1443100985e-01   0.0000000000e+00   5.0887918561e-01   0.0000000000e+00   0.0000000000e+00   3.7668980454e-01
   9.4574484613e+02   1.1451695829e-01   0.0000000000e+00   5.0851030774e-01   0.0000000000e+00   0.0000000000e+00   3.7697273397e-01
   9.4574484613e+02   1.1451695829e-01   0.0000000000e+00   5.0851030774e-01   0.0000000000e+00   0.0000000000e+00   3.7697273397e-01
   9.4556040720e+02   1.1443100985e-01   0.0000000000e+00   5.0887918561e-01   0.0000000000e+00   0.0000000000e+00   3.7668980454e-01
   9.4556040720e+02   1.1443100985e-01   0.0000000000e+00   5.0887918561e-01   0.0000000000e+00   0.0000000000e+00   3.7668980454e-01
   9.8481002542e+02   1.3272130958e-01   0.0000000000e+00   4.3037994916e-01   0.0000000000e+00   0.0000000000e+00   4.3689874125e-01
   9.8481002542e+02   1.3272130958e-01   0.0000000000e+00   4.3037994916e-01   0.0000000000e+00   0.0000000000e+00   4.3689874125e-01
   9.8481002542e+02   1.3272130958e-01   0.0000000000e+00   4.3037994916e-01   0.0000000000e+00   0.0000000000e+00   4.3689874125e-01
   9.8481002542e+02   1.3272130958e-01   0.0000000000e+00   4.3037994916e-01   0.0000000000e+00   0.0000000000e+00   4.3689874125e-01
   9.8481002542e+02   1.3272130958e-01   0.0000000000e+00   4.3037994916e-01   0.0000000000e+00   0.0000000000e+00   4.3689874125e-01
   9.8481002542e+02   1.3272130958e-01   0.0000000000e+00   4.3037994916e-01   0.0000000000e+00   0.0000000000e+00   4.3689874125e-01
   9.8481002542e+02   1.3272130958e-01   0.0000000000e+00   4.3037994916e-01   0.0000000000e+00   0.0000000000e+00   4.3689874125e-01
   9.8481002542e+02   1.3272130958e-01   0.0000000000e+00   4.3037994916e-01   0.0000000000e+00   0.0000000000e+00   4.3689874125e-01
   9.4406977292e+02   1.1373637513e-01   0.0000000000e+00   5.1186045417e-01   0.0000000000e+00   0.0000000000e+00   3.7440317070e-01
   9.4406977292e+02   1.1373637513e-01   0.0000000000e+00   5.1186045417e-01   0.0000000000e+00   0.0000000000e+00   3.7440317070e-01
   9.4406977292e+02   1.1373637513e-01   0.0000000000e+00   5.1186045417e-01   0.0000000000e+00   0.0000000000e+00   3.7440317070e-01
   9.4406977292e+02   1.1373637513e-01   0.0000000000e+00   5.1186045417e-01   0.0000000000e+00   0.0000000000e+00   3.7440317070e-01
   9.4406977292e+02   1.1373637513e-01   0.0000000000e+00   5.1186045417e-01   0.0000000000e+00   0.0000000000e+00   3.7440317070e-01
   9.4406977292e+02   1.1373637513e-01   0.0000000000e+00   5.1186045417e-01   0.0000000000e+00   0.0000000000e+00   3.7440317070e-01
   9.4406977292e+02   1.1373637513e-01   0.0000000000e+00   5.1186045417e-01   0.0000000000e+00   0.0000000000e+00   3.7440317070e-01
   9.4406977292e+02   1.1373637513e-01   0.0000000000e+00   5.1186045417e-01   0.0000000000e+00   0.0000000000e+00   3.7440317070e-01
   9.4406977292e+02   1.1373637513e-01   0.0000000000e+00   5.1186045417e-01   0.0000000000e+00   0.0000000000e+00   3.7440317070e-01
   9.4406977292e+02   1.1373637513e-01   0.0000000000e+00   5.1186045417e-01   0.0000000000e+00   0.0000000000e+00   3.7440317070e-01
   9.4406977292e+02   1.1373637513e-01   0.0000000000e+00   5.1186045417e-01   0.0000000000e+00   0.0000000000e+00   3.7440317070e-01
   9.4406977292e+02   1.1373637513e-01   0.0000000000e+00   5.1186045417e-01   0.0000000000e+00   0.0000000000e+00   3.7440317070e-01
   9.4263320913e+02   1.1306693722e-01   0.0000000000e+00   5.1473358174e-01   0.0000000000e+00   0.0000000000e+00   3.7219948103e-01
   9.4263320913e+02   1.1306693722e-01   0.0000000000e+00   5.1473358174e-01   0.0000000000e+00   0.0000000000e+00   3.7219948103e-01
   9.4550633670e+02   1.1440581303e-01   0.0000000000e+00   5.0898732659e-01   0.0000000000e+00   0.0000000000e+00   3.7660686037e-01
   9.4550633670e+02   1.1440581303e-01   0.0000000000e+00   5.0898732659e-01   0.0000000000e+00   0.0000000000e+00   3.7660686037e-01
   9.5879466105e+02   1.2059816461e-01   0.0000000000e+00   4.8241067789e-01   0.0000000000e+00   0.0000000000e+00   3.9699115750e-01
   9.5879466105e+02   1.2059816461e-01   0.0000000000e+00   4.8241067789e-01   0.0000000000e+00   0.0000000000e+00   3.9699115750e-01
   9.5879466105e+02   1.2059816461e-01   0.0000000000e+00   4.8241067789e-01   0.0000000000e+00   0.0000000000e+00   3.9699115750e-01
   9.5879466105e+02   1.2059816461e-01   0.0000000000e+00   4.8241067789e-01   0.0000000000e+00   0.0000000000e+00   3.9699115750e-01
   9.6714030000e+02   1.2448722760e-01   0.0000000000e+00   4.6571940001e-01   0.0000000000e+00   0.0000000000e+00   4.0979337239e-01
   9.6714030000e+02   1.2448722760e-01   0.0000000000e+00   4.6571940001e-01   0.0000000000e+00   0.0000000000e+00   4.0979337239e-01
   9.5044902211e+02   1.1670910162e-01   0.0000000000e+00   4.9910195578e-01   0.0000000000e+00   0.0000000000e+00   3.8418894260e-01
   9.5044902211e+02   1.1670910162e-01   0.0000000000e+00   4.9910195578e-01   0.0000000000e+00   0.0000000000e+00   3.8418894260e-01
   9.5044902211e+02   1.1670910162e-01   0.0000000000e+00   4.9910195578e-01   0.0000000000e+00   0.0000000000e+00   3.8418894260e-01
   9.5044902211e+02   1.1670910162e-01   0.0000000000e+00   4.9910195578e-01   0.0000000000e+00   0.0000000000e+00   3.8418894260e-01
   9.5044902211e+02   1.1670910162e-01   0.0000000000e+00   4.9910195578e-01   0.0000000000e+00   0.0000000000e+00   3.8418894260e-01
   9.5044902211e+02   1.1670910162e-01   0.0000000000e+00   4.9910195578e-01   0.0000000000e+00   0.0000000000e+00   3.8418894260e-01
   9.6714030000e+02   1.2448722760e-01   0.0000000000e+00   4.6571940001e-01   0.0000000000e+00   0.0000000000e+00   4.0979337239e-01
   9.6714030000e+02   1.2448722760e-01   0.0000000000e+00   4.6571940001e-01   0.0000000000e+00   0.0000000000e+00   4.0979337239e-01
   9.6714030000e+02   1.2448722760e-01   0.0000000000e+00   4.6571940001e-01   0.0000000000e+00   0.0000000000e+00   4.0979337239e-01
   9.6714030000e+02   1.2448722760e-01   0.0000000000e+00   4.6571940001e-01   0.0000000000e+00   0.0000000000e+00   4.0979337239e-01
   9.3551020239e+02   1.0974762014e-01   0.0000000000e+00   5.2897959523e-01   0.0000000000e+00   0.0000000000e+00   3.6127278463e-01
   9.3551020239e+02   1.0974762014e-01   0.0000000000e+00   5.2897959523e-01   0.0000000000e+00   0.0000000000e+00   3.6127278463e-01
   9.4696991126e+02   1.1508783794e-01   0.0000000000e+00   5.0606017748e-01   0.0000000000e+00   0.0000000000e+00   3.7885198458e-01
   9.4696991126e+02   1.1508783794e-01   0.0000000000e+00   5.0606017748e-01   0.0000000000e+00   0.0000000000e+00   3.7885198458e-01
   9.4739118564e+02   1.1528415157e-01   0.0000000000e+00   5.0521762872e-01   0.0000000000e+00   0.0000000000e+00   3.7949821972e-01
   9.4739118564e+02   1.1528415157e-01   0.0000000000e+00   5.0521762872e-01   0.0000000000e+00   0.0000000000e+00   3.7949821972e-01
   9.4739118564e+02   1.1528415157e-01   0.0000000000e+00   5.0521762872e-01   0.0000000000e+00   0.0000000000e+00   3.7949821972e-01
   9.4739118564e+02   1.1528415157e-01   0.0000000000e+00   5.0521762872e-01   0.0000000000e+00   0.0000000000e+00   3.7949821972e-01
   9.3551020239e+02   1.0974762014e-01   0.0000000000e+00   5.2897959523e-01   0.0000000000e+00   0.0000000000e+00   3.6127278463e-01
   9.3551020239e+02   1.0974762014e-01   0.0000000000e+00   5.2897959523e-01   0.0000000000e+00   0.0000000000e+00   3.6127278463e-01
   9.4696991126e+02   1.1508783794e-01   0.0000000000e+00   5.0606017748e-01   0.0000000000e+00   0.0000000000e+00   3.7885198458e-01
   9.4696991126e+02   1.1508783794e-01   0.0000000000e+00   5.0606017748e-01   0.0000000000e+00   0.0000000000e+00   3.7885198458e-01
   9.4739118564e+02   1.1528415157e-01   0.0000000000e+00   5.0521762872e-01   0.0000000000e+00   0.0000000000e+00   3.7949821972e-01
   9.4739118564e+02   1.1528415157e-01   0.0000000000e+00   5.0521762872e-01   0.0000000000e+00   0.0000000000e+00   3.7949821972e-01
   9.4739118564e+02   1.1528415157e-01   0.0000000000e+00   5.0521762872e-01   0.0000000000e+00   0.0000000000e+00   3.7949821972e-01
   9.4739118564e+02   1.1528415157e-01   0.0000000000e+00   5.0521762872e-01   0.0000000000e+00   0.0000000000e+00   3.7949821972e-01
   9.3590759951e+02   1.0993280697e-01   0.0000000000e+00   5.2818480099e-01   0.0000000000e+00   0.0000000000e+00   3.6188239204e-01
   9.3590759951e+02   1.0993280697e-01   0.0000000000e+00   5.2818480099e-01   0.0000000000e+00   0.0000000000e+00   3.6188239204e-01
   9.3590759951e+02   1.0993280697e-01   0.0000000000e+00   5.2818480099e-01   0.0000000000e+00   0.0000000000e+00   3.6188239204e-01
   9.3590759951e+02   1.0993280697e-01   0.0000000000e+00   5.2818480099e-01   0.0000000000e+00   0.0000000000e+00   3.6188239204e-01
   9.3570890095e+02   1.0984021355e-01   0.0000000000e+00   5.2858219811e-01   0.0000000000e+00   0.0000000000e+00   3.6157758834e-01
   9.3570890095e+02   1.0984021355e-01   0.0000000000e+00   5.2858219811e-01   0.0000000000e+00   0.0000000000e+00   3.6157758834e-01
   9.3570890095e+02   1.0984021355e-01   0.0000000000e+00   5.2858219811e-01   0.0000000000e+00   0.0000000000e+00   3.6157758834e-01
   9.3570890095e+02   1.0984021355e-01   0.0000000000e+00   5.2858219811e-01   0.0000000000e+00   0.0000000000e+00   3.6157758834e-01
   9.4700092870e+02   1.1510229205e-01   0.0000000000e+00   5.0599814259e-01   0.0000000000e+00   0.0000000000e+00   3.7889956535e-01
   9.4700092870e+02   1.1510229205e-01   0.0000000000e+00   5.0599814259e-01   0.0000000000e+00   0.0000000000e+00   3.7889956535e-01
   9.4700092870e+02   1.1510229205e-01   0.0000000000e+00   5.0599814259e-01   0.0000000000e+00   0.0000000000e+00   3.7889956535e-01
   9.4700092870e+02   1.1510229205e-01   0.0000000000e+00   5.0599814259e-01   0.0000000000e+00   0.0000000000e+00   3.7889956535e-01
   9.3570890095e+02   1.0984021355e-01   0.0000000000e+00   5.2858219811e-01   0.0000000000e+00   0.0000000000e+00   3.6157758834e-01
   9.3570890095e+02   1.0984021355e-01   0.0000000000e+00   5.2858219811e-01   0.0000000000e+00   0.0000000000e+00   3.6157758834e-01
   9.3570890095e+02   1.0984021355e-01   0.0000000000e+00   5.2858219811e-01   0.0000000000e+00   0.0000000000e+00   3.6157758834e-01
   9.3570890095e+02   1.0984021355e-01   0.0000000000e+00   5.2858219811e-01   0.0000000000e+00   0.0000000000e+00   3.6157758834e-01
   9.6561651217e+02   1.2377714335e-01   0.0000000000e+00   4.6876697565e-01   0.0000000000e+00   0.0000000000e+00   4.0745588100e-01
   9.6561651217e+02   1.2377714335e-01   0.0000000000e+00   4.6876697565e-01   0.0000000000e+00   0.0000000000e+00   4.0745588100e-01
   9.6561651217e+02   1.2377714335e-01   0.0000000000e+00   4.6876697565e-01   0.0000000000e+00   0.0000000000e+00   4.0745588100e-01
   9.6561651217e+02   1.2377714335e-01   0.0000000000e+00   4.6876697565e-01   0.0000000000e+00   0.0000000000e+00   4.0745588100e-01
   9.6164510384e+02   1.2192646932e-01   0.0000000000e+00   4.7670979232e-01   0.0000000000e+00   0.0000000000e+00   4.0136373835e-01
   9.6164510384e+02   1.2192646932e-01   0.0000000000e+00   4.7670979232e-01   0.0000000000e+00   0.0000000000e+00   4.0136373835e-01
   9.6164510384e+02   1.2192646932e-01   0.0000000000e+00   4.7670979232e-01   0.0000000000e+00   0.0000000000e+00   4.0136373835e-01
   9.6164510384e+02   1.2192646932e-01   0.0000000000e+00   4.7670979232e-01   0.0000000000e+00   0.0000000000e+00   4.0136373835e-01
   9.6164510384e+02   1.2192646932e-01   0.0000000000e+00   4.7670979232e-01   0.0000000000e+00   0.0000000000e+00   4.0136373835e-01
   9.6164510384e+02   1.2192646932e-01   0.0000000000e+00   4.7670979232e-01   0.0000000000e+00   0.0000000000e+00   4.0136373835e-01
   9.6164510384e+02   1.2192646932e-01   0.0000000000e+00   4.7670979232e-01   0.0000000000e+00   0.0000000000e+00   4.0136373835e-01
   9.6164510384e+02   1.2192646932e-01   0.0000000000e+00   4.7670979232e-01   0.0000000000e+00   0.0000000000e+00   4.0136373835e-01
   9.5847773914e+02   1.2045047918e-01   0.0000000000e+00   4.8304452172e-01   0.0000000000e+00   0.0000000000e+00   3.9650499910e-01
   9.5847773914e+02   1.2045047918e-01   0.0000000000e+00   4.8304452172e-01   0.0000000000e+00   0.0000000000e+00   3.9650499910e-01
   9.5847773914e+02   1.2045047918e-01   0.0000000000e+00   4.8304452172e-01   0.0000000000e+00   0.0000000000e+00   3.9650499910e-01
   9.5847773914e+02   1.2045047918e-01   0.0000000000e+00   4.8304452172e-01   0.0000000000e+00   0.0000000000e+00   3.9650499910e-01
   9.8004050782e+02   1.3049871710e-01   0.0000000000e+00   4.3991898436e-01   0.0000000000e+00   0.0000000000e+00   4.2958229854e-01
   9.8004050782e+02   1.3049871710e-01   0.0000000000e+00   4.3991898436e-01   0.0000000000e+00   0.0000000000e+00   4.2958229854e-01
   9.8004050782e+02   1.3049871710e-01   0.0000000000e+00   4.3991898436e-01   0.0000000000e+00   0.0000000000e+00   4.2958229854e-01
   9.8004050782e+02   1.3049871710e-01   0.0000000000e+00   4.3991898436e-01   0.0000000000e+00   0.0000000000e+00   4.2958229854e-01
   9.6277955804e+02   1.2245512434e-01   0.0000000000e+00   4.7444088392e-01   0.0000000000e+00   0.0000000000e+00   4.0310399175e-01
   9.6277955804e+02   1.2245512434e-01   0.0000000000e+00   4.7444088392e-01   0.0000000000e+00   0.0000000000e+00   4.0310399175e-01
   9.6277955804e+02   1.2245512434e-01   0.0000000000e+00   4.7444088392e-01   0.0000000000e+00   0.0000000000e+00   4.0310399175e-01
   9.6277955804e+02   1.2245512434e-01   0.0000000000e+00   4.7444088392e-01   0.0000000000e+00   0.0000000000e+00   4.0310399175e-01
   9.8579415774e+02   1.3317991469e-01   0.0000000000e+00   4.2841168451e-01   0.0000000000e+00   0.0000000000e+00   4.3840840080e-01
   9.8579415774e+02   1.3317991469e-01   0.0000000000e+00   4.2841168451e-01   0.0000000000e+00   0.0000000000e+00   4.3840840080e-01
   9.8579415774e+02   1.3317991469e-01   0.0000000000e+00   4.2841168451e-01   0.0000000000e+00   0.0000000000e+00   4.3840840080e-01
   9.8579415774e+02   1.3317991469e-01   0.0000000000e+00   4.2841168451e-01   0.0000000000e+00   0.0000000000e+00   4.3840840080e-01
   9.5885926858e+02   1.2062827168e-01   0.0000000000e+00   4.8228146284e-01   0.0000000000e+00   0.0000000000e+00   3.9709026548e-01
   9.5885926858e+02   1.2062827168e-01   0.0000000000e+00   4.8228146284e-01   0.0000000000e+00   0.0000000000e+00   3.9709026548e-01
   9.5885926858e+02   1.2062827168e-01   0.0000000000e+00   4.8228146284e-01   0.0000000000e+00   0.0000000000e+00   3.9709026548e-01
   9.5885926858e+02   1.2062827168e-01   0.0000000000e+00   4.8228146284e-01   0.0000000000e+00   0.0000000000e+00   3.9709026548e-01
   9.3657613668e+02   1.1024434491e-01   0.0000000000e+00   5.2684772663e-01   0.0000000000e+00   0.0000000000e+00   3.6290792846e-01
   9.3657613668e+02   1.1024434491e-01   0.0000000000e+00   5.2684772663e-01   0.0000000000e+00   0.0000000000e+00   3.6290792846e-01
   9.3657613668e+02   1.1024434491e-01   0.0000000000e+00   5.2684772663e-01   0.0000000000e+00   0.0000000000e+00   3.6290792846e-01
   9.3657613668e+02   1.1024434491e-01   0.0000000000e+00   5.2684772663e-01   0.0000000000e+00   0.0000000000e+00   3.6290792846e-01
   9.3641866980e+02   1.1017096543e-01   0.0000000000e+00   5.2716266041e-01   0.0000000000e+00   0.0000000000e+00   3.6266637416e-01
   9.3641866980e+02   1.1017096543e-01   0.0000000000e+00   5.2716266041e-01   0.0000000000e+00   0.0000000000e+00   3.6266637416e-01
   9.3610373602e+02   1.1002420647e-01   0.0000000000e+00   5.2779252796e-01   0.0000000000e+00   0.0000000000e+00   3.6218326557e-01
   9.3610373602e+02   1.1002420647e-01   0.0000000000e+00   5.2779252796e-01   0.0000000000e+00   0.0000000000e+00   3.6218326557e-01
   9.3081781624e+02   1.0756097087e-01   0.0000000000e+00   5.3836436752e-01   0.0000000000e+00   0.0000000000e+00   3.5407466161e-01
   9.3081781624e+02   1.0756097087e-01   0.0000000000e+00   5.3836436752e-01   0.0000000000e+00   0.0000000000e+00   3.5407466161e-01
   9.3081781624e+02   1.0756097087e-01   0.0000000000e+00   5.3836436752e-01   0.0000000000e+00   0.0000000000e+00   3.5407466161e-01
   9.3081781624e+02   1.0756097087e-01   0.0000000000e+00   5.3836436752e-01   0.0000000000e+00   0.0000000000e+00   3.5407466161e-01
   9.3081781624e+02   1.0756097087e-01   0.0000000000e+00   5.3836436752e-01   0.0000000000e+00   0.0000000000e+00   3.5407466161e-01
   9.3081781624e+02   1.0756097087e-01   0.0000000000e+00   5.3836436752e-01   0.0000000000e+00   0.0000000000e+00   3.5407466161e-01
   9.3081781624e+02   1.0756097087e-01   0.0000000000e+00   5.3836436752e-01   0.0000000000e+00   0.0000000000e+00   3.5407466161e-01
   9.3081781624e+02   1.0756097087e-01   0.0000000000e+00   5.3836436752e-01   0.0000000000e+00   0.0000000000e+00   3.5407466161e-01
   9.3332581349e+02   1.0872969616e-01   0.0000000000e+00   5.3334837302e-01   0.0000000000e+00   0.0000000000e+00   3.5792193082e-01
   9.3332581349e+02   1.0872969616e-01   0.0000000000e+00   5.3334837302e-01   0.0000000000e+00   0.0000000000e+00   3.5792193082e-01
   9.3332581349e+02   1.0872969616e-01   0.0000000000e+00   5.3334837302e-01   0.0000000000e+00   0.0000000000e+00   3.5792193082e-01
   9.3332581349e+02   1.0872969616e-01   0.0000000000e+00   5.3334837302e-01   0.0000000000e+00   0.0000000000e+00   3.5792193082e-01
   9.3426774658e+02   1.0916863644e-01   0.0000000000e+00   5.3146450684e-01   0.0000000000e+00   0.0000000000e+00   3.5936685672e-01
   9.3426774658e+02   1.0916863644e-01   0.0000000000e+00   5.3146450684e-01   0.0000000000e+00   0.0000000000e+00   3.5936685672e-01
   9.3426774658e+02   1.0916863644e-01   0.0000000000e+00   5.3146450684e-01   0.0000000000e+00   0.0000000000e+00   3.5936685672e-01
   9.3426774658e+02   1.0916863644e-01   0.0000000000e+00   5.3146450684e-01   0.0000000000e+00   0.0000000000e+00   3.5936685672e-01
   9.3370696663e+02   1.0890731330e-01   0.0000000000e+00   5.3258606673e-01   0.0000000000e+00   0.0000000000e+00   3.5850661996e-01
   9.3370696663e+02   1.0890731330e-01   0.0000000000e+00   5.3258606673e-01   0.0000000000e+00   0.0000000000e+00   3.5850661996e-01
   9.3370696663e+02   1.0890731330e-01   0.0000000000e+00   5.3258606673e-01   0.0000000000e+00   0.0000000000e+00   3.5850661996e-01
   9.3370696663e+02   1.0890731330e-01   0.0000000000e+00   5.3258606673e-01   0.0000000000e+00   0.0000000000e+00   3.5850661996e-01
   9.3446043167e+02   1.0925842758e-01   0.0000000000e+00   5.3107913666e-01   0.0000000000e+00   0.0000000000e+00   3.5966243576e-01
   9.3446043167e+02   1.0925842758e-01   0.0000000000e+00   5.3107913666e-01   0.0000000000e+00   0.0000000000e+00   3.5966243576e-01
   9.3446043167e+02   1.0925842758e-01   0.0000000000e+00   5.3107913666e-01   0.0000000000e+00   0.0000000000e+00   3.5966243576e-01
   9.3446043167e+02   1.0925842758e-01   0.0000000000e+00   5.3107913666e-01   0.0000000000e+00   0.0000000000e+00   3.5966243576e-01
   9.7192545723e+02   1.2671710815e-01   0.0000000000e+00   4.5614908554e-01   0.0000000000e+00   0.0000000000e+00   4.1713380631e-01
   9.7192545723e+02   1.2671710815e-01   0.0000000000e+00   4.5614908554e-01   0.0000000000e+00   0.0000000000e+00   4.1713380631e-01
   9.7192545723e+02   1.2671710815e-01   0.0000000000e+00   4.5614908554e-01   0.0000000000e+00   0.0000000000e+00   4.1713380631e-01
   9.7192545723e+02   1.2671710815e-01   0.0000000000e+00   4.5614908554e-01   0.0000000000e+00   0.0000000000e+00   4.1713380631e-01
   9.5985523862e+02   1.2109239315e-01   0.0000000000e+00   4.8028952276e-01   0.0000000000e+00   0.0000000000e+00   3.9861808409e-01
   9.5985523862e+02   1.2109239315e-01   0.0000000000e+00   4.8028952276e-01   0.0000000000e+00   0.0000000000e+00   3.9861808409e-01
   9.5985523862e+02   1.2109239315e-01   0.0000000000e+00   4.8028952276e-01   0.0000000000e+00   0.0000000000e+00   3.9861808409e-01
   9.5985523862e+02   1.2109239315e-01   0.0000000000e+00   4.8028952276e-01   0.0000000000e+00   0.0000000000e+00   3.9861808409e-01
   9.5985523862e+02   1.2109239315e-01   0.0000000000e+00   4.8028952276e-01   0.0000000000e+00   0.0000000000e+00   3.9861808409e-01
   9.5985523862e+02   1.2109239315e-01   0.0000000000e+00   4.8028952276e-01   0.0000000000e+00   0.0000000000e+00   3.9861808409e-01
   9.5985523862e+02   1.2109239315e-01   0.0000000000e+00   4.8028952276e-01   0.0000000000e+00   0.0000000000e+00   3.9861808409e-01
   9.5985523862e+02   1.2109239315e-01   0.0000000000e+00   4.8028952276e-01   0.0000000000e+00   0.0000000000e+00   3.9861808409e-01
   9.4972008561e+02   1.1636941763e-01   0.0000000000e+00   5.0055982877e-01   0.0000000000e+00   0.0000000000e+00   3.8307075360e-01
   9.4972008561e+02   1.1636941763e-01   0.0000000000e+00   5.0055982877e-01   0.0000000000e+00   0.0000000000e+00   3.8307075360e-01
   9.4972008561e+02   1.1636941763e-01   0.0000000000e+00   5.0055982877e-01   0.0000000000e+00   0.0000000000e+00   3.8307075360e-01
   9.4972008561e+02   1.1636941763e-01   0.0000000000e+00   5.0055982877e-01   0.0000000000e+00   0.0000000000e+00   3.8307075360e-01
   9.6369623827e+02   1.2288229680e-01   0.0000000000e+00   4.7260752345e-01   0.0000000000e+00   0.0000000000e+00   4.0451017974e-01
   9.6369623827e+02   1.2288229680e-01   0.0000000000e+00   4.7260752345e-01   0.0000000000e+00   0.0000000000e+00   4.0451017974e-01
   9.6228296868e+02   1.2222371398e-01   0.0000000000e+00   4.7543406265e-01   0.0000000000e+00   0.0000000000e+00   4.0234222338e-01
   9.6228296868e+02   1.2222371398e-01   0.0000000000e+00   4.7543406265e-01   0.0000000000e+00   0.0000000000e+00   4.0234222338e-01
   9.6228296868e+02   1.2222371398e-01   0.0000000000e+00   4.7543406265e-01   0.0000000000e+00   0.0000000000e+00   4.0234222338e-01
   9.6228296868e+02   1.2222371398e-01   0.0000000000e+00   4.7543406265e-01   0.0000000000e+00   0.0000000000e+00   4.0234222338e-01
   9.6086969908e+02   1.2156513115e-01   0.0000000000e+00   4.7826060184e-01   0.0000000000e+00   0.0000000000e+00   4.0017426701e-01
   9.6086969908e+02   1.2156513115e-01   0.0000000000e+00   4.7826060184e-01   0.0000000000e+00   0.0000000000e+00   4.0017426701e-01
   9.6369623827e+02   1.2288229680e-01   0.0000000000e+00   4.7260752345e-01   0.0000000000e+00   0.0000000000e+00   4.0451017974e-01
   9.6369623827e+02   1.2288229680e-01   0.0000000000e+00   4.7260752345e-01   0.0000000000e+00   0.0000000000e+00   4.0451017974e-01
   9.5952941208e+02   1.2094055817e-01   0.0000000000e+00   4.8094117584e-01   0.0000000000e+00   0.0000000000e+00   3.9811826599e-01
   9.5952941208e+02   1.2094055817e-01   0.0000000000e+00   4.8094117584e-01   0.0000000000e+00   0.0000000000e+00   3.9811826599e-01
   9.6369623827e+02   1.2288229680e-01   0.0000000000e+00   4.7260752345e-01   0.0000000000e+00   0.0000000000e+00   4.0451017974e-01
   9.6369623827e+02   1.2288229680e-01   0.0000000000e+00   4.7260752345e-01   0.0000000000e+00   0.0000000000e+00   4.0451017974e-01
   9.5952941208e+02   1.2094055817e-01   0.0000000000e+00   4.8094117584e-01   0.0000000000e+00   0.0000000000e+00   3.9811826599e-01
   9.5952941208e+02   1.2094055817e-01   0.0000000000e+00   4.8094117584e-01   0.0000000000e+00   0.0000000000e+00   3.9811826599e-01
   9.3922699803e+02   1.1147964479e-01   0.0000000000e+00   5.2154600393e-01   0.0000000000e+00   0.0000000000e+00   3.6697435128e-01
   9.3922699803e+02   1.1147964479e-01   0.0000000000e+00   5.2154600393e-01   0.0000000000e+00   0.0000000000e+00   3.6697435128e-01
   9.3922699803e+02   1.1147964479e-01   0.0000000000e+00   5.2154600393e-01   0.0000000000e+00   0.0000000000e+00   3.6697435128e-01
   9.3922699803e+02   1.1147964479e-01   0.0000000000e+00   5.2154600393e-01   0.0000000000e+00   0.0000000000e+00   3.6697435128e-01
   9.4547352207e+02   1.1439052143e-01   0.0000000000e+00   5.0905295587e-01   0.0000000000e+00   0.0000000000e+00   3.7655652270e-01
   9.4547352207e+02   1.1439052143e-01   0.0000000000e+00   5.0905295587e-01   0.0000000000e+00   0.0000000000e+00   3.7655652270e-01
   9.4547352207e+02   1.1439052143e-01   0.0000000000e+00   5.0905295587e-01   0.0000000000e+00   0.0000000000e+00   3.7655652270e-01
   9.4547352207e+02   1.1439052143e-01   0.0000000000e+00   5.0905295587e-01   0.0000000000e+00   0.0000000000e+00   3.7655652270e-01
   9.4547352207e+02   1.1439052143e-01   0.0000000000e+00   5.0905295587e-01   0.0000000000e+00   0.0000000000e+00   3.7655652270e-01
   9.4547352207e+02   1.1439052143e-01   0.0000000000e+00   5.0905295587e-01   0.0000000000e+00   0.0000000000e+00   3.7655652270e-01
   9.3641866980e+02   1.1017096543e-01   0.0000000000e+00   5.2716266041e-01   0.0000000000e+00   0.0000000000e+00   3.6266637416e-01
   9.3641866980e+02   1.1017096543e-01   0.0000000000e+00   5.2716266041e-01   0.0000000000e+00   0.0000000000e+00   3.6266637416e-01
   9.4203532627e+02   1.1278832415e-01   0.0000000000e+00   5.1592934745e-01   0.0000000000e+00   0.0000000000e+00   3.7128232840e-01
   9.4203532627e+02   1.1278832415e-01   0.0000000000e+00   5.1592934745e-01   0.0000000000e+00   0.0000000000e+00   3.7128232840e-01
   9.4547352207e+02   1.1439052143e-01   0.0000000000e+00   5.0905295587e-01   0.0000000000e+00   0.0000000000e+00   3.7655652270e-01
   9.4547352207e+02   1.1439052143e-01   0.0000000000e+00   5.0905295587e-01   0.0000000000e+00   0.0000000000e+00   3.7655652270e-01
   9.3574985116e+02   1.0985929633e-01   0.0000000000e+00   5.2850029767e-01   0.0000000000e+00   0.0000000000e+00   3.6164040600e-01
   9.3574985116e+02   1.0985929633e-01   0.0000000000e+00   5.2850029767e-01   0.0000000000e+00   0.0000000000e+00   3.6164040600e-01
   9.3574985116e+02   1.0985929633e-01   0.0000000000e+00   5.2850029767e-01   0.0000000000e+00   0.0000000000e+00   3.6164040600e-01
   9.3574985116e+02   1.0985929633e-01   0.0000000000e+00   5.2850029767e-01   0.0000000000e+00   0.0000000000e+00   3.6164040600e-01
   9.3688868638e+02   1.1038999289e-01   0.0000000000e+00   5.2622262725e-01   0.0000000000e+00   0.0000000000e+00   3.6338737986e-01
   9.3688868638e+02   1.1038999289e-01   0.0000000000e+00   5.2622262725e-01   0.0000000000e+00   0.0000000000e+00   3.6338737986e-01
   9.3688868638e+02   1.1038999289e-01   0.0000000000e+00   5.2622262725e-01   0.0000000000e+00   0.0000000000e+00   3.6338737986e-01
   9.3688868638e+02   1.1038999289e-01   0.0000000000e+00   5.2622262725e-01   0.0000000000e+00   0.0000000000e+00   3.6338737986e-01
   9.3569242993e+02   1.0983253807e-01   0.0000000000e+00   5.2861514015e-01   0.0000000000e+00   0.0000000000e+00   3.6155232178e-01
   9.3569242993e+02   1.0983253807e-01   0.0000000000e+00   5.2861514015e-01   0.0000000000e+00   0.0000000000e+00   3.6155232178e-01
   9.3688868638e+02   1.1038999289e-01   0.0000000000e+00   5.2622262725e-01   0.0000000000e+00   0.0000000000e+00   3.6338737986e-01
   9.3688868638e+02   1.1038999289e-01   0.0000000000e+00   5.2622262725e-01   0.0000000000e+00   0.0000000000e+00   3.6338737986e-01
   9.3700352885e+02   1.1044350942e-01   0.0000000000e+00   5.2599294229e-01   0.0000000000e+00   0.0000000000e+00   3.6356354829e-01
   9.3700352885e+02   1.1044350942e-01   0.0000000000e+00   5.2599294229e-01   0.0000000000e+00   0.0000000000e+00   3.6356354829e-01
   9.3569242993e+02   1.0983253807e-01   0.0000000000e+00   5.2861514015e-01   0.0000000000e+00   0.0000000000e+00   3.6155232178e-01
   9.3569242993e+02   1.0983253807e-01   0.0000000000e+00   5.2861514015e-01   0.0000000000e+00   0.0000000000e+00   3.6155232178e-01