# time = 97.2257
# Grid Poins = 256    variable_0    variable_1    variable_2    variable_3    variable_4    variable_5    variable_6
   9.5000001050e+02   1.1649986246e-01   0.0000000000e+00   4.9999997900e-01   0.0000000000e+00   0.0000000000e+00   3.8350015853e-01
   9.5000001050e+02   1.1649986246e-01   0.0000000000e+00   4.9999997900e-01   0.0000000000e+00   0.0000000000e+00   3.8350015853e-01
   9.5000001050e+02   1.1649986246e-01   0.0000000000e+00   4.9999997900e-01   0.0000000000e+00   0.0000000000e+00   3.8350015853e-01
   9.5000001050e+02   1.1649986246e-01   0.0000000000e+00   4.9999997900e-01   0.0000000000e+00   0.0000000000e+00   3.8350015853e-01
   9.5000001050e+02   1.1649986246e-01   0.0000000000e+00   4.9999997900e-01   0.0000000000e+00   0.0000000000e+00   3.8350015853e-01
   9.5000001050e+02   1.1649986246e-01   0.0000000000e+00   4.9999997900e-01   0.0000000000e+00   0.0000000000e+00   3.8350015853e-01
   9.5000001050e+02   1.1649986246e-01   0.0000000000e+00   4.9999997900e-01   0.0000000000e+00   0.0000000000e+00   3.8350015853e-01
   9.5000001050e+02   1.1649986246e-01   0.0000000000e+00   4.9999997900e-01   0.0000000000e+00   0.0000000000e+00   3.8350015853e-01
   9.5000005262e+02   1.1649988209e-01   0.0000000000e+00   4.9999989477e-01   0.0000000000e+00   0.0000000000e+00   3.8350022314e-01
   9.5000005262e+02   1.1649988209e-01   0.0000000000e+00   4.9999989477e-01   0.0000000000e+00   0.0000000000e+00   3.8350022314e-01
   9.5000005262e+02   1.1649988209e-01   0.0000000000e+00   4.9999989477e-01   0.0000000000e+00   0.0000000000e+00   3.8350022314e-01
   9.5000005262e+02   1.1649988209e-01   0.0000000000e+00   4.9999989477e-01   0.0000000000e+00   0.0000000000e+00   3.8350022314e-01
   9.5000005262e+02   1.1649988209e-01   0.0000000000e+00   4.9999989477e-01   0.0000000000e+00   0.0000000000e+00   3.8350022314e-01
   9.5000005262e+02   1.1649988209e-01   0.0000000000e+00   4.9999989477e-01   0.0000000000e+00   0.0000000000e+00   3.8350022314e-01
   9.5000005262e+02   1.1649988209e-01   0.0000000000e+00   4.9999989477e-01   0.0000000000e+00   0.0000000000e+00   3.8350022314e-01
   9.5000005262e+02   1.1649988209e-01   0.0000000000e+00   4.9999989477e-01   0.0000000000e+00   0.0000000000e+00   3.8350022314e-01
   9.5000005014e+02   1.1649988093e-01   0.0000000000e+00   4.9999989973e-01   0.0000000000e+00   0.0000000000e+00   3.8350021934e-01
   9.5000005014e+02   1.1649988093e-01   0.0000000000e+00   4.9999989973e-01   0.0000000000e+00   0.0000000000e+00   3.8350021934e-01
   9.5000004978e+02   1.1649988077e-01   0.0000000000e+00   4.9999990045e-01   0.0000000000e+00   0.0000000000e+00   3.8350021879e-01
   9.5000004978e+02   1.1649988077e-01   0.0000000000e+00   4.9999990045e-01   0.0000000000e+00   0.0000000000e+00   3.8350021879e-01
   9.5000001261e+02   1.1649986345e-01   0.0000000000e+00   4.9999997477e-01   0.0000000000e+00   0.0000000000e+00   3.8350016178e-01
   9.5000001261e+02   1.1649986345e-01   0.0000000000e+00   4.9999997477e-01   0.0000000000e+00   0.0000000000e+00   3.8350016178e-01
   9.5000001261e+02   1.1649986345e-01   0.0000000000e+00   4.9999997477e-01   0.0000000000e+00   0.0000000000e+00   3.8350016178e-01
   9.5000001261e+02   1.1649986345e-01   0.0000000000e+00   4.9999997477e-01   0.0000000000e+00   0.0000000000e+00   3.8350016178e-01
   9.5000005014e+02   1.1649988093e-01   0.0000000000e+00   4.9999989973e-01   0.0000000000e+00   0.0000000000e+00   3.8350021934e-01
   9.5000005014e+02   1.1649988093e-01   0.0000000000e+00   4.9999989973e-01   0.0000000000e+00   0.0000000000e+00   3.8350021934e-01
   9.5000004978e+02   1.1649988077e-01   0.0000000000e+00   4.9999990045e-01   0.0000000000e+00   0.0000000000e+00   3.8350021879e-01
   9.5000004978e+02   1.1649988077e-01   0.0000000000e+00   4.9999990045e-01   0.0000000000e+00   0.0000000000e+00   3.8350021879e-01
   9.5000002010e+02   1.1649986694e-01   0.0000000000e+00   4.9999995980e-01   0.0000000000e+00   0.0000000000e+00   3.8350017326e-01
   9.5000002010e+02   1.1649986694e-01   0.0000000000e+00   4.9999995980e-01   0.0000000000e+00   0.0000000000e+00   3.8350017326e-01
   9.5000002010e+02   1.1649986694e-01   0.0000000000e+00   4.9999995980e-01   0.0000000000e+00   0.0000000000e+00   3.8350017326e-01
   9.5000002010e+02   1.1649986694e-01   0.0000000000e+00   4.9999995980e-01   0.0000000000e+00   0.0000000000e+00   3.8350017326e-01
   9.5000003146e+02   1.1649987223e-01   0.0000000000e+00   4.9999993707e-01   0.0000000000e+00   0.0000000000e+00   3.8350019069e-01
   9.5000003146e+02   1.1649987223e-01   0.0000000000e+00   4.9999993707e-01   0.0000000000e+00   0.0000000000e+00   3.8350019069e-01
   9.5000003146e+02   1.1649987223e-01   0.0000000000e+00   4.9999993707e-01   0.0000000000e+00   0.0000000000e+00   3.8350019069e-01
   9.5000003146e+02   1.1649987223e-01   0.0000000000e+00   4.9999993707e-01   0.0000000000e+00   0.0000000000e+00   3.8350019069e-01
   9.5000003381e+02   1.1649987332e-01   0.0000000000e+00   4.9999993238e-01   0.0000000000e+00   0.0000000000e+00   3.8350019429e-01
   9.5000003381e+02   1.1649987332e-01   0.0000000000e+00   4.9999993238e-01   0.0000000000e+00   0.0000000000e+00   3.8350019429e-01
   9.5000003381e+02   1.1649987332e-01   0.0000000000e+00   4.9999993238e-01   0.0000000000e+00   0.0000000000e+00   3.8350019429e-01
   9.5000003381e+02   1.1649987332e-01   0.0000000000e+00   4.9999993238e-01   0.0000000000e+00   0.0000000000e+00   3.8350019429e-01
   9.4999999480e+02   1.1649985515e-01   0.0000000000e+00   5.0000001039e-01   0.0000000000e+00   0.0000000000e+00   3.8350013446e-01
   9.4999999480e+02   1.1649985515e-01   0.0000000000e+00   5.0000001039e-01   0.0000000000e+00   0.0000000000e+00   3.8350013446e-01
   9.4999999480e+02   1.1649985515e-01   0.0000000000e+00   5.0000001039e-01   0.0000000000e+00   0.0000000000e+00   3.8350013446e-01
   9.4999999480e+02   1.1649985515e-01   0.0000000000e+00   5.0000001039e-01   0.0000000000e+00   0.0000000000e+00   3.8350013446e-01
   9.4999999480e+02   1.1649985515e-01   0.0000000000e+00   5.0000001039e-01   0.0000000000e+00   0.0000000000e+00   3.8350013446e-01
   9.4999999480e+02   1.1649985515e-01   0.0000000000e+00   5.0000001039e-01   0.0000000000e+00   0.0000000000e+00   3.8350013446e-01
   9.4999999480e+02   1.1649985515e-01   0.0000000000e+00   5.0000001039e-01   0.0000000000e+00   0.0000000000e+00   3.8350013446e-01
   9.4999999480e+02   1.1649985515e-01   0.0000000000e+00   5.0000001039e-01   0.0000000000e+00   0.0000000000e+00   3.8350013446e-01
   9.5000004996e+02   1.1649988085e-01   0.0000000000e+00   4.9999990009e-01   0.0000000000e+00   0.0000000000e+00   3.8350021906e-01
   9.5000004996e+02   1.1649988085e-01   0.0000000000e+00   4.9999990009e-01   0.0000000000e+00   0.0000000000e+00   3.8350021906e-01
   9.5000004996e+02   1.1649988085e-01   0.0000000000e+00   4.9999990009e-01   0.0000000000e+00   0.0000000000e+00   3.8350021906e-01
   9.5000004996e+02   1.1649988085e-01   0.0000000000e+00   4.9999990009e-01   0.0000000000e+00   0.0000000000e+00   3.8350021906e-01
   9.5000004996e+02   1.1649988085e-01   0.0000000000e+00   4.9999990009e-01   0.0000000000e+00   0.0000000000e+00   3.8350021906e-01
   9.5000004996e+02   1.1649988085e-01   0.0000000000e+00   4.9999990009e-01   0.0000000000e+00   0.0000000000e+00   3.8350021906e-01
   9.5000004996e+02   1.1649988085e-01   0.0000000000e+00   4.9999990009e-01   0.0000000000e+00   0.0000000000e+00   3.8350021906e-01
   9.5000004996e+02   1.1649988085e-01   0.0000000000e+00   4.9999990009e-01   0.0000000000e+00   0.0000000000e+00   3.8350021906e-01
   9.5000000275e+02   1.1649985885e-01   0.0000000000e+00   4.9999999451e-01   0.0000000000e+00   0.0000000000e+00   3.8350014664e-01
   9.5000000275e+02   1.1649985885e-01   0.0000000000e+00   4.9999999451e-01   0.0000000000e+00   0.0000000000e+00   3.8350014664e-01
   9.5000000275e+02   1.1649985885e-01   0.0000000000e+00   4.9999999451e-01   0.0000000000e+00   0.0000000000e+00   3.8350014664e-01
   9.5000000275e+02   1.1649985885e-01   0.0000000000e+00   4.9999999451e-01   0.0000000000e+00   0.0000000000e+00   3.8350014664e-01
   9.5000000275e+02   1.1649985885e-01   0.0000000000e+00   4.9999999451e-01   0.0000000000e+00   0.0000000000e+00   3.8350014664e-01
   9.5000000275e+02   1.1649985885e-01   0.0000000000e+00   4.9999999451e-01   0.0000000000e+00   0.0000000000e+00   3.8350014664e-01
   9.5000000275e+02   1.1649985885e-01   0.0000000000e+00   4.9999999451e-01   0.0000000000e+00   0.0000000000e+00   3.8350014664e-01
   9.5000000275e+02   1.1649985885e-01   0.0000000000e+00   4.9999999451e-01   0.0000000000e+00   0.0000000000e+00   3.8350014664e-01
   9.4999997891e+02   1.1649984774e-01   0.0000000000e+00   5.0000004218e-01   0.0000000000e+00   0.0000000000e+00   3.8350011008e-01
   9.4999997891e+02   1.1649984774e-01   0.0000000000e+00   5.0000004218e-01   0.0000000000e+00   0.0000000000e+00   3.8350011008e-01
   9.4999997891e+02   1.1649984774e-01   0.0000000000e+00   5.0000004218e-01   0.0000000000e+00   0.0000000000e+00   3.8350011008e-01
   9.4999997891e+02   1.1649984774e-01   0.0000000000e+00   5.0000004218e-01   0.0000000000e+00   0.0000000000e+00   3.8350011008e-01
   9.4999997605e+02   1.1649984641e-01   0.0000000000e+00   5.0000004790e-01   0.0000000000e+00   0.0000000000e+00   3.8350010569e-01
   9.4999997605e+02   1.1649984641e-01   0.0000000000e+00   5.0000004790e-01   0.0000000000e+00   0.0000000000e+00   3.8350010569e-01
   9.4999997605e+02   1.1649984641e-01   0.0000000000e+00   5.0000004790e-01   0.0000000000e+00   0.0000000000e+00   3.8350010569e-01
   9.4999997605e+02   1.1649984641e-01   0.0000000000e+00   5.0000004790e-01   0.0000000000e+00   0.0000000000e+00   3.8350010569e-01
   9.4999998157e+02   1.1649984898e-01   0.0000000000e+00   5.0000003686e-01   0.0000000000e+00   0.0000000000e+00   3.8350011416e-01
   9.4999998157e+02   1.1649984898e-01   0.0000000000e+00   5.0000003686e-01   0.0000000000e+00   0.0000000000e+00   3.8350011416e-01
   9.4999998157e+02   1.1649984898e-01   0.0000000000e+00   5.0000003686e-01   0.0000000000e+00   0.0000000000e+00   3.8350011416e-01
   9.4999998157e+02   1.1649984898e-01   0.0000000000e+00   5.0000003686e-01   0.0000000000e+00   0.0000000000e+00   3.8350011416e-01
   9.4999997891e+02   1.1649984774e-01   0.0000000000e+00   5.0000004218e-01   0.0000000000e+00   0.0000000000e+00   3.8350011008e-01
   9.4999997891e+02   1.1649984774e-01   0.0000000000e+00   5.0000004218e-01   0.0000000000e+00   0.0000000000e+00   3.8350011008e-01
   9.4999997891e+02   1.1649984774e-01   0.0000000000e+00   5.0000004218e-01   0.0000000000e+00   0.0000000000e+00   3.8350011008e-01
   9.4999997891e+02   1.1649984774e-01   0.0000000000e+00   5.0000004218e-01   0.0000000000e+00   0.0000000000e+00   3.8350011008e-01
   9.4999997615e+02   1.1649984646e-01   0.0000000000e+00   5.0000004770e-01   0.0000000000e+00   0.0000000000e+00   3.8350010585e-01
   9.4999997615e+02   1.1649984646e-01   0.0000000000e+00   5.0000004770e-01   0.0000000000e+00   0.0000000000e+00   3.8350010585e-01
   9.4999998727e+02   1.1649985164e-01   0.0000000000e+00   5.0000002546e-01   0.0000000000e+00   0.0000000000e+00   3.8350012290e-01
   9.4999998727e+02   1.1649985164e-01   0.0000000000e+00   5.0000002546e-01   0.0000000000e+00   0.0000000000e+00   3.8350012290e-01
   9.4999997539e+02   1.1649984610e-01   0.0000000000e+00   5.0000004922e-01   0.0000000000e+00   0.0000000000e+00   3.8350010468e-01
   9.4999997539e+02   1.1649984610e-01   0.0000000000e+00   5.0000004922e-01   0.0000000000e+00   0.0000000000e+00   3.8350010468e-01
   9.4999997539e+02   1.1649984610e-01   0.0000000000e+00   5.0000004922e-01   0.0000000000e+00   0.0000000000e+00   3.8350010468e-01
   9.4999997539e+02   1.1649984610e-01   0.0000000000e+00   5.0000004922e-01   0.0000000000e+00   0.0000000000e+00   3.8350010468e-01
   9.4999998136e+02   1.1649984888e-01   0.0000000000e+00   5.0000003728e-01   0.0000000000e+00   0.0000000000e+00   3.8350011384e-01
   9.4999998136e+02   1.1649984888e-01   0.0000000000e+00   5.0000003728e-01   0.0000000000e+00   0.0000000000e+00   3.8350011384e-01
   9.4999997615e+02   1.1649984646e-01   0.0000000000e+00   5.0000004770e-01   0.0000000000e+00   0.0000000000e+00   3.8350010585e-01
   9.4999997615e+02   1.1649984646e-01   0.0000000000e+00   5.0000004770e-01   0.0000000000e+00   0.0000000000e+00   3.8350010585e-01
   9.4999997615e+02   1.1649984646e-01   0.0000000000e+00   5.0000004770e-01   0.0000000000e+00   0.0000000000e+00   3.8350010585e-01
   9.4999997615e+02   1.1649984646e-01   0.0000000000e+00   5.0000004770e-01   0.0000000000e+00   0.0000000000e+00   3.8350010585e-01
   9.4999998136e+02   1.1649984888e-01   0.0000000000e+00   5.0000003728e-01   0.0000000000e+00   0.0000000000e+00   3.8350011384e-01
   9.4999998136e+02   1.1649984888e-01   0.0000000000e+00   5.0000003728e-01   0.0000000000e+00   0.0000000000e+00   3.8350011384e-01
   9.4999998673e+02   1.1649985139e-01   0.0000000000e+00   5.0000002654e-01   0.0000000000e+00   0.0000000000e+00   3.8350012207e-01
   9.4999998673e+02   1.1649985139e-01   0.0000000000e+00   5.0000002654e-01   0.0000000000e+00   0.0000000000e+00   3.8350012207e-01
   9.4999997545e+02   1.1649984613e-01   0.0000000000e+00   5.0000004909e-01   0.0000000000e+00   0.0000000000e+00   3.8350010477e-01
   9.4999997545e+02   1.1649984613e-01   0.0000000000e+00   5.0000004909e-01   0.0000000000e+00   0.0000000000e+00   3.8350010477e-01
   9.4999999237e+02   1.1649985401e-01   0.0000000000e+00   5.0000001526e-01   0.0000000000e+00   0.0000000000e+00   3.8350013072e-01
   9.4999999237e+02   1.1649985401e-01   0.0000000000e+00   5.0000001526e-01   0.0000000000e+00   0.0000000000e+00   3.8350013072e-01
   9.4999999237e+02   1.1649985401e-01   0.0000000000e+00   5.0000001526e-01   0.0000000000e+00   0.0000000000e+00   3.8350013072e-01
   9.4999999237e+02   1.1649985401e-01   0.0000000000e+00   5.0000001526e-01   0.0000000000e+00   0.0000000000e+00   3.8350013072e-01
   9.4999997450e+02   1.1649984569e-01   0.0000000000e+00   5.0000005100e-01   0.0000000000e+00   0.0000000000e+00   3.8350010331e-01
   9.4999997450e+02   1.1649984569e-01   0.0000000000e+00   5.0000005100e-01   0.0000000000e+00   0.0000000000e+00   3.8350010331e-01
   9.4999997450e+02   1.1649984569e-01   0.0000000000e+00   5.0000005100e-01   0.0000000000e+00   0.0000000000e+00   3.8350010331e-01
   9.4999997450e+02   1.1649984569e-01   0.0000000000e+00   5.0000005100e-01   0.0000000000e+00   0.0000000000e+00   3.8350010331e-01
   9.4999997545e+02   1.1649984613e-01   0.0000000000e+00   5.0000004909e-01   0.0000000000e+00   0.0000000000e+00   3.8350010477e-01
   9.4999997545e+02   1.1649984613e-01   0.0000000000e+00   5.0000004909e-01   0.0000000000e+00   0.0000000000e+00   3.8350010477e-01
   9.4999997545e+02   1.1649984613e-01   0.0000000000e+00   5.0000004909e-01   0.0000000000e+00   0.0000000000e+00   3.8350010477e-01
   9.4999997545e+02   1.1649984613e-01   0.0000000000e+00   5.0000004909e-01   0.0000000000e+00   0.0000000000e+00   3.8350010477e-01
   9.4999997615e+02   1.1649984645e-01   0.0000000000e+00   5.0000004771e-01   0.0000000000e+00   0.0000000000e+00   3.8350010584e-01
   9.4999997615e+02   1.1649984645e-01   0.0000000000e+00   5.0000004771e-01   0.0000000000e+00   0.0000000000e+00   3.8350010584e-01
   9.4999997615e+02   1.1649984645e-01   0.0000000000e+00   5.0000004771e-01   0.0000000000e+00   0.0000000000e+00   3.8350010584e-01
   9.4999997615e+02   1.1649984645e-01   0.0000000000e+00   5.0000004771e-01   0.0000000000e+00   0.0000000000e+00   3.8350010584e-01
   9.4999997569e+02   1.1649984624e-01   0.0000000000e+00   5.0000004862e-01   0.0000000000e+00   0.0000000000e+00   3.8350010514e-01
   9.4999997569e+02   1.1649984624e-01   0.0000000000e+00   5.0000004862e-01   0.0000000000e+00   0.0000000000e+00   3.8350010514e-01
   9.4999997597e+02   1.1649984637e-01   0.0000000000e+00   5.0000004805e-01   0.0000000000e+00   0.0000000000e+00   3.8350010557e-01
   9.4999997597e+02   1.1649984637e-01   0.0000000000e+00   5.0000004805e-01   0.0000000000e+00   0.0000000000e+00   3.8350010557e-01
   9.4999997600e+02   1.1649984639e-01   0.0000000000e+00   5.0000004799e-01   0.0000000000e+00   0.0000000000e+00   3.8350010562e-01
   9.4999997600e+02   1.1649984639e-01   0.0000000000e+00   5.0000004799e-01   0.0000000000e+00   0.0000000000e+00   3.8350010562e-01
   9.4999997604e+02   1.1649984640e-01   0.0000000000e+00   5.0000004793e-01   0.0000000000e+00   0.0000000000e+00   3.8350010567e-01
   9.4999997604e+02   1.1649984640e-01   0.0000000000e+00   5.0000004793e-01   0.0000000000e+00   0.0000000000e+00   3.8350010567e-01
   9.4999997604e+02   1.1649984640e-01   0.0000000000e+00   5.0000004793e-01   0.0000000000e+00   0.0000000000e+00   3.8350010567e-01
   9.4999997604e+02   1.1649984640e-01   0.0000000000e+00   5.0000004793e-01   0.0000000000e+00   0.0000000000e+00   3.8350010567e-01
   9.4999997600e+02   1.1649984639e-01   0.0000000000e+00   5.0000004799e-01   0.0000000000e+00   0.0000000000e+00   3.8350010562e-01
   9.4999997600e+02   1.1649984639e-01   0.0000000000e+00   5.0000004799e-01   0.0000000000e+00   0.0000000000e+00   3.8350010562e-01
   9.5000002723e+02   1.1649987026e-01   0.0000000000e+00   4.9999994554e-01   0.0000000000e+00   0.0000000000e+00   3.8350018420e-01
   9.5000002723e+02   1.1649987026e-01   0.0000000000e+00   4.9999994554e-01   0.0000000000e+00   0.0000000000e+00   3.8350018420e-01
   9.5000001570e+02   1.1649986489e-01   0.0000000000e+00   4.9999996860e-01   0.0000000000e+00   0.0000000000e+00   3.8350016651e-01
   9.5000001570e+02   1.1649986489e-01   0.0000000000e+00   4.9999996860e-01   0.0000000000e+00   0.0000000000e+00   3.8350016651e-01
   9.5000002339e+02   1.1649986847e-01   0.0000000000e+00   4.9999995323e-01   0.0000000000e+00   0.0000000000e+00   3.8350017830e-01
   9.5000002339e+02   1.1649986847e-01   0.0000000000e+00   4.9999995323e-01   0.0000000000e+00   0.0000000000e+00   3.8350017830e-01
   9.5000002339e+02   1.1649986847e-01   0.0000000000e+00   4.9999995323e-01   0.0000000000e+00   0.0000000000e+00   3.8350017830e-01
   9.5000002339e+02   1.1649986847e-01   0.0000000000e+00   4.9999995323e-01   0.0000000000e+00   0.0000000000e+00   3.8350017830e-01
   9.5000003107e+02   1.1649987205e-01   0.0000000000e+00   4.9999993786e-01   0.0000000000e+00   0.0000000000e+00   3.8350019009e-01
   9.5000003107e+02   1.1649987205e-01   0.0000000000e+00   4.9999993786e-01   0.0000000000e+00   0.0000000000e+00   3.8350019009e-01
   9.5000002339e+02   1.1649986847e-01   0.0000000000e+00   4.9999995323e-01   0.0000000000e+00   0.0000000000e+00   3.8350017830e-01
   9.5000002339e+02   1.1649986847e-01   0.0000000000e+00   4.9999995323e-01   0.0000000000e+00   0.0000000000e+00   3.8350017830e-01
   9.5000001570e+02   1.1649986489e-01   0.0000000000e+00   4.9999996860e-01   0.0000000000e+00   0.0000000000e+00   3.8350016651e-01
   9.5000001570e+02   1.1649986489e-01   0.0000000000e+00   4.9999996860e-01   0.0000000000e+00   0.0000000000e+00   3.8350016651e-01
   9.5000002723e+02   1.1649987026e-01   0.0000000000e+00   4.9999994554e-01   0.0000000000e+00   0.0000000000e+00   3.8350018420e-01
   9.5000002723e+02   1.1649987026e-01   0.0000000000e+00   4.9999994554e-01   0.0000000000e+00   0.0000000000e+00   3.8350018420e-01
   9.4999997263e+02   1.1649984482e-01   0.0000000000e+00   5.0000005474e-01   0.0000000000e+00   0.0000000000e+00   3.8350010045e-01
   9.4999997263e+02   1.1649984482e-01   0.0000000000e+00   5.0000005474e-01   0.0000000000e+00   0.0000000000e+00   3.8350010045e-01
   9.4999997263e+02   1.1649984482e-01   0.0000000000e+00   5.0000005474e-01   0.0000000000e+00   0.0000000000e+00   3.8350010045e-01
   9.4999997263e+02   1.1649984482e-01   0.0000000000e+00   5.0000005474e-01   0.0000000000e+00   0.0000000000e+00   3.8350010045e-01
   9.4999997446e+02   1.1649984567e-01   0.0000000000e+00   5.0000005108e-01   0.0000000000e+00   0.0000000000e+00   3.8350010325e-01
   9.4999997446e+02   1.1649984567e-01   0.0000000000e+00   5.0000005108e-01   0.0000000000e+00   0.0000000000e+00   3.8350010325e-01
   9.4999997324e+02   1.1649984510e-01   0.0000000000e+00   5.0000005352e-01   0.0000000000e+00   0.0000000000e+00   3.8350010138e-01
   9.4999997324e+02   1.1649984510e-01   0.0000000000e+00   5.0000005352e-01   0.0000000000e+00   0.0000000000e+00   3.8350010138e-01
   9.4999996744e+02   1.1649984240e-01   0.0000000000e+00   5.0000006513e-01   0.0000000000e+00   0.0000000000e+00   3.8350009248e-01
   9.4999996744e+02   1.1649984240e-01   0.0000000000e+00   5.0000006513e-01   0.0000000000e+00   0.0000000000e+00   3.8350009248e-01
   9.4999996865e+02   1.1649984296e-01   0.0000000000e+00   5.0000006269e-01   0.0000000000e+00   0.0000000000e+00   3.8350009435e-01
   9.4999996865e+02   1.1649984296e-01   0.0000000000e+00   5.0000006269e-01   0.0000000000e+00   0.0000000000e+00   3.8350009435e-01
   9.4999996744e+02   1.1649984240e-01   0.0000000000e+00   5.0000006513e-01   0.0000000000e+00   0.0000000000e+00   3.8350009248e-01
   9.4999996744e+02   1.1649984240e-01   0.0000000000e+00   5.0000006513e-01   0.0000000000e+00   0.0000000000e+00   3.8350009248e-01
   9.4999996622e+02   1.1649984183e-01   0.0000000000e+00   5.0000006756e-01   0.0000000000e+00   0.0000000000e+00   3.8350009061e-01
   9.4999996622e+02   1.1649984183e-01   0.0000000000e+00   5.0000006756e-01   0.0000000000e+00   0.0000000000e+00   3.8350009061e-01
   9.5000002140e+02   1.1649986754e-01   0.0000000000e+00   4.9999995721e-01   0.0000000000e+00   0.0000000000e+00   3.8350017525e-01
   9.5000002140e+02   1.1649986754e-01   0.0000000000e+00   4.9999995721e-01   0.0000000000e+00   0.0000000000e+00   3.8350017525e-01
   9.5000002140e+02   1.1649986754e-01   0.0000000000e+00   4.9999995721e-01   0.0000000000e+00   0.0000000000e+00   3.8350017525e-01
   9.5000002140e+02   1.1649986754e-01   0.0000000000e+00   4.9999995721e-01   0.0000000000e+00   0.0000000000e+00   3.8350017525e-01
   9.5000001282e+02   1.1649986355e-01   0.0000000000e+00   4.9999997435e-01   0.0000000000e+00   0.0000000000e+00   3.8350016210e-01
   9.5000001282e+02   1.1649986355e-01   0.0000000000e+00   4.9999997435e-01   0.0000000000e+00   0.0000000000e+00   3.8350016210e-01
   9.5000001282e+02   1.1649986355e-01   0.0000000000e+00   4.9999997435e-01   0.0000000000e+00   0.0000000000e+00   3.8350016210e-01
   9.5000001282e+02   1.1649986355e-01   0.0000000000e+00   4.9999997435e-01   0.0000000000e+00   0.0000000000e+00   3.8350016210e-01
   9.5000005799e+02   1.1649988459e-01   0.0000000000e+00   4.9999988403e-01   0.0000000000e+00   0.0000000000e+00   3.8350023138e-01
   9.5000005799e+02   1.1649988459e-01   0.0000000000e+00   4.9999988403e-01   0.0000000000e+00   0.0000000000e+00   3.8350023138e-01
   9.5000005799e+02   1.1649988459e-01   0.0000000000e+00   4.9999988403e-01   0.0000000000e+00   0.0000000000e+00   3.8350023138e-01
   9.5000005799e+02   1.1649988459e-01   0.0000000000e+00   4.9999988403e-01   0.0000000000e+00   0.0000000000e+00   3.8350023138e-01
   9.5000002568e+02   1.1649986954e-01   0.0000000000e+00   4.9999994864e-01   0.0000000000e+00   0.0000000000e+00   3.8350018183e-01
   9.5000002568e+02   1.1649986954e-01   0.0000000000e+00   4.9999994864e-01   0.0000000000e+00   0.0000000000e+00   3.8350018183e-01
   9.5000002568e+02   1.1649986954e-01   0.0000000000e+00   4.9999994864e-01   0.0000000000e+00   0.0000000000e+00   3.8350018183e-01
   9.5000002568e+02   1.1649986954e-01   0.0000000000e+00   4.9999994864e-01   0.0000000000e+00   0.0000000000e+00   3.8350018183e-01
   9.5000001711e+02   1.1649986554e-01   0.0000000000e+00   4.9999996578e-01   0.0000000000e+00   0.0000000000e+00   3.8350016868e-01
   9.5000001711e+02   1.1649986554e-01   0.0000000000e+00   4.9999996578e-01   0.0000000000e+00   0.0000000000e+00   3.8350016868e-01
   9.5000001711e+02   1.1649986554e-01   0.0000000000e+00   4.9999996578e-01   0.0000000000e+00   0.0000000000e+00   3.8350016868e-01
   9.5000001711e+02   1.1649986554e-01   0.0000000000e+00   4.9999996578e-01   0.0000000000e+00   0.0000000000e+00   3.8350016868e-01
   9.5000002568e+02   1.1649986954e-01   0.0000000000e+00   4.9999994864e-01   0.0000000000e+00   0.0000000000e+00   3.8350018183e-01
   9.5000002568e+02   1.1649986954e-01   0.0000000000e+00   4.9999994864e-01   0.0000000000e+00   0.0000000000e+00   3.8350018183e-01
   9.5000002568e+02   1.1649986954e-01   0.0000000000e+00   4.9999994864e-01   0.0000000000e+00   0.0000000000e+00   3.8350018183e-01
   9.5000002568e+02   1.1649986954e-01   0.0000000000e+00   4.9999994864e-01   0.0000000000e+00   0.0000000000e+00   3.8350018183e-01
   9.5000002461e+02   1.1649986904e-01   0.0000000000e+00   4.9999995078e-01   0.0000000000e+00   0.0000000000e+00   3.8350018018e-01
   9.5000002461e+02   1.1649986904e-01   0.0000000000e+00   4.9999995078e-01   0.0000000000e+00   0.0000000000e+00   3.8350018018e-01
   9.5000002461e+02   1.1649986904e-01   0.0000000000e+00   4.9999995078e-01   0.0000000000e+00   0.0000000000e+00   3.8350018018e-01
   9.5000002461e+02   1.1649986904e-01   0.0000000000e+00   4.9999995078e-01   0.0000000000e+00   0.0000000000e+00   3.8350018018e-01
   9.5000001711e+02   1.1649986554e-01   0.0000000000e+00   4.9999996578e-01   0.0000000000e+00   0.0000000000e+00   3.8350016868e-01
   9.5000001711e+02   1.1649986554e-01   0.0000000000e+00   4.9999996578e-01   0.0000000000e+00   0.0000000000e+00   3.8350016868e-01
   9.5000001711e+02   1.1649986554e-01   0.0000000000e+00   4.9999996578e-01   0.0000000000e+00   0.0000000000e+00   3.8350016868e-01
   9.5000001711e+02   1.1649986554e-01   0.0000000000e+00   4.9999996578e-01   0.0000000000e+00   0.0000000000e+00   3.8350016868e-01
   9.5000005344e+02   1.1649988247e-01   0.0000000000e+00   4.9999989312e-01   0.0000000000e+00   0.0000000000e+00   3.8350022441e-01
   9.5000005344e+02   1.1649988247e-01   0.0000000000e+00   4.9999989312e-01   0.0000000000e+00   0.0000000000e+00   3.8350022441e-01
   9.5000005344e+02   1.1649988247e-01   0.0000000000e+00   4.9999989312e-01   0.0000000000e+00   0.0000000000e+00   3.8350022441e-01
   9.5000005344e+02   1.1649988247e-01   0.0000000000e+00   4.9999989312e-01   0.0000000000e+00   0.0000000000e+00   3.8350022441e-01
   9.5000005344e+02   1.1649988247e-01   0.0000000000e+00   4.9999989312e-01   0.0000000000e+00   0.0000000000e+00   3.8350022441e-01
   9.5000005344e+02   1.1649988247e-01   0.0000000000e+00   4.9999989312e-01   0.0000000000e+00   0.0000000000e+00   3.8350022441e-01
   9.4999999552e+02   1.1649985548e-01   0.0000000000e+00   5.0000000896e-01   0.0000000000e+00   0.0000000000e+00   3.8350013555e-01
   9.4999999552e+02   1.1649985548e-01   0.0000000000e+00   5.0000000896e-01   0.0000000000e+00   0.0000000000e+00   3.8350013555e-01
   9.4999999449e+02   1.1649985500e-01   0.0000000000e+00   5.0000001103e-01   0.0000000000e+00   0.0000000000e+00   3.8350013397e-01
   9.4999999449e+02   1.1649985500e-01   0.0000000000e+00   5.0000001103e-01   0.0000000000e+00   0.0000000000e+00   3.8350013397e-01
   9.4999999345e+02   1.1649985452e-01   0.0000000000e+00   5.0000001309e-01   0.0000000000e+00   0.0000000000e+00   3.8350013239e-01
   9.4999999345e+02   1.1649985452e-01   0.0000000000e+00   5.0000001309e-01   0.0000000000e+00   0.0000000000e+00   3.8350013239e-01
   9.4999999449e+02   1.1649985500e-01   0.0000000000e+00   5.0000001103e-01   0.0000000000e+00   0.0000000000e+00   3.8350013397e-01
   9.4999999449e+02   1.1649985500e-01   0.0000000000e+00   5.0000001103e-01   0.0000000000e+00   0.0000000000e+00   3.8350013397e-01
   9.5000005344e+02   1.1649988247e-01   0.0000000000e+00   4.9999989312e-01   0.0000000000e+00   0.0000000000e+00   3.8350022441e-01
   9.5000005344e+02   1.1649988247e-01   0.0000000000e+00   4.9999989312e-01   0.0000000000e+00   0.0000000000e+00   3.8350022441e-01
   9.4999997014e+02   1.1649984365e-01   0.0000000000e+00   5.0000005973e-01   0.0000000000e+00   0.0000000000e+00   3.8350009662e-01
   9.4999997014e+02   1.1649984365e-01   0.0000000000e+00   5.0000005973e-01   0.0000000000e+00   0.0000000000e+00   3.8350009662e-01
   9.4999997014e+02   1.1649984365e-01   0.0000000000e+00   5.0000005973e-01   0.0000000000e+00   0.0000000000e+00   3.8350009662e-01
   9.4999997014e+02   1.1649984365e-01   0.0000000000e+00   5.0000005973e-01   0.0000000000e+00   0.0000000000e+00   3.8350009662e-01
   9.4999997014e+02   1.1649984365e-01   0.0000000000e+00   5.0000005973e-01   0.0000000000e+00   0.0000000000e+00   3.8350009662e-01
   9.4999997014e+02   1.1649984365e-01   0.0000000000e+00   5.0000005973e-01   0.0000000000e+00   0.0000000000e+00   3.8350009662e-01
   9.4999997014e+02   1.1649984365e-01   0.0000000000e+00   5.0000005973e-01   0.0000000000e+00   0.0000000000e+00   3.8350009662e-01
   9.4999997014e+02   1.1649984365e-01   0.0000000000e+00   5.0000005973e-01   0.0000000000e+00   0.0000000000e+00   3.8350009662e-01
   9.4999997892e+02   1.1649984775e-01   0.0000000000e+00   5.0000004216e-01   0.0000000000e+00   0.0000000000e+00   3.8350011010e-01
   9.4999997892e+02   1.1649984775e-01   0.0000000000e+00   5.0000004216e-01   0.0000000000e+00   0.0000000000e+00   3.8350011010e-01
   9.4999997892e+02   1.1649984775e-01   0.0000000000e+00   5.0000004216e-01   0.0000000000e+00   0.0000000000e+00   3.8350011010e-01
   9.4999997892e+02   1.1649984775e-01   0.0000000000e+00   5.0000004216e-01   0.0000000000e+00   0.0000000000e+00   3.8350011010e-01
   9.4999997104e+02   1.1649984408e-01   0.0000000000e+00   5.0000005792e-01   0.0000000000e+00   0.0000000000e+00   3.8350009801e-01
   9.4999997104e+02   1.1649984408e-01   0.0000000000e+00   5.0000005792e-01   0.0000000000e+00   0.0000000000e+00   3.8350009801e-01
   9.4999997104e+02   1.1649984408e-01   0.0000000000e+00   5.0000005792e-01   0.0000000000e+00   0.0000000000e+00   3.8350009801e-01
   9.4999997104e+02   1.1649984408e-01   0.0000000000e+00   5.0000005792e-01   0.0000000000e+00   0.0000000000e+00   3.8350009801e-01
   9.4999997063e+02   1.1649984388e-01   0.0000000000e+00   5.0000005874e-01   0.0000000000e+00   0.0000000000e+00   3.8350009738e-01
   9.4999997063e+02   1.1649984388e-01   0.0000000000e+00   5.0000005874e-01   0.0000000000e+00   0.0000000000e+00   3.8350009738e-01
   9.4999997063e+02   1.1649984388e-01   0.0000000000e+00   5.0000005874e-01   0.0000000000e+00   0.0000000000e+00   3.8350009738e-01
   9.4999997063e+02   1.1649984388e-01   0.0000000000e+00   5.0000005874e-01   0.0000000000e+00   0.0000000000e+00   3.8350009738e-01
   9.4999997063e+02   1.1649984388e-01   0.0000000000e+00   5.0000005874e-01   0.0000000000e+00   0.0000000000e+00   3.8350009738e-01
   9.4999997063e+02   1.1649984388e-01   0.0000000000e+00   5.0000005874e-01   0.0000000000e+00   0.0000000000e+00   3.8350009738e-01
   9.4999997063e+02   1.1649984388e-01   0.0000000000e+00   5.0000005874e-01   0.0000000000e+00   0.0000000000e+00   3.8350009738e-01
   9.4999997063e+02   1.1649984388e-01   0.0000000000e+00   5.0000005874e-01   0.0000000000e+00   0.0000000000e+00   3.8350009738e-01
   9.4999996910e+02   1.1649984317e-01   0.0000000000e+00   5.0000006180e-01   0.0000000000e+00   0.0000000000e+00   3.8350009503e-01
   9.4999996910e+02   1.1649984317e-01   0.0000000000e+00   5.0000006180e-01   0.0000000000e+00   0.0000000000e+00   3.8350009503e-01
   9.4999996910e+02   1.1649984317e-01   0.0000000000e+00   5.0000006180e-01   0.0000000000e+00   0.0000000000e+00   3.8350009503e-01
   9.4999996910e+02   1.1649984317e-01   0.0000000000e+00   5.0000006180e-01   0.0000000000e+00   0.0000000000e+00   3.8350009503e-01
   9.4999996910e+02   1.1649984317e-01   0.0000000000e+00   5.0000006180e-01   0.0000000000e+00   0.0000000000e+00   3.8350009503e-01
   9.4999996910e+02   1.1649984317e-01   0.0000000000e+00   5.0000006180e-01   0.0000000000e+00   0.0000000000e+00   3.8350009503e-01
   9.4999996910e+02   1.1649984317e-01   0.0000000000e+00   5.0000006180e-01   0.0000000000e+00   0.0000000000e+00   3.8350009503e-01
   9.4999996910e+02   1.1649984317e-01   0.0000000000e+00   5.0000006180e-01   0.0000000000e+00   0.0000000000e+00   3.8350009503e-01
   9.4999997010e+02   1.1649984364e-01   0.0000000000e+00   5.0000005981e-01   0.0000000000e+00   0.0000000000e+00   3.8350009656e-01
   9.4999997010e+02   1.1649984364e-01   0.0000000000e+00   5.0000005981e-01   0.0000000000e+00   0.0000000000e+00   3.8350009656e-01
   9.4999997010e+02   1.1649984364e-01   0.0000000000e+00   5.0000005981e-01   0.0000000000e+00   0.0000000000e+00   3.8350009656e-01
   9.4999997010e+02   1.1649984364e-01   0.0000000000e+00   5.0000005981e-01   0.0000000000e+00   0.0000000000e+00   3.8350009656e-01
   9.4999996982e+02   1.1649984351e-01   0.0000000000e+00   5.0000006036e-01   0.0000000000e+00   0.0000000000e+00   3.8350009613e-01
   9.4999996982e+02   1.1649984351e-01   0.0000000000e+00   5.0000006036e-01   0.0000000000e+00   0.0000000000e+00   3.8350009613e-01
   9.4999997053e+02   1.1649984383e-01   0.0000000000e+00   5.0000005895e-01   0.0000000000e+00   0.0000000000e+00   3.8350009722e-01
   9.4999997053e+02   1.1649984383e-01   0.0000000000e+00   5.0000005895e-01   0.0000000000e+00   0.0000000000e+00   3.8350009722e-01
   9.4999997053e+02   1.1649984383e-01   0.0000000000e+00   5.0000005895e-01   0.0000000000e+00   0.0000000000e+00   3.8350009722e-01
   9.4999997053e+02   1.1649984383e-01   0.0000000000e+00   5.0000005895e-01   0.0000000000e+00   0.0000000000e+00   3.8350009722e-01
   9.4999996982e+02   1.1649984351e-01   0.0000000000e+00   5.0000006036e-01   0.0000000000e+00   0.0000000000e+00   3.8350009613e-01
   9.4999996982e+02   1.1649984351e-01   0.0000000000e+00   5.0000006036e-01   0.0000000000e+00   0.0000000000e+00   3.8350009613e-01
   9.4999997010e+02   1.1649984364e-01   0.0000000000e+00   5.0000005981e-01   0.0000000000e+00   0.0000000000e+00   3.8350009656e-01
   9.4999997010e+02   1.1649984364e-01   0.0000000000e+00   5.0000005981e-01   0.0000000000e+00   0.0000000000e+00   3.8350009656e-01
   9.4999997010e+02   1.1649984364e-01   0.0000000000e+00   5.0000005981e-01   0.0000000000e+00   0.0000000000e+00   3.8350009656e-01
   9.4999997010e+02   1.1649984364e-01   0.0000000000e+00   5.0000005981e-01   0.0000000000e+00   0.0000000000e+00   3.8350009656e-01