# time = 10.3393
# Grid Poins = 256    variable_0    variable_1    variable_2    variable_3    variable_4    variable_5    variable_6
   8.8954175711e+02   8.8326350826e-02   0.0000000000e+00   6.2091648579e-01   0.0000000000e+00   0.0000000000e+00   2.9075716339e-01
   8.8954175711e+02   8.8326350826e-02   0.0000000000e+00   6.2091648579e-01   0.0000000000e+00   0.0000000000e+00   2.9075716339e-01
   8.8954175711e+02   8.8326350826e-02   0.0000000000e+00   6.2091648579e-01   0.0000000000e+00   0.0000000000e+00   2.9075716339e-01
   8.8954175711e+02   8.8326350826e-02   0.0000000000e+00   6.2091648579e-01   0.0000000000e+00   0.0000000000e+00   2.9075716339e-01
   8.9098705053e+02   8.8999856739e-02   0.0000000000e+00   6.1802589893e-01   0.0000000000e+00   0.0000000000e+00   2.9297424433e-01
   8.9098705053e+02   8.8999856739e-02   0.0000000000e+00   6.1802589893e-01   0.0000000000e+00   0.0000000000e+00   2.9297424433e-01
   8.9098705053e+02   8.8999856739e-02   0.0000000000e+00   6.1802589893e-01   0.0000000000e+00   0.0000000000e+00   2.9297424433e-01
   8.9098705053e+02   8.8999856739e-02   0.0000000000e+00   6.1802589893e-01   0.0000000000e+00   0.0000000000e+00   2.9297424433e-01
   8.7510670424e+02   8.1599624412e-02   0.0000000000e+00   6.4978659153e-01   0.0000000000e+00   0.0000000000e+00   2.6861378406e-01
   8.7510670424e+02   8.1599624412e-02   0.0000000000e+00   6.4978659153e-01   0.0000000000e+00   0.0000000000e+00   2.6861378406e-01
   8.7510670424e+02   8.1599624412e-02   0.0000000000e+00   6.4978659153e-01   0.0000000000e+00   0.0000000000e+00   2.6861378406e-01
   8.7510670424e+02   8.1599624412e-02   0.0000000000e+00   6.4978659153e-01   0.0000000000e+00   0.0000000000e+00   2.6861378406e-01
   8.6752785444e+02   7.8067884726e-02   0.0000000000e+00   6.6494429111e-01   0.0000000000e+00   0.0000000000e+00   2.5698782416e-01
   8.6752785444e+02   7.8067884726e-02   0.0000000000e+00   6.6494429111e-01   0.0000000000e+00   0.0000000000e+00   2.5698782416e-01
   8.8268555403e+02   8.5131364097e-02   0.0000000000e+00   6.3462889194e-01   0.0000000000e+00   0.0000000000e+00   2.8023974396e-01
   8.8268555403e+02   8.5131364097e-02   0.0000000000e+00   6.3462889194e-01   0.0000000000e+00   0.0000000000e+00   2.8023974396e-01
   8.9099003077e+02   8.9001245526e-02   0.0000000000e+00   6.1801993847e-01   0.0000000000e+00   0.0000000000e+00   2.9297881601e-01
   8.9099003077e+02   8.9001245526e-02   0.0000000000e+00   6.1801993847e-01   0.0000000000e+00   0.0000000000e+00   2.9297881601e-01
   8.9099003077e+02   8.9001245526e-02   0.0000000000e+00   6.1801993847e-01   0.0000000000e+00   0.0000000000e+00   2.9297881601e-01
   8.9099003077e+02   8.9001245526e-02   0.0000000000e+00   6.1801993847e-01   0.0000000000e+00   0.0000000000e+00   2.9297881601e-01
   8.9099003077e+02   8.9001245526e-02   0.0000000000e+00   6.1801993847e-01   0.0000000000e+00   0.0000000000e+00   2.9297881601e-01
   8.9099003077e+02   8.9001245526e-02   0.0000000000e+00   6.1801993847e-01   0.0000000000e+00   0.0000000000e+00   2.9297881601e-01
   8.7203843594e+02   8.0169813132e-02   0.0000000000e+00   6.5592312813e-01   0.0000000000e+00   0.0000000000e+00   2.6390705874e-01
   8.7203843594e+02   8.0169813132e-02   0.0000000000e+00   6.5592312813e-01   0.0000000000e+00   0.0000000000e+00   2.6390705874e-01
   8.8151423335e+02   8.4585529329e-02   0.0000000000e+00   6.3697153330e-01   0.0000000000e+00   0.0000000000e+00   2.7844293737e-01
   8.8151423335e+02   8.4585529329e-02   0.0000000000e+00   6.3697153330e-01   0.0000000000e+00   0.0000000000e+00   2.7844293737e-01
   8.8151423335e+02   8.4585529329e-02   0.0000000000e+00   6.3697153330e-01   0.0000000000e+00   0.0000000000e+00   2.7844293737e-01
   8.8151423335e+02   8.4585529329e-02   0.0000000000e+00   6.3697153330e-01   0.0000000000e+00   0.0000000000e+00   2.7844293737e-01
   8.8105959892e+02   8.4373669945e-02   0.0000000000e+00   6.3788080215e-01   0.0000000000e+00   0.0000000000e+00   2.7774552790e-01
   8.8105959892e+02   8.4373669945e-02   0.0000000000e+00   6.3788080215e-01   0.0000000000e+00   0.0000000000e+00   2.7774552790e-01
   8.8105959892e+02   8.4373669945e-02   0.0000000000e+00   6.3788080215e-01   0.0000000000e+00   0.0000000000e+00   2.7774552790e-01
   8.8105959892e+02   8.4373669945e-02   0.0000000000e+00   6.3788080215e-01   0.0000000000e+00   0.0000000000e+00   2.7774552790e-01
   9.3713641986e+02   1.1050543655e-01   0.0000000000e+00   5.2572716027e-01   0.0000000000e+00   0.0000000000e+00   3.6376740317e-01
   9.3713641986e+02   1.1050543655e-01   0.0000000000e+00   5.2572716027e-01   0.0000000000e+00   0.0000000000e+00   3.6376740317e-01
   9.3713641986e+02   1.1050543655e-01   0.0000000000e+00   5.2572716027e-01   0.0000000000e+00   0.0000000000e+00   3.6376740317e-01
   9.3713641986e+02   1.1050543655e-01   0.0000000000e+00   5.2572716027e-01   0.0000000000e+00   0.0000000000e+00   3.6376740317e-01
   9.3713641986e+02   1.1050543655e-01   0.0000000000e+00   5.2572716027e-01   0.0000000000e+00   0.0000000000e+00   3.6376740317e-01
   9.3713641986e+02   1.1050543655e-01   0.0000000000e+00   5.2572716027e-01   0.0000000000e+00   0.0000000000e+00   3.6376740317e-01
   9.3713641986e+02   1.1050543655e-01   0.0000000000e+00   5.2572716027e-01   0.0000000000e+00   0.0000000000e+00   3.6376740317e-01
   9.3713641986e+02   1.1050543655e-01   0.0000000000e+00   5.2572716027e-01   0.0000000000e+00   0.0000000000e+00   3.6376740317e-01
   9.7524518222e+02   1.2826409810e-01   0.0000000000e+00   4.4950963557e-01   0.0000000000e+00   0.0000000000e+00   4.2222626633e-01
   9.7524518222e+02   1.2826409810e-01   0.0000000000e+00   4.4950963557e-01   0.0000000000e+00   0.0000000000e+00   4.2222626633e-01
   9.7524518222e+02   1.2826409810e-01   0.0000000000e+00   4.4950963557e-01   0.0000000000e+00   0.0000000000e+00   4.2222626633e-01
   9.7524518222e+02   1.2826409810e-01   0.0000000000e+00   4.4950963557e-01   0.0000000000e+00   0.0000000000e+00   4.2222626633e-01
   9.1942711994e+02   1.0225291288e-01   0.0000000000e+00   5.6114576012e-01   0.0000000000e+00   0.0000000000e+00   3.3660132700e-01
   9.1942711994e+02   1.0225291288e-01   0.0000000000e+00   5.6114576012e-01   0.0000000000e+00   0.0000000000e+00   3.3660132700e-01
   9.1942711994e+02   1.0225291288e-01   0.0000000000e+00   5.6114576012e-01   0.0000000000e+00   0.0000000000e+00   3.3660132700e-01
   9.1942711994e+02   1.0225291288e-01   0.0000000000e+00   5.6114576012e-01   0.0000000000e+00   0.0000000000e+00   3.3660132700e-01
   9.3713641986e+02   1.1050543655e-01   0.0000000000e+00   5.2572716027e-01   0.0000000000e+00   0.0000000000e+00   3.6376740317e-01
   9.3713641986e+02   1.1050543655e-01   0.0000000000e+00   5.2572716027e-01   0.0000000000e+00   0.0000000000e+00   3.6376740317e-01
   9.3713641986e+02   1.1050543655e-01   0.0000000000e+00   5.2572716027e-01   0.0000000000e+00   0.0000000000e+00   3.6376740317e-01
   9.3713641986e+02   1.1050543655e-01   0.0000000000e+00   5.2572716027e-01   0.0000000000e+00   0.0000000000e+00   3.6376740317e-01
   9.3713641986e+02   1.1050543655e-01   0.0000000000e+00   5.2572716027e-01   0.0000000000e+00   0.0000000000e+00   3.6376740317e-01
   9.3713641986e+02   1.1050543655e-01   0.0000000000e+00   5.2572716027e-01   0.0000000000e+00   0.0000000000e+00   3.6376740317e-01
   9.3713641986e+02   1.1050543655e-01   0.0000000000e+00   5.2572716027e-01   0.0000000000e+00   0.0000000000e+00   3.6376740317e-01
   9.3713641986e+02   1.1050543655e-01   0.0000000000e+00   5.2572716027e-01   0.0000000000e+00   0.0000000000e+00   3.6376740317e-01
   8.9151808880e+02   8.9247320270e-02   0.0000000000e+00   6.1696382239e-01   0.0000000000e+00   0.0000000000e+00   2.9378885734e-01
   8.9151808880e+02   8.9247320270e-02   0.0000000000e+00   6.1696382239e-01   0.0000000000e+00   0.0000000000e+00   2.9378885734e-01
   8.9151808880e+02   8.9247320270e-02   0.0000000000e+00   6.1696382239e-01   0.0000000000e+00   0.0000000000e+00   2.9378885734e-01
   8.9151808880e+02   8.9247320270e-02   0.0000000000e+00   6.1696382239e-01   0.0000000000e+00   0.0000000000e+00   2.9378885734e-01
   8.9151808880e+02   8.9247320270e-02   0.0000000000e+00   6.1696382239e-01   0.0000000000e+00   0.0000000000e+00   2.9378885734e-01
   8.9151808880e+02   8.9247320270e-02   0.0000000000e+00   6.1696382239e-01   0.0000000000e+00   0.0000000000e+00   2.9378885734e-01
   8.9151808880e+02   8.9247320270e-02   0.0000000000e+00   6.1696382239e-01   0.0000000000e+00   0.0000000000e+00   2.9378885734e-01
   8.9151808880e+02   8.9247320270e-02   0.0000000000e+00   6.1696382239e-01   0.0000000000e+00   0.0000000000e+00   2.9378885734e-01
   9.9613116384e+02   1.3799695364e-01   0.0000000000e+00   4.0773767233e-01   0.0000000000e+00   0.0000000000e+00   4.5426537404e-01
   9.9613116384e+02   1.3799695364e-01   0.0000000000e+00   4.0773767233e-01   0.0000000000e+00   0.0000000000e+00   4.5426537404e-01
   9.9613116384e+02   1.3799695364e-01   0.0000000000e+00   4.0773767233e-01   0.0000000000e+00   0.0000000000e+00   4.5426537404e-01
   9.9613116384e+02   1.3799695364e-01   0.0000000000e+00   4.0773767233e-01   0.0000000000e+00   0.0000000000e+00   4.5426537404e-01
   9.7633324265e+02   1.2877113364e-01   0.0000000000e+00   4.4733351469e-01   0.0000000000e+00   0.0000000000e+00   4.2389535167e-01
   9.7633324265e+02   1.2877113364e-01   0.0000000000e+00   4.4733351469e-01   0.0000000000e+00   0.0000000000e+00   4.2389535167e-01
   9.7633324265e+02   1.2877113364e-01   0.0000000000e+00   4.4733351469e-01   0.0000000000e+00   0.0000000000e+00   4.2389535167e-01
   9.7633324265e+02   1.2877113364e-01   0.0000000000e+00   4.4733351469e-01   0.0000000000e+00   0.0000000000e+00   4.2389535167e-01
   9.9369881749e+02   1.3686348162e-01   0.0000000000e+00   4.1260236502e-01   0.0000000000e+00   0.0000000000e+00   4.5053415336e-01
   9.9369881749e+02   1.3686348162e-01   0.0000000000e+00   4.1260236502e-01   0.0000000000e+00   0.0000000000e+00   4.5053415336e-01
   9.9369881749e+02   1.3686348162e-01   0.0000000000e+00   4.1260236502e-01   0.0000000000e+00   0.0000000000e+00   4.5053415336e-01
   9.9369881749e+02   1.3686348162e-01   0.0000000000e+00   4.1260236502e-01   0.0000000000e+00   0.0000000000e+00   4.5053415336e-01
   9.9369881749e+02   1.3686348162e-01   0.0000000000e+00   4.1260236502e-01   0.0000000000e+00   0.0000000000e+00   4.5053415336e-01
   9.9369881749e+02   1.3686348162e-01   0.0000000000e+00   4.1260236502e-01   0.0000000000e+00   0.0000000000e+00   4.5053415336e-01
   9.9369881749e+02   1.3686348162e-01   0.0000000000e+00   4.1260236502e-01   0.0000000000e+00   0.0000000000e+00   4.5053415336e-01
   9.9369881749e+02   1.3686348162e-01   0.0000000000e+00   4.1260236502e-01   0.0000000000e+00   0.0000000000e+00   4.5053415336e-01
   9.0828640275e+02   9.7061345015e-02   0.0000000000e+00   5.8342719451e-01   0.0000000000e+00   0.0000000000e+00   3.1951146048e-01
   9.0828640275e+02   9.7061345015e-02   0.0000000000e+00   5.8342719451e-01   0.0000000000e+00   0.0000000000e+00   3.1951146048e-01
   9.2008209303e+02   1.0255812997e-01   0.0000000000e+00   5.5983581394e-01   0.0000000000e+00   0.0000000000e+00   3.3760605609e-01
   9.2008209303e+02   1.0255812997e-01   0.0000000000e+00   5.5983581394e-01   0.0000000000e+00   0.0000000000e+00   3.3760605609e-01
   9.1418424789e+02   9.9809737491e-02   0.0000000000e+00   5.7163150422e-01   0.0000000000e+00   0.0000000000e+00   3.2855875829e-01
   9.1418424789e+02   9.9809737491e-02   0.0000000000e+00   5.7163150422e-01   0.0000000000e+00   0.0000000000e+00   3.2855875829e-01
   9.1418424789e+02   9.9809737491e-02   0.0000000000e+00   5.7163150422e-01   0.0000000000e+00   0.0000000000e+00   3.2855875829e-01
   9.1418424789e+02   9.9809737491e-02   0.0000000000e+00   5.7163150422e-01   0.0000000000e+00   0.0000000000e+00   3.2855875829e-01
   9.1025235113e+02   9.7977475840e-02   0.0000000000e+00   5.7949529774e-01   0.0000000000e+00   0.0000000000e+00   3.2252722641e-01
   9.1025235113e+02   9.7977475840e-02   0.0000000000e+00   5.7949529774e-01   0.0000000000e+00   0.0000000000e+00   3.2252722641e-01
   9.1025235113e+02   9.7977475840e-02   0.0000000000e+00   5.7949529774e-01   0.0000000000e+00   0.0000000000e+00   3.2252722641e-01
   9.1025235113e+02   9.7977475840e-02   0.0000000000e+00   5.7949529774e-01   0.0000000000e+00   0.0000000000e+00   3.2252722641e-01
   9.1025235113e+02   9.7977475840e-02   0.0000000000e+00   5.7949529774e-01   0.0000000000e+00   0.0000000000e+00   3.2252722641e-01
   9.1025235113e+02   9.7977475840e-02   0.0000000000e+00   5.7949529774e-01   0.0000000000e+00   0.0000000000e+00   3.2252722641e-01
   9.1025235113e+02   9.7977475840e-02   0.0000000000e+00   5.7949529774e-01   0.0000000000e+00   0.0000000000e+00   3.2252722641e-01
   9.1025235113e+02   9.7977475840e-02   0.0000000000e+00   5.7949529774e-01   0.0000000000e+00   0.0000000000e+00   3.2252722641e-01
   9.8093570471e+02   1.3091587834e-01   0.0000000000e+00   4.3812859058e-01   0.0000000000e+00   0.0000000000e+00   4.3095553108e-01
   9.8093570471e+02   1.3091587834e-01   0.0000000000e+00   4.3812859058e-01   0.0000000000e+00   0.0000000000e+00   4.3095553108e-01
   9.8093570471e+02   1.3091587834e-01   0.0000000000e+00   4.3812859058e-01   0.0000000000e+00   0.0000000000e+00   4.3095553108e-01
   9.8093570471e+02   1.3091587834e-01   0.0000000000e+00   4.3812859058e-01   0.0000000000e+00   0.0000000000e+00   4.3095553108e-01
   9.8093570471e+02   1.3091587834e-01   0.0000000000e+00   4.3812859058e-01   0.0000000000e+00   0.0000000000e+00   4.3095553108e-01
   9.8093570471e+02   1.3091587834e-01   0.0000000000e+00   4.3812859058e-01   0.0000000000e+00   0.0000000000e+00   4.3095553108e-01
   9.8093570471e+02   1.3091587834e-01   0.0000000000e+00   4.3812859058e-01   0.0000000000e+00   0.0000000000e+00   4.3095553108e-01
   9.8093570471e+02   1.3091587834e-01   0.0000000000e+00   4.3812859058e-01   0.0000000000e+00   0.0000000000e+00   4.3095553108e-01
   9.6567441225e+02   1.2380412475e-01   0.0000000000e+00   4.6865117550e-01   0.0000000000e+00   0.0000000000e+00   4.0754469975e-01
   9.6567441225e+02   1.2380412475e-01   0.0000000000e+00   4.6865117550e-01   0.0000000000e+00   0.0000000000e+00   4.0754469975e-01
   9.6567441225e+02   1.2380412475e-01   0.0000000000e+00   4.6865117550e-01   0.0000000000e+00   0.0000000000e+00   4.0754469975e-01
   9.6567441225e+02   1.2380412475e-01   0.0000000000e+00   4.6865117550e-01   0.0000000000e+00   0.0000000000e+00   4.0754469975e-01
   9.6567441225e+02   1.2380412475e-01   0.0000000000e+00   4.6865117550e-01   0.0000000000e+00   0.0000000000e+00   4.0754469975e-01
   9.6567441225e+02   1.2380412475e-01   0.0000000000e+00   4.6865117550e-01   0.0000000000e+00   0.0000000000e+00   4.0754469975e-01
   9.6567441225e+02   1.2380412475e-01   0.0000000000e+00   4.6865117550e-01   0.0000000000e+00   0.0000000000e+00   4.0754469975e-01
   9.6567441225e+02   1.2380412475e-01   0.0000000000e+00   4.6865117550e-01   0.0000000000e+00   0.0000000000e+00   4.0754469975e-01
   9.2215364873e+02   1.0352347374e-01   0.0000000000e+00   5.5569270253e-01   0.0000000000e+00   0.0000000000e+00   3.4078382372e-01
   9.2215364873e+02   1.0352347374e-01   0.0000000000e+00   5.5569270253e-01   0.0000000000e+00   0.0000000000e+00   3.4078382372e-01
   9.2215364873e+02   1.0352347374e-01   0.0000000000e+00   5.5569270253e-01   0.0000000000e+00   0.0000000000e+00   3.4078382372e-01
   9.2215364873e+02   1.0352347374e-01   0.0000000000e+00   5.5569270253e-01   0.0000000000e+00   0.0000000000e+00   3.4078382372e-01
   9.2215364873e+02   1.0352347374e-01   0.0000000000e+00   5.5569270253e-01   0.0000000000e+00   0.0000000000e+00   3.4078382372e-01
   9.2215364873e+02   1.0352347374e-01   0.0000000000e+00   5.5569270253e-01   0.0000000000e+00   0.0000000000e+00   3.4078382372e-01
   9.2215364873e+02   1.0352347374e-01   0.0000000000e+00   5.5569270253e-01   0.0000000000e+00   0.0000000000e+00   3.4078382372e-01
   9.2215364873e+02   1.0352347374e-01   0.0000000000e+00   5.5569270253e-01   0.0000000000e+00   0.0000000000e+00   3.4078382372e-01
   9.2215364873e+02   1.0352347374e-01   0.0000000000e+00   5.5569270253e-01   0.0000000000e+00   0.0000000000e+00   3.4078382372e-01
   9.2215364873e+02   1.0352347374e-01   0.0000000000e+00   5.5569270253e-01   0.0000000000e+00   0.0000000000e+00   3.4078382372e-01
   9.2215364873e+02   1.0352347374e-01   0.0000000000e+00   5.5569270253e-01   0.0000000000e+00   0.0000000000e+00   3.4078382372e-01
   9.2215364873e+02   1.0352347374e-01   0.0000000000e+00   5.5569270253e-01   0.0000000000e+00   0.0000000000e+00   3.4078382372e-01
   9.2215364873e+02   1.0352347374e-01   0.0000000000e+00   5.5569270253e-01   0.0000000000e+00   0.0000000000e+00   3.4078382372e-01
   9.2215364873e+02   1.0352347374e-01   0.0000000000e+00   5.5569270253e-01   0.0000000000e+00   0.0000000000e+00   3.4078382372e-01
   9.2215364873e+02   1.0352347374e-01   0.0000000000e+00   5.5569270253e-01   0.0000000000e+00   0.0000000000e+00   3.4078382372e-01
   9.2215364873e+02   1.0352347374e-01   0.0000000000e+00   5.5569270253e-01   0.0000000000e+00   0.0000000000e+00   3.4078382372e-01
   9.7323477902e+02   1.2732725135e-01   0.0000000000e+00   4.5353044197e-01   0.0000000000e+00   0.0000000000e+00   4.1914230668e-01
   9.7323477902e+02   1.2732725135e-01   0.0000000000e+00   4.5353044197e-01   0.0000000000e+00   0.0000000000e+00   4.1914230668e-01
   9.2837376036e+02   1.0642204222e-01   0.0000000000e+00   5.4325247929e-01   0.0000000000e+00   0.0000000000e+00   3.5032547850e-01
   9.2837376036e+02   1.0642204222e-01   0.0000000000e+00   5.4325247929e-01   0.0000000000e+00   0.0000000000e+00   3.5032547850e-01
   9.5080426969e+02   1.1687464679e-01   0.0000000000e+00   4.9839146063e-01   0.0000000000e+00   0.0000000000e+00   3.8473389259e-01
   9.5080426969e+02   1.1687464679e-01   0.0000000000e+00   4.9839146063e-01   0.0000000000e+00   0.0000000000e+00   3.8473389259e-01
   9.5080426969e+02   1.1687464679e-01   0.0000000000e+00   4.9839146063e-01   0.0000000000e+00   0.0000000000e+00   3.8473389259e-01
   9.5080426969e+02   1.1687464679e-01   0.0000000000e+00   4.9839146063e-01   0.0000000000e+00   0.0000000000e+00   3.8473389259e-01
   9.7323477902e+02   1.2732725135e-01   0.0000000000e+00   4.5353044197e-01   0.0000000000e+00   0.0000000000e+00   4.1914230668e-01
   9.7323477902e+02   1.2732725135e-01   0.0000000000e+00   4.5353044197e-01   0.0000000000e+00   0.0000000000e+00   4.1914230668e-01
   9.2837376036e+02   1.0642204222e-01   0.0000000000e+00   5.4325247929e-01   0.0000000000e+00   0.0000000000e+00   3.5032547850e-01
   9.2837376036e+02   1.0642204222e-01   0.0000000000e+00   5.4325247929e-01   0.0000000000e+00   0.0000000000e+00   3.5032547850e-01
   9.5080426969e+02   1.1687464679e-01   0.0000000000e+00   4.9839146063e-01   0.0000000000e+00   0.0000000000e+00   3.8473389259e-01
   9.5080426969e+02   1.1687464679e-01   0.0000000000e+00   4.9839146063e-01   0.0000000000e+00   0.0000000000e+00   3.8473389259e-01
   9.5080426969e+02   1.1687464679e-01   0.0000000000e+00   4.9839146063e-01   0.0000000000e+00   0.0000000000e+00   3.8473389259e-01
   9.5080426969e+02   1.1687464679e-01   0.0000000000e+00   4.9839146063e-01   0.0000000000e+00   0.0000000000e+00   3.8473389259e-01
   9.3078305088e+02   1.0754477023e-01   0.0000000000e+00   5.3843389824e-01   0.0000000000e+00   0.0000000000e+00   3.5402133153e-01
   9.3078305088e+02   1.0754477023e-01   0.0000000000e+00   5.3843389824e-01   0.0000000000e+00   0.0000000000e+00   3.5402133153e-01
   9.5282727741e+02   1.1781736723e-01   0.0000000000e+00   4.9434544519e-01   0.0000000000e+00   0.0000000000e+00   3.8783718758e-01
   9.5282727741e+02   1.1781736723e-01   0.0000000000e+00   4.9434544519e-01   0.0000000000e+00   0.0000000000e+00   3.8783718758e-01
   9.4180516414e+02   1.1268106873e-01   0.0000000000e+00   5.1638967171e-01   0.0000000000e+00   0.0000000000e+00   3.7092925956e-01
   9.4180516414e+02   1.1268106873e-01   0.0000000000e+00   5.1638967171e-01   0.0000000000e+00   0.0000000000e+00   3.7092925956e-01
   9.4180516414e+02   1.1268106873e-01   0.0000000000e+00   5.1638967171e-01   0.0000000000e+00   0.0000000000e+00   3.7092925956e-01
   9.4180516414e+02   1.1268106873e-01   0.0000000000e+00   5.1638967171e-01   0.0000000000e+00   0.0000000000e+00   3.7092925956e-01
   9.4180516414e+02   1.1268106873e-01   0.0000000000e+00   5.1638967171e-01   0.0000000000e+00   0.0000000000e+00   3.7092925956e-01
   9.4180516414e+02   1.1268106873e-01   0.0000000000e+00   5.1638967171e-01   0.0000000000e+00   0.0000000000e+00   3.7092925956e-01
   9.4180516414e+02   1.1268106873e-01   0.0000000000e+00   5.1638967171e-01   0.0000000000e+00   0.0000000000e+00   3.7092925956e-01
   9.4180516414e+02   1.1268106873e-01   0.0000000000e+00   5.1638967171e-01   0.0000000000e+00   0.0000000000e+00   3.7092925956e-01
   9.4180516414e+02   1.1268106873e-01   0.0000000000e+00   5.1638967171e-01   0.0000000000e+00   0.0000000000e+00   3.7092925956e-01
   9.4180516414e+02   1.1268106873e-01   0.0000000000e+00   5.1638967171e-01   0.0000000000e+00   0.0000000000e+00   3.7092925956e-01
   9.4180516414e+02   1.1268106873e-01   0.0000000000e+00   5.1638967171e-01   0.0000000000e+00   0.0000000000e+00   3.7092925956e-01
   9.4180516414e+02   1.1268106873e-01   0.0000000000e+00   5.1638967171e-01   0.0000000000e+00   0.0000000000e+00   3.7092925956e-01
   9.7304482460e+02   1.2723873270e-01   0.0000000000e+00   4.5391035080e-01   0.0000000000e+00   0.0000000000e+00   4.1885091650e-01
   9.7304482460e+02   1.2723873270e-01   0.0000000000e+00   4.5391035080e-01   0.0000000000e+00   0.0000000000e+00   4.1885091650e-01
   9.7304482460e+02   1.2723873270e-01   0.0000000000e+00   4.5391035080e-01   0.0000000000e+00   0.0000000000e+00   4.1885091650e-01
   9.7304482460e+02   1.2723873270e-01   0.0000000000e+00   4.5391035080e-01   0.0000000000e+00   0.0000000000e+00   4.1885091650e-01
   9.6769471169e+02   1.2474558313e-01   0.0000000000e+00   4.6461057663e-01   0.0000000000e+00   0.0000000000e+00   4.1064384024e-01
   9.6769471169e+02   1.2474558313e-01   0.0000000000e+00   4.6461057663e-01   0.0000000000e+00   0.0000000000e+00   4.1064384024e-01
   9.5570774078e+02   1.1915966152e-01   0.0000000000e+00   4.8858451843e-01   0.0000000000e+00   0.0000000000e+00   3.9225582004e-01
   9.5570774078e+02   1.1915966152e-01   0.0000000000e+00   4.8858451843e-01   0.0000000000e+00   0.0000000000e+00   3.9225582004e-01
   9.7320566773e+02   1.2731368551e-01   0.0000000000e+00   4.5358866453e-01   0.0000000000e+00   0.0000000000e+00   4.1909764995e-01
   9.7320566773e+02   1.2731368551e-01   0.0000000000e+00   4.5358866453e-01   0.0000000000e+00   0.0000000000e+00   4.1909764995e-01
   9.6154038310e+02   1.2187766952e-01   0.0000000000e+00   4.7691923380e-01   0.0000000000e+00   0.0000000000e+00   4.0120309668e-01
   9.6154038310e+02   1.2187766952e-01   0.0000000000e+00   4.7691923380e-01   0.0000000000e+00   0.0000000000e+00   4.0120309668e-01
   9.6154038310e+02   1.2187766952e-01   0.0000000000e+00   4.7691923380e-01   0.0000000000e+00   0.0000000000e+00   4.0120309668e-01
   9.6154038310e+02   1.2187766952e-01   0.0000000000e+00   4.7691923380e-01   0.0000000000e+00   0.0000000000e+00   4.0120309668e-01
   9.7320566773e+02   1.2731368551e-01   0.0000000000e+00   4.5358866453e-01   0.0000000000e+00   0.0000000000e+00   4.1909764995e-01
   9.7320566773e+02   1.2731368551e-01   0.0000000000e+00   4.5358866453e-01   0.0000000000e+00   0.0000000000e+00   4.1909764995e-01
   9.7301624417e+02   1.2722541424e-01   0.0000000000e+00   4.5396751165e-01   0.0000000000e+00   0.0000000000e+00   4.1880707410e-01
   9.7301624417e+02   1.2722541424e-01   0.0000000000e+00   4.5396751165e-01   0.0000000000e+00   0.0000000000e+00   4.1880707410e-01
   9.7301624417e+02   1.2722541424e-01   0.0000000000e+00   4.5396751165e-01   0.0000000000e+00   0.0000000000e+00   4.1880707410e-01
   9.7301624417e+02   1.2722541424e-01   0.0000000000e+00   4.5396751165e-01   0.0000000000e+00   0.0000000000e+00   4.1880707410e-01
   9.6097211242e+02   1.2161285571e-01   0.0000000000e+00   4.7805577517e-01   0.0000000000e+00   0.0000000000e+00   4.0033136913e-01
   9.6097211242e+02   1.2161285571e-01   0.0000000000e+00   4.7805577517e-01   0.0000000000e+00   0.0000000000e+00   4.0033136913e-01
   9.6097211242e+02   1.2161285571e-01   0.0000000000e+00   4.7805577517e-01   0.0000000000e+00   0.0000000000e+00   4.0033136913e-01
   9.6097211242e+02   1.2161285571e-01   0.0000000000e+00   4.7805577517e-01   0.0000000000e+00   0.0000000000e+00   4.0033136913e-01
   9.5500720739e+02   1.1883321336e-01   0.0000000000e+00   4.8998558521e-01   0.0000000000e+00   0.0000000000e+00   3.9118120142e-01
   9.5500720739e+02   1.1883321336e-01   0.0000000000e+00   4.8998558521e-01   0.0000000000e+00   0.0000000000e+00   3.9118120142e-01
   9.5500720739e+02   1.1883321336e-01   0.0000000000e+00   4.8998558521e-01   0.0000000000e+00   0.0000000000e+00   3.9118120142e-01
   9.5500720739e+02   1.1883321336e-01   0.0000000000e+00   4.8998558521e-01   0.0000000000e+00   0.0000000000e+00   3.9118120142e-01
   9.4933540821e+02   1.1619015817e-01   0.0000000000e+00   5.0132918358e-01   0.0000000000e+00   0.0000000000e+00   3.8248065825e-01
   9.4933540821e+02   1.1619015817e-01   0.0000000000e+00   5.0132918358e-01   0.0000000000e+00   0.0000000000e+00   3.8248065825e-01
   9.6067900658e+02   1.2147626855e-01   0.0000000000e+00   4.7864198685e-01   0.0000000000e+00   0.0000000000e+00   3.9988174460e-01
   9.6067900658e+02   1.2147626855e-01   0.0000000000e+00   4.7864198685e-01   0.0000000000e+00   0.0000000000e+00   3.9988174460e-01
   8.9133877754e+02   8.9163761325e-02   0.0000000000e+00   6.1732244492e-01   0.0000000000e+00   0.0000000000e+00   2.9351379376e-01
   8.9133877754e+02   8.9163761325e-02   0.0000000000e+00   6.1732244492e-01   0.0000000000e+00   0.0000000000e+00   2.9351379376e-01
   8.9133877754e+02   8.9163761325e-02   0.0000000000e+00   6.1732244492e-01   0.0000000000e+00   0.0000000000e+00   2.9351379376e-01
   8.9133877754e+02   8.9163761325e-02   0.0000000000e+00   6.1732244492e-01   0.0000000000e+00   0.0000000000e+00   2.9351379376e-01
   8.8729186058e+02   8.7277900327e-02   0.0000000000e+00   6.2541627884e-01   0.0000000000e+00   0.0000000000e+00   2.8730582083e-01
   8.8729186058e+02   8.7277900327e-02   0.0000000000e+00   6.2541627884e-01   0.0000000000e+00   0.0000000000e+00   2.8730582083e-01
   8.8729186058e+02   8.7277900327e-02   0.0000000000e+00   6.2541627884e-01   0.0000000000e+00   0.0000000000e+00   2.8730582083e-01
   8.8729186058e+02   8.7277900327e-02   0.0000000000e+00   6.2541627884e-01   0.0000000000e+00   0.0000000000e+00   2.8730582083e-01
   8.9133877754e+02   8.9163761325e-02   0.0000000000e+00   6.1732244492e-01   0.0000000000e+00   0.0000000000e+00   2.9351379376e-01
   8.9133877754e+02   8.9163761325e-02   0.0000000000e+00   6.1732244492e-01   0.0000000000e+00   0.0000000000e+00   2.9351379376e-01
   8.9133877754e+02   8.9163761325e-02   0.0000000000e+00   6.1732244492e-01   0.0000000000e+00   0.0000000000e+00   2.9351379376e-01
   8.9133877754e+02   8.9163761325e-02   0.0000000000e+00   6.1732244492e-01   0.0000000000e+00   0.0000000000e+00   2.9351379376e-01
   8.8729186058e+02   8.7277900327e-02   0.0000000000e+00   6.2541627884e-01   0.0000000000e+00   0.0000000000e+00   2.8730582083e-01
   8.8729186058e+02   8.7277900327e-02   0.0000000000e+00   6.2541627884e-01   0.0000000000e+00   0.0000000000e+00   2.8730582083e-01
   8.8729186058e+02   8.7277900327e-02   0.0000000000e+00   6.2541627884e-01   0.0000000000e+00   0.0000000000e+00   2.8730582083e-01
   8.8729186058e+02   8.7277900327e-02   0.0000000000e+00   6.2541627884e-01   0.0000000000e+00   0.0000000000e+00   2.8730582083e-01
   1.1209804535e+03   1.9617665149e-01   0.0000000000e+00   1.5803909302e-01   0.0000000000e+00   0.0000000000e+00   6.4578425550e-01
   1.1209804535e+03   1.9617665149e-01   0.0000000000e+00   1.5803909302e-01   0.0000000000e+00   0.0000000000e+00   6.4578425550e-01
   1.1209804535e+03   1.9617665149e-01   0.0000000000e+00   1.5803909302e-01   0.0000000000e+00   0.0000000000e+00   6.4578425550e-01
   1.1209804535e+03   1.9617665149e-01   0.0000000000e+00   1.5803909302e-01   0.0000000000e+00   0.0000000000e+00   6.4578425550e-01
   1.1209804535e+03   1.9617665149e-01   0.0000000000e+00   1.5803909302e-01   0.0000000000e+00   0.0000000000e+00   6.4578425550e-01
   1.1209804535e+03   1.9617665149e-01   0.0000000000e+00   1.5803909302e-01   0.0000000000e+00   0.0000000000e+00   6.4578425550e-01
   1.1209804535e+03   1.9617665149e-01   0.0000000000e+00   1.5803909302e-01   0.0000000000e+00   0.0000000000e+00   6.4578425550e-01
   1.1209804535e+03   1.9617665149e-01   0.0000000000e+00   1.5803909302e-01   0.0000000000e+00   0.0000000000e+00   6.4578425550e-01
   9.8489685059e+02   1.3276177006e-01   0.0000000000e+00   4.3020629883e-01   0.0000000000e+00   0.0000000000e+00   4.3703193111e-01
   9.8489685059e+02   1.3276177006e-01   0.0000000000e+00   4.3020629883e-01   0.0000000000e+00   0.0000000000e+00   4.3703193111e-01
   9.8489685059e+02   1.3276177006e-01   0.0000000000e+00   4.3020629883e-01   0.0000000000e+00   0.0000000000e+00   4.3703193111e-01
   9.8489685059e+02   1.3276177006e-01   0.0000000000e+00   4.3020629883e-01   0.0000000000e+00   0.0000000000e+00   4.3703193111e-01
   9.8489685059e+02   1.3276177006e-01   0.0000000000e+00   4.3020629883e-01   0.0000000000e+00   0.0000000000e+00   4.3703193111e-01
   9.8489685059e+02   1.3276177006e-01   0.0000000000e+00   4.3020629883e-01   0.0000000000e+00   0.0000000000e+00   4.3703193111e-01
   9.8489685059e+02   1.3276177006e-01   0.0000000000e+00   4.3020629883e-01   0.0000000000e+00   0.0000000000e+00   4.3703193111e-01
   9.8489685059e+02   1.3276177006e-01   0.0000000000e+00   4.3020629883e-01   0.0000000000e+00   0.0000000000e+00   4.3703193111e-01
   1.0278746605e+03   1.5278940499e-01   0.0000000000e+00   3.4425067902e-01   0.0000000000e+00   0.0000000000e+00   5.0295991599e-01
   1.0278746605e+03   1.5278940499e-01   0.0000000000e+00   3.4425067902e-01   0.0000000000e+00   0.0000000000e+00   5.0295991599e-01
   9.8822708130e+02   1.3431365568e-01   0.0000000000e+00   4.2354583740e-01   0.0000000000e+00   0.0000000000e+00   4.4214050692e-01
   9.8822708130e+02   1.3431365568e-01   0.0000000000e+00   4.2354583740e-01   0.0000000000e+00   0.0000000000e+00   4.4214050692e-01
   1.0278746605e+03   1.5278940499e-01   0.0000000000e+00   3.4425067902e-01   0.0000000000e+00   0.0000000000e+00   5.0295991599e-01
   1.0278746605e+03   1.5278940499e-01   0.0000000000e+00   3.4425067902e-01   0.0000000000e+00   0.0000000000e+00   5.0295991599e-01
   9.8822708130e+02   1.3431365568e-01   0.0000000000e+00   4.2354583740e-01   0.0000000000e+00   0.0000000000e+00   4.4214050692e-01
   9.8822708130e+02   1.3431365568e-01   0.0000000000e+00   4.2354583740e-01   0.0000000000e+00   0.0000000000e+00   4.4214050692e-01
   1.0927192688e+03   1.8300695552e-01   0.0000000000e+00   2.1456146240e-01   0.0000000000e+00   0.0000000000e+00   6.0243158208e-01
   1.0927192688e+03   1.8300695552e-01   0.0000000000e+00   2.1456146240e-01   0.0000000000e+00   0.0000000000e+00   6.0243158208e-01
   1.0927192688e+03   1.8300695552e-01   0.0000000000e+00   2.1456146240e-01   0.0000000000e+00   0.0000000000e+00   6.0243158208e-01
   1.0927192688e+03   1.8300695552e-01   0.0000000000e+00   2.1456146240e-01   0.0000000000e+00   0.0000000000e+00   6.0243158208e-01
   9.2338247299e+02   1.0409610515e-01   0.0000000000e+00   5.5323505402e-01   0.0000000000e+00   0.0000000000e+00   3.4266884084e-01
   9.2338247299e+02   1.0409610515e-01   0.0000000000e+00   5.5323505402e-01   0.0000000000e+00   0.0000000000e+00   3.4266884084e-01
   9.2338247299e+02   1.0409610515e-01   0.0000000000e+00   5.5323505402e-01   0.0000000000e+00   0.0000000000e+00   3.4266884084e-01
   9.2338247299e+02   1.0409610515e-01   0.0000000000e+00   5.5323505402e-01   0.0000000000e+00   0.0000000000e+00   3.4266884084e-01
   9.6571667194e+02   1.2382381774e-01   0.0000000000e+00   4.6856665611e-01   0.0000000000e+00   0.0000000000e+00   4.0760952615e-01
   9.6571667194e+02   1.2382381774e-01   0.0000000000e+00   4.6856665611e-01   0.0000000000e+00   0.0000000000e+00   4.0760952615e-01
   9.6571667194e+02   1.2382381774e-01   0.0000000000e+00   4.6856665611e-01   0.0000000000e+00   0.0000000000e+00   4.0760952615e-01
   9.6571667194e+02   1.2382381774e-01   0.0000000000e+00   4.6856665611e-01   0.0000000000e+00   0.0000000000e+00   4.0760952615e-01
   1.0080508709e+03   1.4355153033e-01   0.0000000000e+00   3.8389825821e-01   0.0000000000e+00   0.0000000000e+00   4.7255021146e-01
   1.0080508709e+03   1.4355153033e-01   0.0000000000e+00   3.8389825821e-01   0.0000000000e+00   0.0000000000e+00   4.7255021146e-01
   1.0927192688e+03   1.8300695552e-01   0.0000000000e+00   2.1456146240e-01   0.0000000000e+00   0.0000000000e+00   6.0243158208e-01
   1.0927192688e+03   1.8300695552e-01   0.0000000000e+00   2.1456146240e-01   0.0000000000e+00   0.0000000000e+00   6.0243158208e-01
   1.0278746605e+03   1.5278940499e-01   0.0000000000e+00   3.4425067902e-01   0.0000000000e+00   0.0000000000e+00   5.0295991599e-01
   1.0278746605e+03   1.5278940499e-01   0.0000000000e+00   3.4425067902e-01   0.0000000000e+00   0.0000000000e+00   5.0295991599e-01
   1.0278746605e+03   1.5278940499e-01   0.0000000000e+00   3.4425067902e-01   0.0000000000e+00   0.0000000000e+00   5.0295991599e-01
   1.0278746605e+03   1.5278940499e-01   0.0000000000e+00   3.4425067902e-01   0.0000000000e+00   0.0000000000e+00   5.0295991599e-01
   8.8373489380e+02   8.5620355833e-02   0.0000000000e+00   6.3253021240e-01   0.0000000000e+00   0.0000000000e+00   2.8184943176e-01
   8.8373489380e+02   8.5620355833e-02   0.0000000000e+00   6.3253021240e-01   0.0000000000e+00   0.0000000000e+00   2.8184943176e-01
   1.0927192688e+03   1.8300695552e-01   0.0000000000e+00   2.1456146240e-01   0.0000000000e+00   0.0000000000e+00   6.0243158208e-01
   1.0927192688e+03   1.8300695552e-01   0.0000000000e+00   2.1456146240e-01   0.0000000000e+00   0.0000000000e+00   6.0243158208e-01