# time = 89.4948
# Grid Poins = 256    variable_0    variable_1    variable_2    variable_3    variable_4    variable_5    variable_6
   9.4999997474e+02   1.1649984580e-01   0.0000000000e+00   5.0000005052e-01   0.0000000000e+00   0.0000000000e+00   3.8350010368e-01
   9.4999997474e+02   1.1649984580e-01   0.0000000000e+00   5.0000005052e-01   0.0000000000e+00   0.0000000000e+00   3.8350010368e-01
   9.4999997474e+02   1.1649984580e-01   0.0000000000e+00   5.0000005052e-01   0.0000000000e+00   0.0000000000e+00   3.8350010368e-01
   9.4999997474e+02   1.1649984580e-01   0.0000000000e+00   5.0000005052e-01   0.0000000000e+00   0.0000000000e+00   3.8350010368e-01
   9.5000014638e+02   1.1649992578e-01   0.0000000000e+00   4.9999970723e-01   0.0000000000e+00   0.0000000000e+00   3.8350036698e-01
   9.5000014638e+02   1.1649992578e-01   0.0000000000e+00   4.9999970723e-01   0.0000000000e+00   0.0000000000e+00   3.8350036698e-01
   9.5000014638e+02   1.1649992578e-01   0.0000000000e+00   4.9999970723e-01   0.0000000000e+00   0.0000000000e+00   3.8350036698e-01
   9.5000014638e+02   1.1649992578e-01   0.0000000000e+00   4.9999970723e-01   0.0000000000e+00   0.0000000000e+00   3.8350036698e-01
   9.5000014681e+02   1.1649992598e-01   0.0000000000e+00   4.9999970638e-01   0.0000000000e+00   0.0000000000e+00   3.8350036764e-01
   9.5000014681e+02   1.1649992598e-01   0.0000000000e+00   4.9999970638e-01   0.0000000000e+00   0.0000000000e+00   3.8350036764e-01
   9.5000007920e+02   1.1649989448e-01   0.0000000000e+00   4.9999984159e-01   0.0000000000e+00   0.0000000000e+00   3.8350026393e-01
   9.5000007920e+02   1.1649989448e-01   0.0000000000e+00   4.9999984159e-01   0.0000000000e+00   0.0000000000e+00   3.8350026393e-01
   9.5000011287e+02   1.1649991017e-01   0.0000000000e+00   4.9999977427e-01   0.0000000000e+00   0.0000000000e+00   3.8350031557e-01
   9.5000011287e+02   1.1649991017e-01   0.0000000000e+00   4.9999977427e-01   0.0000000000e+00   0.0000000000e+00   3.8350031557e-01
   9.5000011287e+02   1.1649991017e-01   0.0000000000e+00   4.9999977427e-01   0.0000000000e+00   0.0000000000e+00   3.8350031557e-01
   9.5000011287e+02   1.1649991017e-01   0.0000000000e+00   4.9999977427e-01   0.0000000000e+00   0.0000000000e+00   3.8350031557e-01
   9.4999992778e+02   1.1649982391e-01   0.0000000000e+00   5.0000014445e-01   0.0000000000e+00   0.0000000000e+00   3.8350003164e-01
   9.4999992778e+02   1.1649982391e-01   0.0000000000e+00   5.0000014445e-01   0.0000000000e+00   0.0000000000e+00   3.8350003164e-01
   9.4999996436e+02   1.1649984096e-01   0.0000000000e+00   5.0000007127e-01   0.0000000000e+00   0.0000000000e+00   3.8350008776e-01
   9.4999996436e+02   1.1649984096e-01   0.0000000000e+00   5.0000007127e-01   0.0000000000e+00   0.0000000000e+00   3.8350008776e-01
   9.4999986505e+02   1.1649979468e-01   0.0000000000e+00   5.0000026989e-01   0.0000000000e+00   0.0000000000e+00   3.8349993542e-01
   9.4999986505e+02   1.1649979468e-01   0.0000000000e+00   5.0000026989e-01   0.0000000000e+00   0.0000000000e+00   3.8349993542e-01
   9.4999996436e+02   1.1649984096e-01   0.0000000000e+00   5.0000007127e-01   0.0000000000e+00   0.0000000000e+00   3.8350008776e-01
   9.4999996436e+02   1.1649984096e-01   0.0000000000e+00   5.0000007127e-01   0.0000000000e+00   0.0000000000e+00   3.8350008776e-01
   9.4999999050e+02   1.1649985314e-01   0.0000000000e+00   5.0000001900e-01   0.0000000000e+00   0.0000000000e+00   3.8350012786e-01
   9.4999999050e+02   1.1649985314e-01   0.0000000000e+00   5.0000001900e-01   0.0000000000e+00   0.0000000000e+00   3.8350012786e-01
   9.4999992778e+02   1.1649982391e-01   0.0000000000e+00   5.0000014445e-01   0.0000000000e+00   0.0000000000e+00   3.8350003164e-01
   9.4999992778e+02   1.1649982391e-01   0.0000000000e+00   5.0000014445e-01   0.0000000000e+00   0.0000000000e+00   3.8350003164e-01
   9.4999997480e+02   1.1649984583e-01   0.0000000000e+00   5.0000005040e-01   0.0000000000e+00   0.0000000000e+00   3.8350010377e-01
   9.4999997480e+02   1.1649984583e-01   0.0000000000e+00   5.0000005040e-01   0.0000000000e+00   0.0000000000e+00   3.8350010377e-01
   9.4999997480e+02   1.1649984583e-01   0.0000000000e+00   5.0000005040e-01   0.0000000000e+00   0.0000000000e+00   3.8350010377e-01
   9.4999997480e+02   1.1649984583e-01   0.0000000000e+00   5.0000005040e-01   0.0000000000e+00   0.0000000000e+00   3.8350010377e-01
   9.5000004089e+02   1.1649987663e-01   0.0000000000e+00   4.9999991821e-01   0.0000000000e+00   0.0000000000e+00   3.8350020516e-01
   9.5000004089e+02   1.1649987663e-01   0.0000000000e+00   4.9999991821e-01   0.0000000000e+00   0.0000000000e+00   3.8350020516e-01
   9.5000004089e+02   1.1649987663e-01   0.0000000000e+00   4.9999991821e-01   0.0000000000e+00   0.0000000000e+00   3.8350020516e-01
   9.5000004089e+02   1.1649987663e-01   0.0000000000e+00   4.9999991821e-01   0.0000000000e+00   0.0000000000e+00   3.8350020516e-01
   9.5000003916e+02   1.1649987582e-01   0.0000000000e+00   4.9999992168e-01   0.0000000000e+00   0.0000000000e+00   3.8350020250e-01
   9.5000003916e+02   1.1649987582e-01   0.0000000000e+00   4.9999992168e-01   0.0000000000e+00   0.0000000000e+00   3.8350020250e-01
   9.5000014709e+02   1.1649992612e-01   0.0000000000e+00   4.9999970581e-01   0.0000000000e+00   0.0000000000e+00   3.8350036807e-01
   9.5000014709e+02   1.1649992612e-01   0.0000000000e+00   4.9999970581e-01   0.0000000000e+00   0.0000000000e+00   3.8350036807e-01
   9.5000009298e+02   1.1649990090e-01   0.0000000000e+00   4.9999981403e-01   0.0000000000e+00   0.0000000000e+00   3.8350028507e-01
   9.5000009298e+02   1.1649990090e-01   0.0000000000e+00   4.9999981403e-01   0.0000000000e+00   0.0000000000e+00   3.8350028507e-01
   9.5000009298e+02   1.1649990090e-01   0.0000000000e+00   4.9999981403e-01   0.0000000000e+00   0.0000000000e+00   3.8350028507e-01
   9.5000009298e+02   1.1649990090e-01   0.0000000000e+00   4.9999981403e-01   0.0000000000e+00   0.0000000000e+00   3.8350028507e-01
   9.5000004104e+02   1.1649987669e-01   0.0000000000e+00   4.9999991793e-01   0.0000000000e+00   0.0000000000e+00   3.8350020538e-01
   9.5000004104e+02   1.1649987669e-01   0.0000000000e+00   4.9999991793e-01   0.0000000000e+00   0.0000000000e+00   3.8350020538e-01
   9.5000004104e+02   1.1649987669e-01   0.0000000000e+00   4.9999991793e-01   0.0000000000e+00   0.0000000000e+00   3.8350020538e-01
   9.5000004104e+02   1.1649987669e-01   0.0000000000e+00   4.9999991793e-01   0.0000000000e+00   0.0000000000e+00   3.8350020538e-01
   9.5000014069e+02   1.1649992313e-01   0.0000000000e+00   4.9999971862e-01   0.0000000000e+00   0.0000000000e+00   3.8350035825e-01
   9.5000014069e+02   1.1649992313e-01   0.0000000000e+00   4.9999971862e-01   0.0000000000e+00   0.0000000000e+00   3.8350035825e-01
   9.5000014069e+02   1.1649992313e-01   0.0000000000e+00   4.9999971862e-01   0.0000000000e+00   0.0000000000e+00   3.8350035825e-01
   9.5000014069e+02   1.1649992313e-01   0.0000000000e+00   4.9999971862e-01   0.0000000000e+00   0.0000000000e+00   3.8350035825e-01
   9.5000003231e+02   1.1649987262e-01   0.0000000000e+00   4.9999993539e-01   0.0000000000e+00   0.0000000000e+00   3.8350019199e-01
   9.5000003231e+02   1.1649987262e-01   0.0000000000e+00   4.9999993539e-01   0.0000000000e+00   0.0000000000e+00   3.8350019199e-01
   9.5000003231e+02   1.1649987262e-01   0.0000000000e+00   4.9999993539e-01   0.0000000000e+00   0.0000000000e+00   3.8350019199e-01
   9.5000003231e+02   1.1649987262e-01   0.0000000000e+00   4.9999993539e-01   0.0000000000e+00   0.0000000000e+00   3.8350019199e-01
   9.5000003231e+02   1.1649987262e-01   0.0000000000e+00   4.9999993539e-01   0.0000000000e+00   0.0000000000e+00   3.8350019199e-01
   9.5000003231e+02   1.1649987262e-01   0.0000000000e+00   4.9999993539e-01   0.0000000000e+00   0.0000000000e+00   3.8350019199e-01
   9.5000014208e+02   1.1649992378e-01   0.0000000000e+00   4.9999971584e-01   0.0000000000e+00   0.0000000000e+00   3.8350036038e-01
   9.5000014208e+02   1.1649992378e-01   0.0000000000e+00   4.9999971584e-01   0.0000000000e+00   0.0000000000e+00   3.8350036038e-01
   9.5000003231e+02   1.1649987262e-01   0.0000000000e+00   4.9999993539e-01   0.0000000000e+00   0.0000000000e+00   3.8350019199e-01
   9.5000003231e+02   1.1649987262e-01   0.0000000000e+00   4.9999993539e-01   0.0000000000e+00   0.0000000000e+00   3.8350019199e-01
   9.5000014208e+02   1.1649992378e-01   0.0000000000e+00   4.9999971584e-01   0.0000000000e+00   0.0000000000e+00   3.8350036038e-01
   9.5000014208e+02   1.1649992378e-01   0.0000000000e+00   4.9999971584e-01   0.0000000000e+00   0.0000000000e+00   3.8350036038e-01
   9.4999994643e+02   1.1649983261e-01   0.0000000000e+00   5.0000010713e-01   0.0000000000e+00   0.0000000000e+00   3.8350006026e-01
   9.4999994643e+02   1.1649983261e-01   0.0000000000e+00   5.0000010713e-01   0.0000000000e+00   0.0000000000e+00   3.8350006026e-01
   9.4999995856e+02   1.1649983826e-01   0.0000000000e+00   5.0000008288e-01   0.0000000000e+00   0.0000000000e+00   3.8350007886e-01
   9.4999995856e+02   1.1649983826e-01   0.0000000000e+00   5.0000008288e-01   0.0000000000e+00   0.0000000000e+00   3.8350007886e-01
   9.4999995755e+02   1.1649983779e-01   0.0000000000e+00   5.0000008490e-01   0.0000000000e+00   0.0000000000e+00   3.8350007731e-01
   9.4999995755e+02   1.1649983779e-01   0.0000000000e+00   5.0000008490e-01   0.0000000000e+00   0.0000000000e+00   3.8350007731e-01
   9.4999995755e+02   1.1649983779e-01   0.0000000000e+00   5.0000008490e-01   0.0000000000e+00   0.0000000000e+00   3.8350007731e-01
   9.4999995755e+02   1.1649983779e-01   0.0000000000e+00   5.0000008490e-01   0.0000000000e+00   0.0000000000e+00   3.8350007731e-01
   9.4999994846e+02   1.1649983355e-01   0.0000000000e+00   5.0000010309e-01   0.0000000000e+00   0.0000000000e+00   3.8350006336e-01
   9.4999994846e+02   1.1649983355e-01   0.0000000000e+00   5.0000010309e-01   0.0000000000e+00   0.0000000000e+00   3.8350006336e-01
   9.4999996763e+02   1.1649984249e-01   0.0000000000e+00   5.0000006474e-01   0.0000000000e+00   0.0000000000e+00   3.8350009278e-01
   9.4999996763e+02   1.1649984249e-01   0.0000000000e+00   5.0000006474e-01   0.0000000000e+00   0.0000000000e+00   3.8350009278e-01
   9.4999996763e+02   1.1649984249e-01   0.0000000000e+00   5.0000006474e-01   0.0000000000e+00   0.0000000000e+00   3.8350009278e-01
   9.4999996763e+02   1.1649984249e-01   0.0000000000e+00   5.0000006474e-01   0.0000000000e+00   0.0000000000e+00   3.8350009278e-01
   9.4999995856e+02   1.1649983826e-01   0.0000000000e+00   5.0000008288e-01   0.0000000000e+00   0.0000000000e+00   3.8350007886e-01
   9.4999995856e+02   1.1649983826e-01   0.0000000000e+00   5.0000008288e-01   0.0000000000e+00   0.0000000000e+00   3.8350007886e-01
   9.4999993590e+02   1.1649982770e-01   0.0000000000e+00   5.0000012821e-01   0.0000000000e+00   0.0000000000e+00   3.8350004409e-01
   9.4999993590e+02   1.1649982770e-01   0.0000000000e+00   5.0000012821e-01   0.0000000000e+00   0.0000000000e+00   3.8350004409e-01
   9.4999994643e+02   1.1649983261e-01   0.0000000000e+00   5.0000010713e-01   0.0000000000e+00   0.0000000000e+00   3.8350006026e-01
   9.4999994643e+02   1.1649983261e-01   0.0000000000e+00   5.0000010713e-01   0.0000000000e+00   0.0000000000e+00   3.8350006026e-01
   9.4999992637e+02   1.1649982326e-01   0.0000000000e+00   5.0000014726e-01   0.0000000000e+00   0.0000000000e+00   3.8350002948e-01
   9.4999992637e+02   1.1649982326e-01   0.0000000000e+00   5.0000014726e-01   0.0000000000e+00   0.0000000000e+00   3.8350002948e-01
   9.4999993590e+02   1.1649982770e-01   0.0000000000e+00   5.0000012821e-01   0.0000000000e+00   0.0000000000e+00   3.8350004409e-01
   9.4999993590e+02   1.1649982770e-01   0.0000000000e+00   5.0000012821e-01   0.0000000000e+00   0.0000000000e+00   3.8350004409e-01
   9.4999992637e+02   1.1649982326e-01   0.0000000000e+00   5.0000014726e-01   0.0000000000e+00   0.0000000000e+00   3.8350002948e-01
   9.4999992637e+02   1.1649982326e-01   0.0000000000e+00   5.0000014726e-01   0.0000000000e+00   0.0000000000e+00   3.8350002948e-01
   9.4999994492e+02   1.1649983190e-01   0.0000000000e+00   5.0000011017e-01   0.0000000000e+00   0.0000000000e+00   3.8350005793e-01
   9.4999994492e+02   1.1649983190e-01   0.0000000000e+00   5.0000011017e-01   0.0000000000e+00   0.0000000000e+00   3.8350005793e-01
   9.4999992637e+02   1.1649982326e-01   0.0000000000e+00   5.0000014726e-01   0.0000000000e+00   0.0000000000e+00   3.8350002948e-01
   9.4999992637e+02   1.1649982326e-01   0.0000000000e+00   5.0000014726e-01   0.0000000000e+00   0.0000000000e+00   3.8350002948e-01
   9.4999994492e+02   1.1649983190e-01   0.0000000000e+00   5.0000011017e-01   0.0000000000e+00   0.0000000000e+00   3.8350005793e-01
   9.4999994492e+02   1.1649983190e-01   0.0000000000e+00   5.0000011017e-01   0.0000000000e+00   0.0000000000e+00   3.8350005793e-01
   9.4999992093e+02   1.1649982072e-01   0.0000000000e+00   5.0000015815e-01   0.0000000000e+00   0.0000000000e+00   3.8350002113e-01
   9.4999992093e+02   1.1649982072e-01   0.0000000000e+00   5.0000015815e-01   0.0000000000e+00   0.0000000000e+00   3.8350002113e-01
   9.4999991883e+02   1.1649981974e-01   0.0000000000e+00   5.0000016234e-01   0.0000000000e+00   0.0000000000e+00   3.8350001791e-01
   9.4999991883e+02   1.1649981974e-01   0.0000000000e+00   5.0000016234e-01   0.0000000000e+00   0.0000000000e+00   3.8350001791e-01
   9.4999991883e+02   1.1649981974e-01   0.0000000000e+00   5.0000016234e-01   0.0000000000e+00   0.0000000000e+00   3.8350001791e-01
   9.4999991883e+02   1.1649981974e-01   0.0000000000e+00   5.0000016234e-01   0.0000000000e+00   0.0000000000e+00   3.8350001791e-01
   9.4999992093e+02   1.1649982072e-01   0.0000000000e+00   5.0000015815e-01   0.0000000000e+00   0.0000000000e+00   3.8350002113e-01
   9.4999992093e+02   1.1649982072e-01   0.0000000000e+00   5.0000015815e-01   0.0000000000e+00   0.0000000000e+00   3.8350002113e-01
   9.4999997821e+02   1.1649984742e-01   0.0000000000e+00   5.0000004357e-01   0.0000000000e+00   0.0000000000e+00   3.8350010901e-01
   9.4999997821e+02   1.1649984742e-01   0.0000000000e+00   5.0000004357e-01   0.0000000000e+00   0.0000000000e+00   3.8350010901e-01
   9.4999997843e+02   1.1649984752e-01   0.0000000000e+00   5.0000004314e-01   0.0000000000e+00   0.0000000000e+00   3.8350010934e-01
   9.4999997843e+02   1.1649984752e-01   0.0000000000e+00   5.0000004314e-01   0.0000000000e+00   0.0000000000e+00   3.8350010934e-01
   9.4999997886e+02   1.1649984772e-01   0.0000000000e+00   5.0000004229e-01   0.0000000000e+00   0.0000000000e+00   3.8350010999e-01
   9.4999997886e+02   1.1649984772e-01   0.0000000000e+00   5.0000004229e-01   0.0000000000e+00   0.0000000000e+00   3.8350010999e-01
   9.4999997821e+02   1.1649984742e-01   0.0000000000e+00   5.0000004357e-01   0.0000000000e+00   0.0000000000e+00   3.8350010901e-01
   9.4999997821e+02   1.1649984742e-01   0.0000000000e+00   5.0000004357e-01   0.0000000000e+00   0.0000000000e+00   3.8350010901e-01
   9.4999997826e+02   1.1649984744e-01   0.0000000000e+00   5.0000004349e-01   0.0000000000e+00   0.0000000000e+00   3.8350010908e-01
   9.4999997826e+02   1.1649984744e-01   0.0000000000e+00   5.0000004349e-01   0.0000000000e+00   0.0000000000e+00   3.8350010908e-01
   9.4999997826e+02   1.1649984744e-01   0.0000000000e+00   5.0000004349e-01   0.0000000000e+00   0.0000000000e+00   3.8350010908e-01
   9.4999997826e+02   1.1649984744e-01   0.0000000000e+00   5.0000004349e-01   0.0000000000e+00   0.0000000000e+00   3.8350010908e-01
   9.4999991883e+02   1.1649981974e-01   0.0000000000e+00   5.0000016234e-01   0.0000000000e+00   0.0000000000e+00   3.8350001791e-01
   9.4999991883e+02   1.1649981974e-01   0.0000000000e+00   5.0000016234e-01   0.0000000000e+00   0.0000000000e+00   3.8350001791e-01
   9.4999991883e+02   1.1649981974e-01   0.0000000000e+00   5.0000016234e-01   0.0000000000e+00   0.0000000000e+00   3.8350001791e-01
   9.4999991883e+02   1.1649981974e-01   0.0000000000e+00   5.0000016234e-01   0.0000000000e+00   0.0000000000e+00   3.8350001791e-01
   9.4999997826e+02   1.1649984744e-01   0.0000000000e+00   5.0000004349e-01   0.0000000000e+00   0.0000000000e+00   3.8350010908e-01
   9.4999997826e+02   1.1649984744e-01   0.0000000000e+00   5.0000004349e-01   0.0000000000e+00   0.0000000000e+00   3.8350010908e-01
   9.4999997826e+02   1.1649984744e-01   0.0000000000e+00   5.0000004349e-01   0.0000000000e+00   0.0000000000e+00   3.8350010908e-01
   9.4999997826e+02   1.1649984744e-01   0.0000000000e+00   5.0000004349e-01   0.0000000000e+00   0.0000000000e+00   3.8350010908e-01
   9.4999991953e+02   1.1649982007e-01   0.0000000000e+00   5.0000016094e-01   0.0000000000e+00   0.0000000000e+00   3.8350001899e-01
   9.4999991953e+02   1.1649982007e-01   0.0000000000e+00   5.0000016094e-01   0.0000000000e+00   0.0000000000e+00   3.8350001899e-01
   9.4999991953e+02   1.1649982007e-01   0.0000000000e+00   5.0000016094e-01   0.0000000000e+00   0.0000000000e+00   3.8350001899e-01
   9.4999991953e+02   1.1649982007e-01   0.0000000000e+00   5.0000016094e-01   0.0000000000e+00   0.0000000000e+00   3.8350001899e-01
   9.4999997766e+02   1.1649984716e-01   0.0000000000e+00   5.0000004468e-01   0.0000000000e+00   0.0000000000e+00   3.8350010816e-01
   9.4999997766e+02   1.1649984716e-01   0.0000000000e+00   5.0000004468e-01   0.0000000000e+00   0.0000000000e+00   3.8350010816e-01
   9.4999999725e+02   1.1649985629e-01   0.0000000000e+00   5.0000000549e-01   0.0000000000e+00   0.0000000000e+00   3.8350013822e-01
   9.4999999725e+02   1.1649985629e-01   0.0000000000e+00   5.0000000549e-01   0.0000000000e+00   0.0000000000e+00   3.8350013822e-01
   9.4999998746e+02   1.1649985172e-01   0.0000000000e+00   5.0000002509e-01   0.0000000000e+00   0.0000000000e+00   3.8350012319e-01
   9.4999998746e+02   1.1649985172e-01   0.0000000000e+00   5.0000002509e-01   0.0000000000e+00   0.0000000000e+00   3.8350012319e-01
   9.4999998746e+02   1.1649985172e-01   0.0000000000e+00   5.0000002509e-01   0.0000000000e+00   0.0000000000e+00   3.8350012319e-01
   9.4999998746e+02   1.1649985172e-01   0.0000000000e+00   5.0000002509e-01   0.0000000000e+00   0.0000000000e+00   3.8350012319e-01
   9.4999998623e+02   1.1649985115e-01   0.0000000000e+00   5.0000002754e-01   0.0000000000e+00   0.0000000000e+00   3.8350012131e-01
   9.4999998623e+02   1.1649985115e-01   0.0000000000e+00   5.0000002754e-01   0.0000000000e+00   0.0000000000e+00   3.8350012131e-01
   9.4999998623e+02   1.1649985115e-01   0.0000000000e+00   5.0000002754e-01   0.0000000000e+00   0.0000000000e+00   3.8350012131e-01
   9.4999998623e+02   1.1649985115e-01   0.0000000000e+00   5.0000002754e-01   0.0000000000e+00   0.0000000000e+00   3.8350012131e-01
   9.4999999235e+02   1.1649985401e-01   0.0000000000e+00   5.0000001529e-01   0.0000000000e+00   0.0000000000e+00   3.8350013070e-01
   9.4999999235e+02   1.1649985401e-01   0.0000000000e+00   5.0000001529e-01   0.0000000000e+00   0.0000000000e+00   3.8350013070e-01
   9.4999998501e+02   1.1649985058e-01   0.0000000000e+00   5.0000002999e-01   0.0000000000e+00   0.0000000000e+00   3.8350011943e-01
   9.4999998501e+02   1.1649985058e-01   0.0000000000e+00   5.0000002999e-01   0.0000000000e+00   0.0000000000e+00   3.8350011943e-01
   9.4999998399e+02   1.1649985011e-01   0.0000000000e+00   5.0000003202e-01   0.0000000000e+00   0.0000000000e+00   3.8350011787e-01
   9.4999998399e+02   1.1649985011e-01   0.0000000000e+00   5.0000003202e-01   0.0000000000e+00   0.0000000000e+00   3.8350011787e-01
   9.4999998399e+02   1.1649985011e-01   0.0000000000e+00   5.0000003202e-01   0.0000000000e+00   0.0000000000e+00   3.8350011787e-01
   9.4999998399e+02   1.1649985011e-01   0.0000000000e+00   5.0000003202e-01   0.0000000000e+00   0.0000000000e+00   3.8350011787e-01
   9.4999998399e+02   1.1649985011e-01   0.0000000000e+00   5.0000003202e-01   0.0000000000e+00   0.0000000000e+00   3.8350011787e-01
   9.4999998399e+02   1.1649985011e-01   0.0000000000e+00   5.0000003202e-01   0.0000000000e+00   0.0000000000e+00   3.8350011787e-01
   9.4999998399e+02   1.1649985011e-01   0.0000000000e+00   5.0000003202e-01   0.0000000000e+00   0.0000000000e+00   3.8350011787e-01
   9.4999998399e+02   1.1649985011e-01   0.0000000000e+00   5.0000003202e-01   0.0000000000e+00   0.0000000000e+00   3.8350011787e-01
   9.4999994057e+02   1.1649982987e-01   0.0000000000e+00   5.0000011887e-01   0.0000000000e+00   0.0000000000e+00   3.8350005126e-01
   9.4999994057e+02   1.1649982987e-01   0.0000000000e+00   5.0000011887e-01   0.0000000000e+00   0.0000000000e+00   3.8350005126e-01
   9.4999994057e+02   1.1649982987e-01   0.0000000000e+00   5.0000011887e-01   0.0000000000e+00   0.0000000000e+00   3.8350005126e-01
   9.4999994057e+02   1.1649982987e-01   0.0000000000e+00   5.0000011887e-01   0.0000000000e+00   0.0000000000e+00   3.8350005126e-01
   9.4999992730e+02   1.1649982369e-01   0.0000000000e+00   5.0000014539e-01   0.0000000000e+00   0.0000000000e+00   3.8350003091e-01
   9.4999992730e+02   1.1649982369e-01   0.0000000000e+00   5.0000014539e-01   0.0000000000e+00   0.0000000000e+00   3.8350003091e-01
   9.4999992730e+02   1.1649982369e-01   0.0000000000e+00   5.0000014539e-01   0.0000000000e+00   0.0000000000e+00   3.8350003091e-01
   9.4999992730e+02   1.1649982369e-01   0.0000000000e+00   5.0000014539e-01   0.0000000000e+00   0.0000000000e+00   3.8350003091e-01
   9.4999992329e+02   1.1649982182e-01   0.0000000000e+00   5.0000015342e-01   0.0000000000e+00   0.0000000000e+00   3.8350002475e-01
   9.4999992329e+02   1.1649982182e-01   0.0000000000e+00   5.0000015342e-01   0.0000000000e+00   0.0000000000e+00   3.8350002475e-01
   9.4999992329e+02   1.1649982182e-01   0.0000000000e+00   5.0000015342e-01   0.0000000000e+00   0.0000000000e+00   3.8350002475e-01
   9.4999992329e+02   1.1649982182e-01   0.0000000000e+00   5.0000015342e-01   0.0000000000e+00   0.0000000000e+00   3.8350002475e-01
   9.4999993063e+02   1.1649982524e-01   0.0000000000e+00   5.0000013874e-01   0.0000000000e+00   0.0000000000e+00   3.8350003602e-01
   9.4999993063e+02   1.1649982524e-01   0.0000000000e+00   5.0000013874e-01   0.0000000000e+00   0.0000000000e+00   3.8350003602e-01
   9.4999993063e+02   1.1649982524e-01   0.0000000000e+00   5.0000013874e-01   0.0000000000e+00   0.0000000000e+00   3.8350003602e-01
   9.4999993063e+02   1.1649982524e-01   0.0000000000e+00   5.0000013874e-01   0.0000000000e+00   0.0000000000e+00   3.8350003602e-01
   9.4999991518e+02   1.1649981804e-01   0.0000000000e+00   5.0000016964e-01   0.0000000000e+00   0.0000000000e+00   3.8350001231e-01
   9.4999991518e+02   1.1649981804e-01   0.0000000000e+00   5.0000016964e-01   0.0000000000e+00   0.0000000000e+00   3.8350001231e-01
   9.4999991518e+02   1.1649981804e-01   0.0000000000e+00   5.0000016964e-01   0.0000000000e+00   0.0000000000e+00   3.8350001231e-01
   9.4999991518e+02   1.1649981804e-01   0.0000000000e+00   5.0000016964e-01   0.0000000000e+00   0.0000000000e+00   3.8350001231e-01
   9.4999992092e+02   1.1649982072e-01   0.0000000000e+00   5.0000015816e-01   0.0000000000e+00   0.0000000000e+00   3.8350002112e-01
   9.4999992092e+02   1.1649982072e-01   0.0000000000e+00   5.0000015816e-01   0.0000000000e+00   0.0000000000e+00   3.8350002112e-01
   9.4999992092e+02   1.1649982072e-01   0.0000000000e+00   5.0000015816e-01   0.0000000000e+00   0.0000000000e+00   3.8350002112e-01
   9.4999992092e+02   1.1649982072e-01   0.0000000000e+00   5.0000015816e-01   0.0000000000e+00   0.0000000000e+00   3.8350002112e-01
   9.4999991518e+02   1.1649981804e-01   0.0000000000e+00   5.0000016964e-01   0.0000000000e+00   0.0000000000e+00   3.8350001231e-01
   9.4999991518e+02   1.1649981804e-01   0.0000000000e+00   5.0000016964e-01   0.0000000000e+00   0.0000000000e+00   3.8350001231e-01
   9.4999991518e+02   1.1649981804e-01   0.0000000000e+00   5.0000016964e-01   0.0000000000e+00   0.0000000000e+00   3.8350001231e-01
   9.4999991518e+02   1.1649981804e-01   0.0000000000e+00   5.0000016964e-01   0.0000000000e+00   0.0000000000e+00   3.8350001231e-01
   9.4999991244e+02   1.1649981677e-01   0.0000000000e+00   5.0000017512e-01   0.0000000000e+00   0.0000000000e+00   3.8350000812e-01
   9.4999991244e+02   1.1649981677e-01   0.0000000000e+00   5.0000017512e-01   0.0000000000e+00   0.0000000000e+00   3.8350000812e-01
   9.4999991244e+02   1.1649981677e-01   0.0000000000e+00   5.0000017512e-01   0.0000000000e+00   0.0000000000e+00   3.8350000812e-01
   9.4999991244e+02   1.1649981677e-01   0.0000000000e+00   5.0000017512e-01   0.0000000000e+00   0.0000000000e+00   3.8350000812e-01
   9.4999991244e+02   1.1649981677e-01   0.0000000000e+00   5.0000017512e-01   0.0000000000e+00   0.0000000000e+00   3.8350000812e-01
   9.4999991244e+02   1.1649981677e-01   0.0000000000e+00   5.0000017512e-01   0.0000000000e+00   0.0000000000e+00   3.8350000812e-01
   9.4999991244e+02   1.1649981677e-01   0.0000000000e+00   5.0000017512e-01   0.0000000000e+00   0.0000000000e+00   3.8350000812e-01
   9.4999991244e+02   1.1649981677e-01   0.0000000000e+00   5.0000017512e-01   0.0000000000e+00   0.0000000000e+00   3.8350000812e-01
   9.4999991237e+02   1.1649981673e-01   0.0000000000e+00   5.0000017526e-01   0.0000000000e+00   0.0000000000e+00   3.8350000800e-01
   9.4999991237e+02   1.1649981673e-01   0.0000000000e+00   5.0000017526e-01   0.0000000000e+00   0.0000000000e+00   3.8350000800e-01
   9.4999991237e+02   1.1649981673e-01   0.0000000000e+00   5.0000017526e-01   0.0000000000e+00   0.0000000000e+00   3.8350000800e-01
   9.4999991237e+02   1.1649981673e-01   0.0000000000e+00   5.0000017526e-01   0.0000000000e+00   0.0000000000e+00   3.8350000800e-01
   9.4999997981e+02   1.1649984816e-01   0.0000000000e+00   5.0000004039e-01   0.0000000000e+00   0.0000000000e+00   3.8350011145e-01
   9.4999997981e+02   1.1649984816e-01   0.0000000000e+00   5.0000004039e-01   0.0000000000e+00   0.0000000000e+00   3.8350011145e-01
   9.4999997981e+02   1.1649984816e-01   0.0000000000e+00   5.0000004039e-01   0.0000000000e+00   0.0000000000e+00   3.8350011145e-01
   9.4999997981e+02   1.1649984816e-01   0.0000000000e+00   5.0000004039e-01   0.0000000000e+00   0.0000000000e+00   3.8350011145e-01
   9.4999997766e+02   1.1649984716e-01   0.0000000000e+00   5.0000004468e-01   0.0000000000e+00   0.0000000000e+00   3.8350010816e-01
   9.4999997766e+02   1.1649984716e-01   0.0000000000e+00   5.0000004468e-01   0.0000000000e+00   0.0000000000e+00   3.8350010816e-01
   9.4999997766e+02   1.1649984716e-01   0.0000000000e+00   5.0000004468e-01   0.0000000000e+00   0.0000000000e+00   3.8350010816e-01
   9.4999997766e+02   1.1649984716e-01   0.0000000000e+00   5.0000004468e-01   0.0000000000e+00   0.0000000000e+00   3.8350010816e-01
   9.4999996721e+02   1.1649984229e-01   0.0000000000e+00   5.0000006559e-01   0.0000000000e+00   0.0000000000e+00   3.8350009212e-01
   9.4999996721e+02   1.1649984229e-01   0.0000000000e+00   5.0000006559e-01   0.0000000000e+00   0.0000000000e+00   3.8350009212e-01
   9.4999996721e+02   1.1649984229e-01   0.0000000000e+00   5.0000006559e-01   0.0000000000e+00   0.0000000000e+00   3.8350009212e-01
   9.4999996721e+02   1.1649984229e-01   0.0000000000e+00   5.0000006559e-01   0.0000000000e+00   0.0000000000e+00   3.8350009212e-01
   9.4999995460e+02   1.1649983642e-01   0.0000000000e+00   5.0000009079e-01   0.0000000000e+00   0.0000000000e+00   3.8350007279e-01
   9.4999995460e+02   1.1649983642e-01   0.0000000000e+00   5.0000009079e-01   0.0000000000e+00   0.0000000000e+00   3.8350007279e-01
   9.4999997981e+02   1.1649984816e-01   0.0000000000e+00   5.0000004039e-01   0.0000000000e+00   0.0000000000e+00   3.8350011145e-01
   9.4999997981e+02   1.1649984816e-01   0.0000000000e+00   5.0000004039e-01   0.0000000000e+00   0.0000000000e+00   3.8350011145e-01
   9.4999997766e+02   1.1649984716e-01   0.0000000000e+00   5.0000004468e-01   0.0000000000e+00   0.0000000000e+00   3.8350010816e-01
   9.4999997766e+02   1.1649984716e-01   0.0000000000e+00   5.0000004468e-01   0.0000000000e+00   0.0000000000e+00   3.8350010816e-01
   9.4999997766e+02   1.1649984716e-01   0.0000000000e+00   5.0000004468e-01   0.0000000000e+00   0.0000000000e+00   3.8350010816e-01
   9.4999997766e+02   1.1649984716e-01   0.0000000000e+00   5.0000004468e-01   0.0000000000e+00   0.0000000000e+00   3.8350010816e-01
   9.4999997766e+02   1.1649984716e-01   0.0000000000e+00   5.0000004468e-01   0.0000000000e+00   0.0000000000e+00   3.8350010816e-01
   9.4999997766e+02   1.1649984716e-01   0.0000000000e+00   5.0000004468e-01   0.0000000000e+00   0.0000000000e+00   3.8350010816e-01
   9.4999997766e+02   1.1649984716e-01   0.0000000000e+00   5.0000004468e-01   0.0000000000e+00   0.0000000000e+00   3.8350010816e-01
   9.4999997766e+02   1.1649984716e-01   0.0000000000e+00   5.0000004468e-01   0.0000000000e+00   0.0000000000e+00   3.8350010816e-01
   9.4999996828e+02   1.1649984279e-01   0.0000000000e+00   5.0000006344e-01   0.0000000000e+00   0.0000000000e+00   3.8350009377e-01
   9.4999996828e+02   1.1649984279e-01   0.0000000000e+00   5.0000006344e-01   0.0000000000e+00   0.0000000000e+00   3.8350009377e-01
   9.4999996828e+02   1.1649984279e-01   0.0000000000e+00   5.0000006344e-01   0.0000000000e+00   0.0000000000e+00   3.8350009377e-01
   9.4999996828e+02   1.1649984279e-01   0.0000000000e+00   5.0000006344e-01   0.0000000000e+00   0.0000000000e+00   3.8350009377e-01
   9.4999996828e+02   1.1649984279e-01   0.0000000000e+00   5.0000006344e-01   0.0000000000e+00   0.0000000000e+00   3.8350009377e-01
   9.4999996828e+02   1.1649984279e-01   0.0000000000e+00   5.0000006344e-01   0.0000000000e+00   0.0000000000e+00   3.8350009377e-01
   9.4999996828e+02   1.1649984279e-01   0.0000000000e+00   5.0000006344e-01   0.0000000000e+00   0.0000000000e+00   3.8350009377e-01
   9.4999996828e+02   1.1649984279e-01   0.0000000000e+00   5.0000006344e-01   0.0000000000e+00   0.0000000000e+00   3.8350009377e-01
   9.5000014212e+02   1.1649992380e-01   0.0000000000e+00   4.9999971577e-01   0.0000000000e+00   0.0000000000e+00   3.8350036044e-01
   9.5000014212e+02   1.1649992380e-01   0.0000000000e+00   4.9999971577e-01   0.0000000000e+00   0.0000000000e+00   3.8350036044e-01
   9.5000014212e+02   1.1649992380e-01   0.0000000000e+00   4.9999971577e-01   0.0000000000e+00   0.0000000000e+00   3.8350036044e-01
   9.5000014212e+02   1.1649992380e-01   0.0000000000e+00   4.9999971577e-01   0.0000000000e+00   0.0000000000e+00   3.8350036044e-01
   9.5000014212e+02   1.1649992380e-01   0.0000000000e+00   4.9999971577e-01   0.0000000000e+00   0.0000000000e+00   3.8350036044e-01
   9.5000014212e+02   1.1649992380e-01   0.0000000000e+00   4.9999971577e-01   0.0000000000e+00   0.0000000000e+00   3.8350036044e-01
   9.5000014212e+02   1.1649992380e-01   0.0000000000e+00   4.9999971577e-01   0.0000000000e+00   0.0000000000e+00   3.8350036044e-01
   9.5000014212e+02   1.1649992380e-01   0.0000000000e+00   4.9999971577e-01   0.0000000000e+00   0.0000000000e+00   3.8350036044e-01
   9.5000014689e+02   1.1649992602e-01   0.0000000000e+00   4.9999970621e-01   0.0000000000e+00   0.0000000000e+00   3.8350036777e-01
   9.5000014689e+02   1.1649992602e-01   0.0000000000e+00   4.9999970621e-01   0.0000000000e+00   0.0000000000e+00   3.8350036777e-01
   9.5000014689e+02   1.1649992602e-01   0.0000000000e+00   4.9999970621e-01   0.0000000000e+00   0.0000000000e+00   3.8350036777e-01
   9.5000014689e+02   1.1649992602e-01   0.0000000000e+00   4.9999970621e-01   0.0000000000e+00   0.0000000000e+00   3.8350036777e-01
   9.5000014689e+02   1.1649992602e-01   0.0000000000e+00   4.9999970621e-01   0.0000000000e+00   0.0000000000e+00   3.8350036777e-01
   9.5000014689e+02   1.1649992602e-01   0.0000000000e+00   4.9999970621e-01   0.0000000000e+00   0.0000000000e+00   3.8350036777e-01
   9.5000014689e+02   1.1649992602e-01   0.0000000000e+00   4.9999970621e-01   0.0000000000e+00   0.0000000000e+00   3.8350036777e-01
   9.5000014689e+02   1.1649992602e-01   0.0000000000e+00   4.9999970621e-01   0.0000000000e+00   0.0000000000e+00   3.8350036777e-01
   9.5000014647e+02   1.1649992582e-01   0.0000000000e+00   4.9999970706e-01   0.0000000000e+00   0.0000000000e+00   3.8350036711e-01
   9.5000014647e+02   1.1649992582e-01   0.0000000000e+00   4.9999970706e-01   0.0000000000e+00   0.0000000000e+00   3.8350036711e-01
   9.5000014647e+02   1.1649992582e-01   0.0000000000e+00   4.9999970706e-01   0.0000000000e+00   0.0000000000e+00   3.8350036711e-01
   9.5000014647e+02   1.1649992582e-01   0.0000000000e+00   4.9999970706e-01   0.0000000000e+00   0.0000000000e+00   3.8350036711e-01
   9.5000014647e+02   1.1649992582e-01   0.0000000000e+00   4.9999970706e-01   0.0000000000e+00   0.0000000000e+00   3.8350036711e-01
   9.5000014647e+02   1.1649992582e-01   0.0000000000e+00   4.9999970706e-01   0.0000000000e+00   0.0000000000e+00   3.8350036711e-01
   9.5000014647e+02   1.1649992582e-01   0.0000000000e+00   4.9999970706e-01   0.0000000000e+00   0.0000000000e+00   3.8350036711e-01
   9.5000014647e+02   1.1649992582e-01   0.0000000000e+00   4.9999970706e-01   0.0000000000e+00   0.0000000000e+00   3.8350036711e-01
   9.5000014639e+02   1.1649992579e-01   0.0000000000e+00   4.9999970722e-01   0.0000000000e+00   0.0000000000e+00   3.8350036699e-01
   9.5000014639e+02   1.1649992579e-01   0.0000000000e+00   4.9999970722e-01   0.0000000000e+00   0.0000000000e+00   3.8350036699e-01
   9.5000014740e+02   1.1649992626e-01   0.0000000000e+00   4.9999970520e-01   0.0000000000e+00   0.0000000000e+00   3.8350036854e-01
   9.5000014740e+02   1.1649992626e-01   0.0000000000e+00   4.9999970520e-01   0.0000000000e+00   0.0000000000e+00   3.8350036854e-01
   9.5000014639e+02   1.1649992579e-01   0.0000000000e+00   4.9999970722e-01   0.0000000000e+00   0.0000000000e+00   3.8350036699e-01
   9.5000014639e+02   1.1649992579e-01   0.0000000000e+00   4.9999970722e-01   0.0000000000e+00   0.0000000000e+00   3.8350036699e-01
   9.5000014740e+02   1.1649992626e-01   0.0000000000e+00   4.9999970520e-01   0.0000000000e+00   0.0000000000e+00   3.8350036854e-01
   9.5000014740e+02   1.1649992626e-01   0.0000000000e+00   4.9999970520e-01   0.0000000000e+00   0.0000000000e+00   3.8350036854e-01