# time = 71.8385
# Grid Poins = 256    variable_0    variable_1    variable_2    variable_3    variable_4    variable_5    variable_6
   9.4999894184e+02   1.1649936447e-01   0.0000000000e+00   5.0000211632e-01   0.0000000000e+00   0.0000000000e+00   3.8349851921e-01
   9.4999894184e+02   1.1649936447e-01   0.0000000000e+00   5.0000211632e-01   0.0000000000e+00   0.0000000000e+00   3.8349851921e-01
   9.4999894184e+02   1.1649936447e-01   0.0000000000e+00   5.0000211632e-01   0.0000000000e+00   0.0000000000e+00   3.8349851921e-01
   9.4999894184e+02   1.1649936447e-01   0.0000000000e+00   5.0000211632e-01   0.0000000000e+00   0.0000000000e+00   3.8349851921e-01
   9.4999886721e+02   1.1649932969e-01   0.0000000000e+00   5.0000226558e-01   0.0000000000e+00   0.0000000000e+00   3.8349840473e-01
   9.4999886721e+02   1.1649932969e-01   0.0000000000e+00   5.0000226558e-01   0.0000000000e+00   0.0000000000e+00   3.8349840473e-01
   9.4999886721e+02   1.1649932969e-01   0.0000000000e+00   5.0000226558e-01   0.0000000000e+00   0.0000000000e+00   3.8349840473e-01
   9.4999886721e+02   1.1649932969e-01   0.0000000000e+00   5.0000226558e-01   0.0000000000e+00   0.0000000000e+00   3.8349840473e-01
   9.4999894184e+02   1.1649936447e-01   0.0000000000e+00   5.0000211632e-01   0.0000000000e+00   0.0000000000e+00   3.8349851921e-01
   9.4999894184e+02   1.1649936447e-01   0.0000000000e+00   5.0000211632e-01   0.0000000000e+00   0.0000000000e+00   3.8349851921e-01
   9.4999894184e+02   1.1649936447e-01   0.0000000000e+00   5.0000211632e-01   0.0000000000e+00   0.0000000000e+00   3.8349851921e-01
   9.4999894184e+02   1.1649936447e-01   0.0000000000e+00   5.0000211632e-01   0.0000000000e+00   0.0000000000e+00   3.8349851921e-01
   9.4999865933e+02   1.1649923282e-01   0.0000000000e+00   5.0000268134e-01   0.0000000000e+00   0.0000000000e+00   3.8349808584e-01
   9.4999865933e+02   1.1649923282e-01   0.0000000000e+00   5.0000268134e-01   0.0000000000e+00   0.0000000000e+00   3.8349808584e-01
   9.4999865933e+02   1.1649923282e-01   0.0000000000e+00   5.0000268134e-01   0.0000000000e+00   0.0000000000e+00   3.8349808584e-01
   9.4999865933e+02   1.1649923282e-01   0.0000000000e+00   5.0000268134e-01   0.0000000000e+00   0.0000000000e+00   3.8349808584e-01
   9.4999973519e+02   1.1649973417e-01   0.0000000000e+00   5.0000052963e-01   0.0000000000e+00   0.0000000000e+00   3.8349973621e-01
   9.4999973519e+02   1.1649973417e-01   0.0000000000e+00   5.0000052963e-01   0.0000000000e+00   0.0000000000e+00   3.8349973621e-01
   9.4999973519e+02   1.1649973417e-01   0.0000000000e+00   5.0000052963e-01   0.0000000000e+00   0.0000000000e+00   3.8349973621e-01
   9.4999973519e+02   1.1649973417e-01   0.0000000000e+00   5.0000052963e-01   0.0000000000e+00   0.0000000000e+00   3.8349973621e-01
   9.4999973519e+02   1.1649973417e-01   0.0000000000e+00   5.0000052963e-01   0.0000000000e+00   0.0000000000e+00   3.8349973621e-01
   9.4999973519e+02   1.1649973417e-01   0.0000000000e+00   5.0000052963e-01   0.0000000000e+00   0.0000000000e+00   3.8349973621e-01
   9.4999973519e+02   1.1649973417e-01   0.0000000000e+00   5.0000052963e-01   0.0000000000e+00   0.0000000000e+00   3.8349973621e-01
   9.4999973519e+02   1.1649973417e-01   0.0000000000e+00   5.0000052963e-01   0.0000000000e+00   0.0000000000e+00   3.8349973621e-01
   9.4999977792e+02   1.1649975408e-01   0.0000000000e+00   5.0000044415e-01   0.0000000000e+00   0.0000000000e+00   3.8349980177e-01
   9.4999977792e+02   1.1649975408e-01   0.0000000000e+00   5.0000044415e-01   0.0000000000e+00   0.0000000000e+00   3.8349980177e-01
   9.4999977792e+02   1.1649975408e-01   0.0000000000e+00   5.0000044415e-01   0.0000000000e+00   0.0000000000e+00   3.8349980177e-01
   9.4999977792e+02   1.1649975408e-01   0.0000000000e+00   5.0000044415e-01   0.0000000000e+00   0.0000000000e+00   3.8349980177e-01
   9.4999971991e+02   1.1649972705e-01   0.0000000000e+00   5.0000056019e-01   0.0000000000e+00   0.0000000000e+00   3.8349971277e-01
   9.4999971991e+02   1.1649972705e-01   0.0000000000e+00   5.0000056019e-01   0.0000000000e+00   0.0000000000e+00   3.8349971277e-01
   9.4999971991e+02   1.1649972705e-01   0.0000000000e+00   5.0000056019e-01   0.0000000000e+00   0.0000000000e+00   3.8349971277e-01
   9.4999971991e+02   1.1649972705e-01   0.0000000000e+00   5.0000056019e-01   0.0000000000e+00   0.0000000000e+00   3.8349971277e-01
   9.4999975081e+02   1.1649974145e-01   0.0000000000e+00   5.0000049838e-01   0.0000000000e+00   0.0000000000e+00   3.8349976018e-01
   9.4999975081e+02   1.1649974145e-01   0.0000000000e+00   5.0000049838e-01   0.0000000000e+00   0.0000000000e+00   3.8349976018e-01
   9.4999975081e+02   1.1649974145e-01   0.0000000000e+00   5.0000049838e-01   0.0000000000e+00   0.0000000000e+00   3.8349976018e-01
   9.4999975081e+02   1.1649974145e-01   0.0000000000e+00   5.0000049838e-01   0.0000000000e+00   0.0000000000e+00   3.8349976018e-01
   9.4999958991e+02   1.1649966647e-01   0.0000000000e+00   5.0000082017e-01   0.0000000000e+00   0.0000000000e+00   3.8349951336e-01
   9.4999958991e+02   1.1649966647e-01   0.0000000000e+00   5.0000082017e-01   0.0000000000e+00   0.0000000000e+00   3.8349951336e-01
   9.4999992295e+02   1.1649982166e-01   0.0000000000e+00   5.0000015410e-01   0.0000000000e+00   0.0000000000e+00   3.8350002423e-01
   9.4999992295e+02   1.1649982166e-01   0.0000000000e+00   5.0000015410e-01   0.0000000000e+00   0.0000000000e+00   3.8350002423e-01
   9.4999975081e+02   1.1649974145e-01   0.0000000000e+00   5.0000049838e-01   0.0000000000e+00   0.0000000000e+00   3.8349976018e-01
   9.4999975081e+02   1.1649974145e-01   0.0000000000e+00   5.0000049838e-01   0.0000000000e+00   0.0000000000e+00   3.8349976018e-01
   9.4999975081e+02   1.1649974145e-01   0.0000000000e+00   5.0000049838e-01   0.0000000000e+00   0.0000000000e+00   3.8349976018e-01
   9.4999975081e+02   1.1649974145e-01   0.0000000000e+00   5.0000049838e-01   0.0000000000e+00   0.0000000000e+00   3.8349976018e-01
   9.4999975081e+02   1.1649974145e-01   0.0000000000e+00   5.0000049838e-01   0.0000000000e+00   0.0000000000e+00   3.8349976018e-01
   9.4999975081e+02   1.1649974145e-01   0.0000000000e+00   5.0000049838e-01   0.0000000000e+00   0.0000000000e+00   3.8349976018e-01
   9.4999975081e+02   1.1649974145e-01   0.0000000000e+00   5.0000049838e-01   0.0000000000e+00   0.0000000000e+00   3.8349976018e-01
   9.4999975081e+02   1.1649974145e-01   0.0000000000e+00   5.0000049838e-01   0.0000000000e+00   0.0000000000e+00   3.8349976018e-01
   9.4999966474e+02   1.1649970134e-01   0.0000000000e+00   5.0000067051e-01   0.0000000000e+00   0.0000000000e+00   3.8349962815e-01
   9.4999966474e+02   1.1649970134e-01   0.0000000000e+00   5.0000067051e-01   0.0000000000e+00   0.0000000000e+00   3.8349962815e-01
   9.4999966474e+02   1.1649970134e-01   0.0000000000e+00   5.0000067051e-01   0.0000000000e+00   0.0000000000e+00   3.8349962815e-01
   9.4999966474e+02   1.1649970134e-01   0.0000000000e+00   5.0000067051e-01   0.0000000000e+00   0.0000000000e+00   3.8349962815e-01
   9.4999954126e+02   1.1649964380e-01   0.0000000000e+00   5.0000091748e-01   0.0000000000e+00   0.0000000000e+00   3.8349943873e-01
   9.4999954126e+02   1.1649964380e-01   0.0000000000e+00   5.0000091748e-01   0.0000000000e+00   0.0000000000e+00   3.8349943873e-01
   9.4999978823e+02   1.1649975888e-01   0.0000000000e+00   5.0000042354e-01   0.0000000000e+00   0.0000000000e+00   3.8349981757e-01
   9.4999978823e+02   1.1649975888e-01   0.0000000000e+00   5.0000042354e-01   0.0000000000e+00   0.0000000000e+00   3.8349981757e-01
   9.4999975081e+02   1.1649974145e-01   0.0000000000e+00   5.0000049838e-01   0.0000000000e+00   0.0000000000e+00   3.8349976018e-01
   9.4999975081e+02   1.1649974145e-01   0.0000000000e+00   5.0000049838e-01   0.0000000000e+00   0.0000000000e+00   3.8349976018e-01
   9.4999991733e+02   1.1649981905e-01   0.0000000000e+00   5.0000016534e-01   0.0000000000e+00   0.0000000000e+00   3.8350001561e-01
   9.4999991733e+02   1.1649981905e-01   0.0000000000e+00   5.0000016534e-01   0.0000000000e+00   0.0000000000e+00   3.8350001561e-01
   9.4999991733e+02   1.1649981905e-01   0.0000000000e+00   5.0000016534e-01   0.0000000000e+00   0.0000000000e+00   3.8350001561e-01
   9.4999991733e+02   1.1649981905e-01   0.0000000000e+00   5.0000016534e-01   0.0000000000e+00   0.0000000000e+00   3.8350001561e-01
   9.4999975081e+02   1.1649974145e-01   0.0000000000e+00   5.0000049838e-01   0.0000000000e+00   0.0000000000e+00   3.8349976018e-01
   9.4999975081e+02   1.1649974145e-01   0.0000000000e+00   5.0000049838e-01   0.0000000000e+00   0.0000000000e+00   3.8349976018e-01
   9.5000089066e+02   1.1650027262e-01   0.0000000000e+00   4.9999821868e-01   0.0000000000e+00   0.0000000000e+00   3.8350150870e-01
   9.5000089066e+02   1.1650027262e-01   0.0000000000e+00   4.9999821868e-01   0.0000000000e+00   0.0000000000e+00   3.8350150870e-01
   9.5000089066e+02   1.1650027262e-01   0.0000000000e+00   4.9999821868e-01   0.0000000000e+00   0.0000000000e+00   3.8350150870e-01
   9.5000089066e+02   1.1650027262e-01   0.0000000000e+00   4.9999821868e-01   0.0000000000e+00   0.0000000000e+00   3.8350150870e-01
   9.5000089066e+02   1.1650027262e-01   0.0000000000e+00   4.9999821868e-01   0.0000000000e+00   0.0000000000e+00   3.8350150870e-01
   9.5000089066e+02   1.1650027262e-01   0.0000000000e+00   4.9999821868e-01   0.0000000000e+00   0.0000000000e+00   3.8350150870e-01
   9.5000089066e+02   1.1650027262e-01   0.0000000000e+00   4.9999821868e-01   0.0000000000e+00   0.0000000000e+00   3.8350150870e-01
   9.5000089066e+02   1.1650027262e-01   0.0000000000e+00   4.9999821868e-01   0.0000000000e+00   0.0000000000e+00   3.8350150870e-01
   9.5000010520e+02   1.1649990659e-01   0.0000000000e+00   4.9999978960e-01   0.0000000000e+00   0.0000000000e+00   3.8350030381e-01
   9.5000010520e+02   1.1649990659e-01   0.0000000000e+00   4.9999978960e-01   0.0000000000e+00   0.0000000000e+00   3.8350030381e-01
   9.5000155062e+02   1.1650058016e-01   0.0000000000e+00   4.9999689877e-01   0.0000000000e+00   0.0000000000e+00   3.8350252108e-01
   9.5000155062e+02   1.1650058016e-01   0.0000000000e+00   4.9999689877e-01   0.0000000000e+00   0.0000000000e+00   3.8350252108e-01
   9.5000010520e+02   1.1649990659e-01   0.0000000000e+00   4.9999978960e-01   0.0000000000e+00   0.0000000000e+00   3.8350030381e-01
   9.5000010520e+02   1.1649990659e-01   0.0000000000e+00   4.9999978960e-01   0.0000000000e+00   0.0000000000e+00   3.8350030381e-01
   9.5000155062e+02   1.1650058016e-01   0.0000000000e+00   4.9999689877e-01   0.0000000000e+00   0.0000000000e+00   3.8350252108e-01
   9.5000155062e+02   1.1650058016e-01   0.0000000000e+00   4.9999689877e-01   0.0000000000e+00   0.0000000000e+00   3.8350252108e-01
   9.4999876327e+02   1.1649928125e-01   0.0000000000e+00   5.0000247346e-01   0.0000000000e+00   0.0000000000e+00   3.8349824529e-01
   9.4999876327e+02   1.1649928125e-01   0.0000000000e+00   5.0000247346e-01   0.0000000000e+00   0.0000000000e+00   3.8349824529e-01
   9.4999876327e+02   1.1649928125e-01   0.0000000000e+00   5.0000247346e-01   0.0000000000e+00   0.0000000000e+00   3.8349824529e-01
   9.4999876327e+02   1.1649928125e-01   0.0000000000e+00   5.0000247346e-01   0.0000000000e+00   0.0000000000e+00   3.8349824529e-01
   9.4999978120e+02   1.1649975561e-01   0.0000000000e+00   5.0000043760e-01   0.0000000000e+00   0.0000000000e+00   3.8349980679e-01
   9.4999978120e+02   1.1649975561e-01   0.0000000000e+00   5.0000043760e-01   0.0000000000e+00   0.0000000000e+00   3.8349980679e-01
   9.4999978120e+02   1.1649975561e-01   0.0000000000e+00   5.0000043760e-01   0.0000000000e+00   0.0000000000e+00   3.8349980679e-01
   9.4999978120e+02   1.1649975561e-01   0.0000000000e+00   5.0000043760e-01   0.0000000000e+00   0.0000000000e+00   3.8349980679e-01
   9.4999876327e+02   1.1649928125e-01   0.0000000000e+00   5.0000247346e-01   0.0000000000e+00   0.0000000000e+00   3.8349824529e-01
   9.4999876327e+02   1.1649928125e-01   0.0000000000e+00   5.0000247346e-01   0.0000000000e+00   0.0000000000e+00   3.8349824529e-01
   9.4999876327e+02   1.1649928125e-01   0.0000000000e+00   5.0000247346e-01   0.0000000000e+00   0.0000000000e+00   3.8349824529e-01
   9.4999876327e+02   1.1649928125e-01   0.0000000000e+00   5.0000247346e-01   0.0000000000e+00   0.0000000000e+00   3.8349824529e-01
   9.4999978120e+02   1.1649975561e-01   0.0000000000e+00   5.0000043760e-01   0.0000000000e+00   0.0000000000e+00   3.8349980679e-01
   9.4999978120e+02   1.1649975561e-01   0.0000000000e+00   5.0000043760e-01   0.0000000000e+00   0.0000000000e+00   3.8349980679e-01
   9.4999978120e+02   1.1649975561e-01   0.0000000000e+00   5.0000043760e-01   0.0000000000e+00   0.0000000000e+00   3.8349980679e-01
   9.4999978120e+02   1.1649975561e-01   0.0000000000e+00   5.0000043760e-01   0.0000000000e+00   0.0000000000e+00   3.8349980679e-01
   9.4999894184e+02   1.1649936447e-01   0.0000000000e+00   5.0000211632e-01   0.0000000000e+00   0.0000000000e+00   3.8349851921e-01
   9.4999894184e+02   1.1649936447e-01   0.0000000000e+00   5.0000211632e-01   0.0000000000e+00   0.0000000000e+00   3.8349851921e-01
   9.4999894184e+02   1.1649936447e-01   0.0000000000e+00   5.0000211632e-01   0.0000000000e+00   0.0000000000e+00   3.8349851921e-01
   9.4999894184e+02   1.1649936447e-01   0.0000000000e+00   5.0000211632e-01   0.0000000000e+00   0.0000000000e+00   3.8349851921e-01
   9.4999894184e+02   1.1649936447e-01   0.0000000000e+00   5.0000211632e-01   0.0000000000e+00   0.0000000000e+00   3.8349851921e-01
   9.4999894184e+02   1.1649936447e-01   0.0000000000e+00   5.0000211632e-01   0.0000000000e+00   0.0000000000e+00   3.8349851921e-01
   9.4999894184e+02   1.1649936447e-01   0.0000000000e+00   5.0000211632e-01   0.0000000000e+00   0.0000000000e+00   3.8349851921e-01
   9.4999894184e+02   1.1649936447e-01   0.0000000000e+00   5.0000211632e-01   0.0000000000e+00   0.0000000000e+00   3.8349851921e-01
   9.4999975322e+02   1.1649974257e-01   0.0000000000e+00   5.0000049356e-01   0.0000000000e+00   0.0000000000e+00   3.8349976387e-01
   9.4999975322e+02   1.1649974257e-01   0.0000000000e+00   5.0000049356e-01   0.0000000000e+00   0.0000000000e+00   3.8349976387e-01
   9.4999993859e+02   1.1649982895e-01   0.0000000000e+00   5.0000012283e-01   0.0000000000e+00   0.0000000000e+00   3.8350004822e-01
   9.4999993859e+02   1.1649982895e-01   0.0000000000e+00   5.0000012283e-01   0.0000000000e+00   0.0000000000e+00   3.8350004822e-01
   9.4999993859e+02   1.1649982895e-01   0.0000000000e+00   5.0000012283e-01   0.0000000000e+00   0.0000000000e+00   3.8350004822e-01
   9.4999993859e+02   1.1649982895e-01   0.0000000000e+00   5.0000012283e-01   0.0000000000e+00   0.0000000000e+00   3.8350004822e-01
   9.4999975322e+02   1.1649974257e-01   0.0000000000e+00   5.0000049356e-01   0.0000000000e+00   0.0000000000e+00   3.8349976387e-01
   9.4999975322e+02   1.1649974257e-01   0.0000000000e+00   5.0000049356e-01   0.0000000000e+00   0.0000000000e+00   3.8349976387e-01
   9.4999973795e+02   1.1649973545e-01   0.0000000000e+00   5.0000052411e-01   0.0000000000e+00   0.0000000000e+00   3.8349974044e-01
   9.4999973795e+02   1.1649973545e-01   0.0000000000e+00   5.0000052411e-01   0.0000000000e+00   0.0000000000e+00   3.8349974044e-01
   9.4999973795e+02   1.1649973545e-01   0.0000000000e+00   5.0000052411e-01   0.0000000000e+00   0.0000000000e+00   3.8349974044e-01
   9.4999973795e+02   1.1649973545e-01   0.0000000000e+00   5.0000052411e-01   0.0000000000e+00   0.0000000000e+00   3.8349974044e-01
   9.4999973795e+02   1.1649973545e-01   0.0000000000e+00   5.0000052411e-01   0.0000000000e+00   0.0000000000e+00   3.8349974044e-01
   9.4999973795e+02   1.1649973545e-01   0.0000000000e+00   5.0000052411e-01   0.0000000000e+00   0.0000000000e+00   3.8349974044e-01
   9.4999973795e+02   1.1649973545e-01   0.0000000000e+00   5.0000052411e-01   0.0000000000e+00   0.0000000000e+00   3.8349974044e-01
   9.4999973795e+02   1.1649973545e-01   0.0000000000e+00   5.0000052411e-01   0.0000000000e+00   0.0000000000e+00   3.8349974044e-01
   9.5000043193e+02   1.1650005885e-01   0.0000000000e+00   4.9999913613e-01   0.0000000000e+00   0.0000000000e+00   3.8350080502e-01
   9.5000043193e+02   1.1650005885e-01   0.0000000000e+00   4.9999913613e-01   0.0000000000e+00   0.0000000000e+00   3.8350080502e-01
   9.5000043193e+02   1.1650005885e-01   0.0000000000e+00   4.9999913613e-01   0.0000000000e+00   0.0000000000e+00   3.8350080502e-01
   9.5000043193e+02   1.1650005885e-01   0.0000000000e+00   4.9999913613e-01   0.0000000000e+00   0.0000000000e+00   3.8350080502e-01
   9.5000024657e+02   1.1649997247e-01   0.0000000000e+00   4.9999950687e-01   0.0000000000e+00   0.0000000000e+00   3.8350052066e-01
   9.5000024657e+02   1.1649997247e-01   0.0000000000e+00   4.9999950687e-01   0.0000000000e+00   0.0000000000e+00   3.8350052066e-01
   9.5000024657e+02   1.1649997247e-01   0.0000000000e+00   4.9999950687e-01   0.0000000000e+00   0.0000000000e+00   3.8350052066e-01
   9.5000024657e+02   1.1649997247e-01   0.0000000000e+00   4.9999950687e-01   0.0000000000e+00   0.0000000000e+00   3.8350052066e-01
   9.5000011547e+02   1.1649991138e-01   0.0000000000e+00   4.9999976905e-01   0.0000000000e+00   0.0000000000e+00   3.8350031956e-01
   9.5000011547e+02   1.1649991138e-01   0.0000000000e+00   4.9999976905e-01   0.0000000000e+00   0.0000000000e+00   3.8350031956e-01
   9.5000083407e+02   1.1650024625e-01   0.0000000000e+00   4.9999833186e-01   0.0000000000e+00   0.0000000000e+00   3.8350142190e-01
   9.5000083407e+02   1.1650024625e-01   0.0000000000e+00   4.9999833186e-01   0.0000000000e+00   0.0000000000e+00   3.8350142190e-01
   9.5000083407e+02   1.1650024625e-01   0.0000000000e+00   4.9999833186e-01   0.0000000000e+00   0.0000000000e+00   3.8350142190e-01
   9.5000083407e+02   1.1650024625e-01   0.0000000000e+00   4.9999833186e-01   0.0000000000e+00   0.0000000000e+00   3.8350142190e-01
   9.5000011547e+02   1.1649991138e-01   0.0000000000e+00   4.9999976905e-01   0.0000000000e+00   0.0000000000e+00   3.8350031956e-01
   9.5000011547e+02   1.1649991138e-01   0.0000000000e+00   4.9999976905e-01   0.0000000000e+00   0.0000000000e+00   3.8350031956e-01
   9.5000011547e+02   1.1649991138e-01   0.0000000000e+00   4.9999976905e-01   0.0000000000e+00   0.0000000000e+00   3.8350031956e-01
   9.5000011547e+02   1.1649991138e-01   0.0000000000e+00   4.9999976905e-01   0.0000000000e+00   0.0000000000e+00   3.8350031956e-01
   9.5000011547e+02   1.1649991138e-01   0.0000000000e+00   4.9999976905e-01   0.0000000000e+00   0.0000000000e+00   3.8350031956e-01
   9.5000011547e+02   1.1649991138e-01   0.0000000000e+00   4.9999976905e-01   0.0000000000e+00   0.0000000000e+00   3.8350031956e-01
   9.4999939687e+02   1.1649957651e-01   0.0000000000e+00   5.0000120625e-01   0.0000000000e+00   0.0000000000e+00   3.8349921723e-01
   9.4999939687e+02   1.1649957651e-01   0.0000000000e+00   5.0000120625e-01   0.0000000000e+00   0.0000000000e+00   3.8349921723e-01
   9.4999939687e+02   1.1649957651e-01   0.0000000000e+00   5.0000120625e-01   0.0000000000e+00   0.0000000000e+00   3.8349921723e-01
   9.4999939687e+02   1.1649957651e-01   0.0000000000e+00   5.0000120625e-01   0.0000000000e+00   0.0000000000e+00   3.8349921723e-01
   9.5000057991e+02   1.1650012781e-01   0.0000000000e+00   4.9999884018e-01   0.0000000000e+00   0.0000000000e+00   3.8350103201e-01
   9.5000057991e+02   1.1650012781e-01   0.0000000000e+00   4.9999884018e-01   0.0000000000e+00   0.0000000000e+00   3.8350103201e-01
   9.5000046681e+02   1.1650007510e-01   0.0000000000e+00   4.9999906639e-01   0.0000000000e+00   0.0000000000e+00   3.8350085851e-01
   9.5000046681e+02   1.1650007510e-01   0.0000000000e+00   4.9999906639e-01   0.0000000000e+00   0.0000000000e+00   3.8350085851e-01
   9.5000046681e+02   1.1650007510e-01   0.0000000000e+00   4.9999906639e-01   0.0000000000e+00   0.0000000000e+00   3.8350085851e-01
   9.5000046681e+02   1.1650007510e-01   0.0000000000e+00   4.9999906639e-01   0.0000000000e+00   0.0000000000e+00   3.8350085851e-01
   9.5000057991e+02   1.1650012781e-01   0.0000000000e+00   4.9999884018e-01   0.0000000000e+00   0.0000000000e+00   3.8350103201e-01
   9.5000057991e+02   1.1650012781e-01   0.0000000000e+00   4.9999884018e-01   0.0000000000e+00   0.0000000000e+00   3.8350103201e-01
   9.5000041026e+02   1.1650004875e-01   0.0000000000e+00   4.9999917949e-01   0.0000000000e+00   0.0000000000e+00   3.8350077176e-01
   9.5000041026e+02   1.1650004875e-01   0.0000000000e+00   4.9999917949e-01   0.0000000000e+00   0.0000000000e+00   3.8350077176e-01
   9.5000041026e+02   1.1650004875e-01   0.0000000000e+00   4.9999917949e-01   0.0000000000e+00   0.0000000000e+00   3.8350077176e-01
   9.5000041026e+02   1.1650004875e-01   0.0000000000e+00   4.9999917949e-01   0.0000000000e+00   0.0000000000e+00   3.8350077176e-01
   9.5000041026e+02   1.1650004875e-01   0.0000000000e+00   4.9999917949e-01   0.0000000000e+00   0.0000000000e+00   3.8350077176e-01
   9.5000041026e+02   1.1650004875e-01   0.0000000000e+00   4.9999917949e-01   0.0000000000e+00   0.0000000000e+00   3.8350077176e-01
   9.5000041026e+02   1.1650004875e-01   0.0000000000e+00   4.9999917949e-01   0.0000000000e+00   0.0000000000e+00   3.8350077176e-01
   9.5000041026e+02   1.1650004875e-01   0.0000000000e+00   4.9999917949e-01   0.0000000000e+00   0.0000000000e+00   3.8350077176e-01
   9.5000028599e+02   1.1649999084e-01   0.0000000000e+00   4.9999942801e-01   0.0000000000e+00   0.0000000000e+00   3.8350058115e-01
   9.5000028599e+02   1.1649999084e-01   0.0000000000e+00   4.9999942801e-01   0.0000000000e+00   0.0000000000e+00   3.8350058115e-01
   9.5000028599e+02   1.1649999084e-01   0.0000000000e+00   4.9999942801e-01   0.0000000000e+00   0.0000000000e+00   3.8350058115e-01
   9.5000028599e+02   1.1649999084e-01   0.0000000000e+00   4.9999942801e-01   0.0000000000e+00   0.0000000000e+00   3.8350058115e-01
   9.4999959849e+02   1.1649967047e-01   0.0000000000e+00   5.0000080302e-01   0.0000000000e+00   0.0000000000e+00   3.8349952652e-01
   9.4999959849e+02   1.1649967047e-01   0.0000000000e+00   5.0000080302e-01   0.0000000000e+00   0.0000000000e+00   3.8349952652e-01
   9.5000051990e+02   1.1650009984e-01   0.0000000000e+00   4.9999896020e-01   0.0000000000e+00   0.0000000000e+00   3.8350093996e-01
   9.5000051990e+02   1.1650009984e-01   0.0000000000e+00   4.9999896020e-01   0.0000000000e+00   0.0000000000e+00   3.8350093996e-01
   9.5000093299e+02   1.1650029234e-01   0.0000000000e+00   4.9999813402e-01   0.0000000000e+00   0.0000000000e+00   3.8350157364e-01
   9.5000093299e+02   1.1650029234e-01   0.0000000000e+00   4.9999813402e-01   0.0000000000e+00   0.0000000000e+00   3.8350157364e-01
   9.5000093299e+02   1.1650029234e-01   0.0000000000e+00   4.9999813402e-01   0.0000000000e+00   0.0000000000e+00   3.8350157364e-01
   9.5000093299e+02   1.1650029234e-01   0.0000000000e+00   4.9999813402e-01   0.0000000000e+00   0.0000000000e+00   3.8350157364e-01
   9.4999991027e+02   1.1649981576e-01   0.0000000000e+00   5.0000017945e-01   0.0000000000e+00   0.0000000000e+00   3.8350000479e-01
   9.4999991027e+02   1.1649981576e-01   0.0000000000e+00   5.0000017945e-01   0.0000000000e+00   0.0000000000e+00   3.8350000479e-01
   9.4999991027e+02   1.1649981576e-01   0.0000000000e+00   5.0000017945e-01   0.0000000000e+00   0.0000000000e+00   3.8350000479e-01
   9.4999991027e+02   1.1649981576e-01   0.0000000000e+00   5.0000017945e-01   0.0000000000e+00   0.0000000000e+00   3.8350000479e-01
   9.5000370604e+02   1.1650158458e-01   0.0000000000e+00   4.9999258792e-01   0.0000000000e+00   0.0000000000e+00   3.8350582750e-01
   9.5000370604e+02   1.1650158458e-01   0.0000000000e+00   4.9999258792e-01   0.0000000000e+00   0.0000000000e+00   3.8350582750e-01
   9.5000370604e+02   1.1650158458e-01   0.0000000000e+00   4.9999258792e-01   0.0000000000e+00   0.0000000000e+00   3.8350582750e-01
   9.5000370604e+02   1.1650158458e-01   0.0000000000e+00   4.9999258792e-01   0.0000000000e+00   0.0000000000e+00   3.8350582750e-01
   9.5000185449e+02   1.1650072176e-01   0.0000000000e+00   4.9999629102e-01   0.0000000000e+00   0.0000000000e+00   3.8350298722e-01
   9.5000185449e+02   1.1650072176e-01   0.0000000000e+00   4.9999629102e-01   0.0000000000e+00   0.0000000000e+00   3.8350298722e-01
   9.5000185449e+02   1.1650072176e-01   0.0000000000e+00   4.9999629102e-01   0.0000000000e+00   0.0000000000e+00   3.8350298722e-01
   9.5000185449e+02   1.1650072176e-01   0.0000000000e+00   4.9999629102e-01   0.0000000000e+00   0.0000000000e+00   3.8350298722e-01
   9.5000238360e+02   1.1650096832e-01   0.0000000000e+00   4.9999523281e-01   0.0000000000e+00   0.0000000000e+00   3.8350379887e-01
   9.5000238360e+02   1.1650096832e-01   0.0000000000e+00   4.9999523281e-01   0.0000000000e+00   0.0000000000e+00   3.8350379887e-01
   9.5000238360e+02   1.1650096832e-01   0.0000000000e+00   4.9999523281e-01   0.0000000000e+00   0.0000000000e+00   3.8350379887e-01
   9.5000238360e+02   1.1650096832e-01   0.0000000000e+00   4.9999523281e-01   0.0000000000e+00   0.0000000000e+00   3.8350379887e-01
   9.5000370604e+02   1.1650158458e-01   0.0000000000e+00   4.9999258792e-01   0.0000000000e+00   0.0000000000e+00   3.8350582750e-01
   9.5000370604e+02   1.1650158458e-01   0.0000000000e+00   4.9999258792e-01   0.0000000000e+00   0.0000000000e+00   3.8350582750e-01
   9.5000370604e+02   1.1650158458e-01   0.0000000000e+00   4.9999258792e-01   0.0000000000e+00   0.0000000000e+00   3.8350582750e-01
   9.5000370604e+02   1.1650158458e-01   0.0000000000e+00   4.9999258792e-01   0.0000000000e+00   0.0000000000e+00   3.8350582750e-01
   9.4999660844e+02   1.1649827710e-01   0.0000000000e+00   5.0000678313e-01   0.0000000000e+00   0.0000000000e+00   3.8349493977e-01
   9.4999660844e+02   1.1649827710e-01   0.0000000000e+00   5.0000678313e-01   0.0000000000e+00   0.0000000000e+00   3.8349493977e-01
   9.4999660844e+02   1.1649827710e-01   0.0000000000e+00   5.0000678313e-01   0.0000000000e+00   0.0000000000e+00   3.8349493977e-01
   9.4999660844e+02   1.1649827710e-01   0.0000000000e+00   5.0000678313e-01   0.0000000000e+00   0.0000000000e+00   3.8349493977e-01
   9.4999660844e+02   1.1649827710e-01   0.0000000000e+00   5.0000678313e-01   0.0000000000e+00   0.0000000000e+00   3.8349493977e-01
   9.4999660844e+02   1.1649827710e-01   0.0000000000e+00   5.0000678313e-01   0.0000000000e+00   0.0000000000e+00   3.8349493977e-01
   9.4999660844e+02   1.1649827710e-01   0.0000000000e+00   5.0000678313e-01   0.0000000000e+00   0.0000000000e+00   3.8349493977e-01
   9.4999660844e+02   1.1649827710e-01   0.0000000000e+00   5.0000678313e-01   0.0000000000e+00   0.0000000000e+00   3.8349493977e-01
   9.5000217130e+02   1.1650086940e-01   0.0000000000e+00   4.9999565739e-01   0.0000000000e+00   0.0000000000e+00   3.8350347321e-01
   9.5000217130e+02   1.1650086940e-01   0.0000000000e+00   4.9999565739e-01   0.0000000000e+00   0.0000000000e+00   3.8350347321e-01
   9.5000217130e+02   1.1650086940e-01   0.0000000000e+00   4.9999565739e-01   0.0000000000e+00   0.0000000000e+00   3.8350347321e-01
   9.5000217130e+02   1.1650086940e-01   0.0000000000e+00   4.9999565739e-01   0.0000000000e+00   0.0000000000e+00   3.8350347321e-01
   9.5000217130e+02   1.1650086940e-01   0.0000000000e+00   4.9999565739e-01   0.0000000000e+00   0.0000000000e+00   3.8350347321e-01
   9.5000217130e+02   1.1650086940e-01   0.0000000000e+00   4.9999565739e-01   0.0000000000e+00   0.0000000000e+00   3.8350347321e-01
   9.5000217130e+02   1.1650086940e-01   0.0000000000e+00   4.9999565739e-01   0.0000000000e+00   0.0000000000e+00   3.8350347321e-01
   9.5000217130e+02   1.1650086940e-01   0.0000000000e+00   4.9999565739e-01   0.0000000000e+00   0.0000000000e+00   3.8350347321e-01
   9.4999982738e+02   1.1649977713e-01   0.0000000000e+00   5.0000034524e-01   0.0000000000e+00   0.0000000000e+00   3.8349987763e-01
   9.4999982738e+02   1.1649977713e-01   0.0000000000e+00   5.0000034524e-01   0.0000000000e+00   0.0000000000e+00   3.8349987763e-01
   9.4999982738e+02   1.1649977713e-01   0.0000000000e+00   5.0000034524e-01   0.0000000000e+00   0.0000000000e+00   3.8349987763e-01
   9.4999982738e+02   1.1649977713e-01   0.0000000000e+00   5.0000034524e-01   0.0000000000e+00   0.0000000000e+00   3.8349987763e-01
   9.5000238344e+02   1.1650096825e-01   0.0000000000e+00   4.9999523313e-01   0.0000000000e+00   0.0000000000e+00   3.8350379862e-01
   9.5000238344e+02   1.1650096825e-01   0.0000000000e+00   4.9999523313e-01   0.0000000000e+00   0.0000000000e+00   3.8350379862e-01
   9.5000238344e+02   1.1650096825e-01   0.0000000000e+00   4.9999523313e-01   0.0000000000e+00   0.0000000000e+00   3.8350379862e-01
   9.5000238344e+02   1.1650096825e-01   0.0000000000e+00   4.9999523313e-01   0.0000000000e+00   0.0000000000e+00   3.8350379862e-01
   9.4999982738e+02   1.1649977713e-01   0.0000000000e+00   5.0000034524e-01   0.0000000000e+00   0.0000000000e+00   3.8349987763e-01
   9.4999982738e+02   1.1649977713e-01   0.0000000000e+00   5.0000034524e-01   0.0000000000e+00   0.0000000000e+00   3.8349987763e-01
   9.4999982738e+02   1.1649977713e-01   0.0000000000e+00   5.0000034524e-01   0.0000000000e+00   0.0000000000e+00   3.8349987763e-01
   9.4999982738e+02   1.1649977713e-01   0.0000000000e+00   5.0000034524e-01   0.0000000000e+00   0.0000000000e+00   3.8349987763e-01
   9.4999928259e+02   1.1649952326e-01   0.0000000000e+00   5.0000143482e-01   0.0000000000e+00   0.0000000000e+00   3.8349904192e-01
   9.4999928259e+02   1.1649952326e-01   0.0000000000e+00   5.0000143482e-01   0.0000000000e+00   0.0000000000e+00   3.8349904192e-01
   9.4999928259e+02   1.1649952326e-01   0.0000000000e+00   5.0000143482e-01   0.0000000000e+00   0.0000000000e+00   3.8349904192e-01
   9.4999928259e+02   1.1649952326e-01   0.0000000000e+00   5.0000143482e-01   0.0000000000e+00   0.0000000000e+00   3.8349904192e-01
   9.4999749396e+02   1.1649868976e-01   0.0000000000e+00   5.0000501209e-01   0.0000000000e+00   0.0000000000e+00   3.8349629816e-01
   9.4999749396e+02   1.1649868976e-01   0.0000000000e+00   5.0000501209e-01   0.0000000000e+00   0.0000000000e+00   3.8349629816e-01
   9.4999749396e+02   1.1649868976e-01   0.0000000000e+00   5.0000501209e-01   0.0000000000e+00   0.0000000000e+00   3.8349629816e-01
   9.4999749396e+02   1.1649868976e-01   0.0000000000e+00   5.0000501209e-01   0.0000000000e+00   0.0000000000e+00   3.8349629816e-01
   9.4999794551e+02   1.1649890018e-01   0.0000000000e+00   5.0000410897e-01   0.0000000000e+00   0.0000000000e+00   3.8349699085e-01
   9.4999794551e+02   1.1649890018e-01   0.0000000000e+00   5.0000410897e-01   0.0000000000e+00   0.0000000000e+00   3.8349699085e-01
   9.4999884863e+02   1.1649932103e-01   0.0000000000e+00   5.0000230275e-01   0.0000000000e+00   0.0000000000e+00   3.8349837622e-01
   9.4999884863e+02   1.1649932103e-01   0.0000000000e+00   5.0000230275e-01   0.0000000000e+00   0.0000000000e+00   3.8349837622e-01
   9.4999613929e+02   1.1649805848e-01   0.0000000000e+00   5.0000772143e-01   0.0000000000e+00   0.0000000000e+00   3.8349422009e-01
   9.4999613929e+02   1.1649805848e-01   0.0000000000e+00   5.0000772143e-01   0.0000000000e+00   0.0000000000e+00   3.8349422009e-01
   9.4999613929e+02   1.1649805848e-01   0.0000000000e+00   5.0000772143e-01   0.0000000000e+00   0.0000000000e+00   3.8349422009e-01
   9.4999613929e+02   1.1649805848e-01   0.0000000000e+00   5.0000772143e-01   0.0000000000e+00   0.0000000000e+00   3.8349422009e-01
   9.4999975174e+02   1.1649974188e-01   0.0000000000e+00   5.0000049652e-01   0.0000000000e+00   0.0000000000e+00   3.8349976160e-01
   9.4999975174e+02   1.1649974188e-01   0.0000000000e+00   5.0000049652e-01   0.0000000000e+00   0.0000000000e+00   3.8349976160e-01
   9.4999975174e+02   1.1649974188e-01   0.0000000000e+00   5.0000049652e-01   0.0000000000e+00   0.0000000000e+00   3.8349976160e-01
   9.4999975174e+02   1.1649974188e-01   0.0000000000e+00   5.0000049652e-01   0.0000000000e+00   0.0000000000e+00   3.8349976160e-01
   9.5000158994e+02   1.1650059848e-01   0.0000000000e+00   4.9999682012e-01   0.0000000000e+00   0.0000000000e+00   3.8350258140e-01
   9.5000158994e+02   1.1650059848e-01   0.0000000000e+00   4.9999682012e-01   0.0000000000e+00   0.0000000000e+00   3.8350258140e-01
   9.5000158994e+02   1.1650059848e-01   0.0000000000e+00   4.9999682012e-01   0.0000000000e+00   0.0000000000e+00   3.8350258140e-01
   9.5000158994e+02   1.1650059848e-01   0.0000000000e+00   4.9999682012e-01   0.0000000000e+00   0.0000000000e+00   3.8350258140e-01
   9.5000158994e+02   1.1650059848e-01   0.0000000000e+00   4.9999682012e-01   0.0000000000e+00   0.0000000000e+00   3.8350258140e-01
   9.5000158994e+02   1.1650059848e-01   0.0000000000e+00   4.9999682012e-01   0.0000000000e+00   0.0000000000e+00   3.8350258140e-01
   9.5000158994e+02   1.1650059848e-01   0.0000000000e+00   4.9999682012e-01   0.0000000000e+00   0.0000000000e+00   3.8350258140e-01
   9.5000158994e+02   1.1650059848e-01   0.0000000000e+00   4.9999682012e-01   0.0000000000e+00   0.0000000000e+00   3.8350258140e-01
   9.5000017459e+02   1.1649993893e-01   0.0000000000e+00   4.9999965082e-01   0.0000000000e+00   0.0000000000e+00   3.8350041025e-01
   9.5000017459e+02   1.1649993893e-01   0.0000000000e+00   4.9999965082e-01   0.0000000000e+00   0.0000000000e+00   3.8350041025e-01
   9.5000017459e+02   1.1649993893e-01   0.0000000000e+00   4.9999965082e-01   0.0000000000e+00   0.0000000000e+00   3.8350041025e-01
   9.5000017459e+02   1.1649993893e-01   0.0000000000e+00   4.9999965082e-01   0.0000000000e+00   0.0000000000e+00   3.8350041025e-01
   9.5000077425e+02   1.1650021837e-01   0.0000000000e+00   4.9999845150e-01   0.0000000000e+00   0.0000000000e+00   3.8350133013e-01
   9.5000077425e+02   1.1650021837e-01   0.0000000000e+00   4.9999845150e-01   0.0000000000e+00   0.0000000000e+00   3.8350133013e-01
   9.4999957493e+02   1.1649965949e-01   0.0000000000e+00   5.0000085015e-01   0.0000000000e+00   0.0000000000e+00   3.8349949037e-01
   9.4999957493e+02   1.1649965949e-01   0.0000000000e+00   5.0000085015e-01   0.0000000000e+00   0.0000000000e+00   3.8349949037e-01