# time = 77.4128
# Grid Poins = 256    variable_0    variable_1    variable_2    variable_3    variable_4    variable_5    variable_6
   9.4999988424e+02   1.1649980362e-01   0.0000000000e+00   5.0000023153e-01   0.0000000000e+00   0.0000000000e+00   3.8349996485e-01
   9.4999988424e+02   1.1649980362e-01   0.0000000000e+00   5.0000023153e-01   0.0000000000e+00   0.0000000000e+00   3.8349996485e-01
   9.4999988424e+02   1.1649980362e-01   0.0000000000e+00   5.0000023153e-01   0.0000000000e+00   0.0000000000e+00   3.8349996485e-01
   9.4999988424e+02   1.1649980362e-01   0.0000000000e+00   5.0000023153e-01   0.0000000000e+00   0.0000000000e+00   3.8349996485e-01
   9.5000013269e+02   1.1649991940e-01   0.0000000000e+00   4.9999973462e-01   0.0000000000e+00   0.0000000000e+00   3.8350034598e-01
   9.5000013269e+02   1.1649991940e-01   0.0000000000e+00   4.9999973462e-01   0.0000000000e+00   0.0000000000e+00   3.8350034598e-01
   9.5000013269e+02   1.1649991940e-01   0.0000000000e+00   4.9999973462e-01   0.0000000000e+00   0.0000000000e+00   3.8350034598e-01
   9.5000013269e+02   1.1649991940e-01   0.0000000000e+00   4.9999973462e-01   0.0000000000e+00   0.0000000000e+00   3.8350034598e-01
   9.4999988424e+02   1.1649980362e-01   0.0000000000e+00   5.0000023153e-01   0.0000000000e+00   0.0000000000e+00   3.8349996485e-01
   9.4999988424e+02   1.1649980362e-01   0.0000000000e+00   5.0000023153e-01   0.0000000000e+00   0.0000000000e+00   3.8349996485e-01
   9.4999988424e+02   1.1649980362e-01   0.0000000000e+00   5.0000023153e-01   0.0000000000e+00   0.0000000000e+00   3.8349996485e-01
   9.4999988424e+02   1.1649980362e-01   0.0000000000e+00   5.0000023153e-01   0.0000000000e+00   0.0000000000e+00   3.8349996485e-01
   9.5000013269e+02   1.1649991940e-01   0.0000000000e+00   4.9999973462e-01   0.0000000000e+00   0.0000000000e+00   3.8350034598e-01
   9.5000013269e+02   1.1649991940e-01   0.0000000000e+00   4.9999973462e-01   0.0000000000e+00   0.0000000000e+00   3.8350034598e-01
   9.5000013269e+02   1.1649991940e-01   0.0000000000e+00   4.9999973462e-01   0.0000000000e+00   0.0000000000e+00   3.8350034598e-01
   9.5000013269e+02   1.1649991940e-01   0.0000000000e+00   4.9999973462e-01   0.0000000000e+00   0.0000000000e+00   3.8350034598e-01
   9.4999971527e+02   1.1649972489e-01   0.0000000000e+00   5.0000056945e-01   0.0000000000e+00   0.0000000000e+00   3.8349970566e-01
   9.4999971527e+02   1.1649972489e-01   0.0000000000e+00   5.0000056945e-01   0.0000000000e+00   0.0000000000e+00   3.8349970566e-01
   9.4999971527e+02   1.1649972489e-01   0.0000000000e+00   5.0000056945e-01   0.0000000000e+00   0.0000000000e+00   3.8349970566e-01
   9.4999971527e+02   1.1649972489e-01   0.0000000000e+00   5.0000056945e-01   0.0000000000e+00   0.0000000000e+00   3.8349970566e-01
   9.4999970973e+02   1.1649972230e-01   0.0000000000e+00   5.0000058055e-01   0.0000000000e+00   0.0000000000e+00   3.8349969715e-01
   9.4999970973e+02   1.1649972230e-01   0.0000000000e+00   5.0000058055e-01   0.0000000000e+00   0.0000000000e+00   3.8349969715e-01
   9.4999970973e+02   1.1649972230e-01   0.0000000000e+00   5.0000058055e-01   0.0000000000e+00   0.0000000000e+00   3.8349969715e-01
   9.4999970973e+02   1.1649972230e-01   0.0000000000e+00   5.0000058055e-01   0.0000000000e+00   0.0000000000e+00   3.8349969715e-01
   9.4999972466e+02   1.1649972926e-01   0.0000000000e+00   5.0000055068e-01   0.0000000000e+00   0.0000000000e+00   3.8349972006e-01
   9.4999972466e+02   1.1649972926e-01   0.0000000000e+00   5.0000055068e-01   0.0000000000e+00   0.0000000000e+00   3.8349972006e-01
   9.4999972466e+02   1.1649972926e-01   0.0000000000e+00   5.0000055068e-01   0.0000000000e+00   0.0000000000e+00   3.8349972006e-01
   9.4999972466e+02   1.1649972926e-01   0.0000000000e+00   5.0000055068e-01   0.0000000000e+00   0.0000000000e+00   3.8349972006e-01
   9.4999971997e+02   1.1649972707e-01   0.0000000000e+00   5.0000056007e-01   0.0000000000e+00   0.0000000000e+00   3.8349971286e-01
   9.4999971997e+02   1.1649972707e-01   0.0000000000e+00   5.0000056007e-01   0.0000000000e+00   0.0000000000e+00   3.8349971286e-01
   9.4999971997e+02   1.1649972707e-01   0.0000000000e+00   5.0000056007e-01   0.0000000000e+00   0.0000000000e+00   3.8349971286e-01
   9.4999971997e+02   1.1649972707e-01   0.0000000000e+00   5.0000056007e-01   0.0000000000e+00   0.0000000000e+00   3.8349971286e-01
   9.5000020817e+02   1.1649995458e-01   0.0000000000e+00   4.9999958365e-01   0.0000000000e+00   0.0000000000e+00   3.8350046177e-01
   9.5000020817e+02   1.1649995458e-01   0.0000000000e+00   4.9999958365e-01   0.0000000000e+00   0.0000000000e+00   3.8350046177e-01
   9.5000002370e+02   1.1649986861e-01   0.0000000000e+00   4.9999995261e-01   0.0000000000e+00   0.0000000000e+00   3.8350017878e-01
   9.5000002370e+02   1.1649986861e-01   0.0000000000e+00   4.9999995261e-01   0.0000000000e+00   0.0000000000e+00   3.8350017878e-01
   9.5000002370e+02   1.1649986861e-01   0.0000000000e+00   4.9999995261e-01   0.0000000000e+00   0.0000000000e+00   3.8350017878e-01
   9.5000002370e+02   1.1649986861e-01   0.0000000000e+00   4.9999995261e-01   0.0000000000e+00   0.0000000000e+00   3.8350017878e-01
   9.5000020817e+02   1.1649995458e-01   0.0000000000e+00   4.9999958365e-01   0.0000000000e+00   0.0000000000e+00   3.8350046177e-01
   9.5000020817e+02   1.1649995458e-01   0.0000000000e+00   4.9999958365e-01   0.0000000000e+00   0.0000000000e+00   3.8350046177e-01
   9.5000020817e+02   1.1649995458e-01   0.0000000000e+00   4.9999958365e-01   0.0000000000e+00   0.0000000000e+00   3.8350046177e-01
   9.5000020817e+02   1.1649995458e-01   0.0000000000e+00   4.9999958365e-01   0.0000000000e+00   0.0000000000e+00   3.8350046177e-01
   9.5000020817e+02   1.1649995458e-01   0.0000000000e+00   4.9999958365e-01   0.0000000000e+00   0.0000000000e+00   3.8350046177e-01
   9.5000020817e+02   1.1649995458e-01   0.0000000000e+00   4.9999958365e-01   0.0000000000e+00   0.0000000000e+00   3.8350046177e-01
   9.4999962925e+02   1.1649968480e-01   0.0000000000e+00   5.0000074150e-01   0.0000000000e+00   0.0000000000e+00   3.8349957370e-01
   9.4999962925e+02   1.1649968480e-01   0.0000000000e+00   5.0000074150e-01   0.0000000000e+00   0.0000000000e+00   3.8349957370e-01
   9.5000041814e+02   1.1650005242e-01   0.0000000000e+00   4.9999916372e-01   0.0000000000e+00   0.0000000000e+00   3.8350078386e-01
   9.5000041814e+02   1.1650005242e-01   0.0000000000e+00   4.9999916372e-01   0.0000000000e+00   0.0000000000e+00   3.8350078386e-01
   9.4999962726e+02   1.1649968388e-01   0.0000000000e+00   5.0000074547e-01   0.0000000000e+00   0.0000000000e+00   3.8349957065e-01
   9.4999962726e+02   1.1649968388e-01   0.0000000000e+00   5.0000074547e-01   0.0000000000e+00   0.0000000000e+00   3.8349957065e-01
   9.4999962726e+02   1.1649968388e-01   0.0000000000e+00   5.0000074547e-01   0.0000000000e+00   0.0000000000e+00   3.8349957065e-01
   9.4999962726e+02   1.1649968388e-01   0.0000000000e+00   5.0000074547e-01   0.0000000000e+00   0.0000000000e+00   3.8349957065e-01
   9.4999962726e+02   1.1649968388e-01   0.0000000000e+00   5.0000074547e-01   0.0000000000e+00   0.0000000000e+00   3.8349957065e-01
   9.4999962726e+02   1.1649968388e-01   0.0000000000e+00   5.0000074547e-01   0.0000000000e+00   0.0000000000e+00   3.8349957065e-01
   9.4999962726e+02   1.1649968388e-01   0.0000000000e+00   5.0000074547e-01   0.0000000000e+00   0.0000000000e+00   3.8349957065e-01
   9.4999962726e+02   1.1649968388e-01   0.0000000000e+00   5.0000074547e-01   0.0000000000e+00   0.0000000000e+00   3.8349957065e-01
   9.4999967069e+02   1.1649970411e-01   0.0000000000e+00   5.0000065861e-01   0.0000000000e+00   0.0000000000e+00   3.8349963727e-01
   9.4999967069e+02   1.1649970411e-01   0.0000000000e+00   5.0000065861e-01   0.0000000000e+00   0.0000000000e+00   3.8349963727e-01
   9.4999967069e+02   1.1649970411e-01   0.0000000000e+00   5.0000065861e-01   0.0000000000e+00   0.0000000000e+00   3.8349963727e-01
   9.4999967069e+02   1.1649970411e-01   0.0000000000e+00   5.0000065861e-01   0.0000000000e+00   0.0000000000e+00   3.8349963727e-01
   9.4999963333e+02   1.1649968670e-01   0.0000000000e+00   5.0000073334e-01   0.0000000000e+00   0.0000000000e+00   3.8349957996e-01
   9.4999963333e+02   1.1649968670e-01   0.0000000000e+00   5.0000073334e-01   0.0000000000e+00   0.0000000000e+00   3.8349957996e-01
   9.4999963333e+02   1.1649968670e-01   0.0000000000e+00   5.0000073334e-01   0.0000000000e+00   0.0000000000e+00   3.8349957996e-01
   9.4999963333e+02   1.1649968670e-01   0.0000000000e+00   5.0000073334e-01   0.0000000000e+00   0.0000000000e+00   3.8349957996e-01
   9.4999954762e+02   1.1649964676e-01   0.0000000000e+00   5.0000090477e-01   0.0000000000e+00   0.0000000000e+00   3.8349944847e-01
   9.4999954762e+02   1.1649964676e-01   0.0000000000e+00   5.0000090477e-01   0.0000000000e+00   0.0000000000e+00   3.8349944847e-01
   9.4999980484e+02   1.1649976662e-01   0.0000000000e+00   5.0000039032e-01   0.0000000000e+00   0.0000000000e+00   3.8349984305e-01
   9.4999980484e+02   1.1649976662e-01   0.0000000000e+00   5.0000039032e-01   0.0000000000e+00   0.0000000000e+00   3.8349984305e-01
   9.4999954762e+02   1.1649964676e-01   0.0000000000e+00   5.0000090477e-01   0.0000000000e+00   0.0000000000e+00   3.8349944847e-01
   9.4999954762e+02   1.1649964676e-01   0.0000000000e+00   5.0000090477e-01   0.0000000000e+00   0.0000000000e+00   3.8349944847e-01
   9.4999980484e+02   1.1649976662e-01   0.0000000000e+00   5.0000039032e-01   0.0000000000e+00   0.0000000000e+00   3.8349984305e-01
   9.4999980484e+02   1.1649976662e-01   0.0000000000e+00   5.0000039032e-01   0.0000000000e+00   0.0000000000e+00   3.8349984305e-01
   9.4999987851e+02   1.1649980096e-01   0.0000000000e+00   5.0000024297e-01   0.0000000000e+00   0.0000000000e+00   3.8349995607e-01
   9.4999987851e+02   1.1649980096e-01   0.0000000000e+00   5.0000024297e-01   0.0000000000e+00   0.0000000000e+00   3.8349995607e-01
   9.4999987851e+02   1.1649980096e-01   0.0000000000e+00   5.0000024297e-01   0.0000000000e+00   0.0000000000e+00   3.8349995607e-01
   9.4999987851e+02   1.1649980096e-01   0.0000000000e+00   5.0000024297e-01   0.0000000000e+00   0.0000000000e+00   3.8349995607e-01
   9.4999954762e+02   1.1649964676e-01   0.0000000000e+00   5.0000090477e-01   0.0000000000e+00   0.0000000000e+00   3.8349944847e-01
   9.4999954762e+02   1.1649964676e-01   0.0000000000e+00   5.0000090477e-01   0.0000000000e+00   0.0000000000e+00   3.8349944847e-01
   9.5000006206e+02   1.1649988649e-01   0.0000000000e+00   4.9999987588e-01   0.0000000000e+00   0.0000000000e+00   3.8350023763e-01
   9.5000006206e+02   1.1649988649e-01   0.0000000000e+00   4.9999987588e-01   0.0000000000e+00   0.0000000000e+00   3.8350023763e-01
   9.5000002811e+02   1.1649987067e-01   0.0000000000e+00   4.9999994379e-01   0.0000000000e+00   0.0000000000e+00   3.8350018554e-01
   9.5000002811e+02   1.1649987067e-01   0.0000000000e+00   4.9999994379e-01   0.0000000000e+00   0.0000000000e+00   3.8350018554e-01
   9.5000002811e+02   1.1649987067e-01   0.0000000000e+00   4.9999994379e-01   0.0000000000e+00   0.0000000000e+00   3.8350018554e-01
   9.5000002811e+02   1.1649987067e-01   0.0000000000e+00   4.9999994379e-01   0.0000000000e+00   0.0000000000e+00   3.8350018554e-01
   9.4999971306e+02   1.1649972386e-01   0.0000000000e+00   5.0000057387e-01   0.0000000000e+00   0.0000000000e+00   3.8349970227e-01
   9.4999971306e+02   1.1649972386e-01   0.0000000000e+00   5.0000057387e-01   0.0000000000e+00   0.0000000000e+00   3.8349970227e-01
   9.4999971306e+02   1.1649972386e-01   0.0000000000e+00   5.0000057387e-01   0.0000000000e+00   0.0000000000e+00   3.8349970227e-01
   9.4999971306e+02   1.1649972386e-01   0.0000000000e+00   5.0000057387e-01   0.0000000000e+00   0.0000000000e+00   3.8349970227e-01
   9.4999971306e+02   1.1649972386e-01   0.0000000000e+00   5.0000057387e-01   0.0000000000e+00   0.0000000000e+00   3.8349970227e-01
   9.4999971306e+02   1.1649972386e-01   0.0000000000e+00   5.0000057387e-01   0.0000000000e+00   0.0000000000e+00   3.8349970227e-01
   9.4999971306e+02   1.1649972386e-01   0.0000000000e+00   5.0000057387e-01   0.0000000000e+00   0.0000000000e+00   3.8349970227e-01
   9.4999971306e+02   1.1649972386e-01   0.0000000000e+00   5.0000057387e-01   0.0000000000e+00   0.0000000000e+00   3.8349970227e-01
   9.5000002811e+02   1.1649987067e-01   0.0000000000e+00   4.9999994379e-01   0.0000000000e+00   0.0000000000e+00   3.8350018554e-01
   9.5000002811e+02   1.1649987067e-01   0.0000000000e+00   4.9999994379e-01   0.0000000000e+00   0.0000000000e+00   3.8350018554e-01
   9.5000002811e+02   1.1649987067e-01   0.0000000000e+00   4.9999994379e-01   0.0000000000e+00   0.0000000000e+00   3.8350018554e-01
   9.5000002811e+02   1.1649987067e-01   0.0000000000e+00   4.9999994379e-01   0.0000000000e+00   0.0000000000e+00   3.8350018554e-01
   9.4999964298e+02   1.1649969120e-01   0.0000000000e+00   5.0000071404e-01   0.0000000000e+00   0.0000000000e+00   3.8349959476e-01
   9.4999964298e+02   1.1649969120e-01   0.0000000000e+00   5.0000071404e-01   0.0000000000e+00   0.0000000000e+00   3.8349959476e-01
   9.4999964298e+02   1.1649969120e-01   0.0000000000e+00   5.0000071404e-01   0.0000000000e+00   0.0000000000e+00   3.8349959476e-01
   9.4999964298e+02   1.1649969120e-01   0.0000000000e+00   5.0000071404e-01   0.0000000000e+00   0.0000000000e+00   3.8349959476e-01
   9.4999964298e+02   1.1649969120e-01   0.0000000000e+00   5.0000071404e-01   0.0000000000e+00   0.0000000000e+00   3.8349959476e-01
   9.4999964298e+02   1.1649969120e-01   0.0000000000e+00   5.0000071404e-01   0.0000000000e+00   0.0000000000e+00   3.8349959476e-01
   9.4999964298e+02   1.1649969120e-01   0.0000000000e+00   5.0000071404e-01   0.0000000000e+00   0.0000000000e+00   3.8349959476e-01
   9.4999964298e+02   1.1649969120e-01   0.0000000000e+00   5.0000071404e-01   0.0000000000e+00   0.0000000000e+00   3.8349959476e-01
   9.4999965557e+02   1.1649969707e-01   0.0000000000e+00   5.0000068885e-01   0.0000000000e+00   0.0000000000e+00   3.8349961408e-01
   9.4999965557e+02   1.1649969707e-01   0.0000000000e+00   5.0000068885e-01   0.0000000000e+00   0.0000000000e+00   3.8349961408e-01
   9.4999965557e+02   1.1649969707e-01   0.0000000000e+00   5.0000068885e-01   0.0000000000e+00   0.0000000000e+00   3.8349961408e-01
   9.4999965557e+02   1.1649969707e-01   0.0000000000e+00   5.0000068885e-01   0.0000000000e+00   0.0000000000e+00   3.8349961408e-01
   9.4999965557e+02   1.1649969707e-01   0.0000000000e+00   5.0000068885e-01   0.0000000000e+00   0.0000000000e+00   3.8349961408e-01
   9.4999965557e+02   1.1649969707e-01   0.0000000000e+00   5.0000068885e-01   0.0000000000e+00   0.0000000000e+00   3.8349961408e-01
   9.4999965557e+02   1.1649969707e-01   0.0000000000e+00   5.0000068885e-01   0.0000000000e+00   0.0000000000e+00   3.8349961408e-01
   9.4999965557e+02   1.1649969707e-01   0.0000000000e+00   5.0000068885e-01   0.0000000000e+00   0.0000000000e+00   3.8349961408e-01
   9.5000001342e+02   1.1649986382e-01   0.0000000000e+00   4.9999997316e-01   0.0000000000e+00   0.0000000000e+00   3.8350016302e-01
   9.5000001342e+02   1.1649986382e-01   0.0000000000e+00   4.9999997316e-01   0.0000000000e+00   0.0000000000e+00   3.8350016302e-01
   9.5000001342e+02   1.1649986382e-01   0.0000000000e+00   4.9999997316e-01   0.0000000000e+00   0.0000000000e+00   3.8350016302e-01
   9.5000001342e+02   1.1649986382e-01   0.0000000000e+00   4.9999997316e-01   0.0000000000e+00   0.0000000000e+00   3.8350016302e-01
   9.5000001342e+02   1.1649986382e-01   0.0000000000e+00   4.9999997316e-01   0.0000000000e+00   0.0000000000e+00   3.8350016302e-01
   9.5000001342e+02   1.1649986382e-01   0.0000000000e+00   4.9999997316e-01   0.0000000000e+00   0.0000000000e+00   3.8350016302e-01
   9.5000001342e+02   1.1649986382e-01   0.0000000000e+00   4.9999997316e-01   0.0000000000e+00   0.0000000000e+00   3.8350016302e-01
   9.5000001342e+02   1.1649986382e-01   0.0000000000e+00   4.9999997316e-01   0.0000000000e+00   0.0000000000e+00   3.8350016302e-01
   9.4999988268e+02   1.1649980290e-01   0.0000000000e+00   5.0000023463e-01   0.0000000000e+00   0.0000000000e+00   3.8349996247e-01
   9.4999988268e+02   1.1649980290e-01   0.0000000000e+00   5.0000023463e-01   0.0000000000e+00   0.0000000000e+00   3.8349996247e-01
   9.4999988268e+02   1.1649980290e-01   0.0000000000e+00   5.0000023463e-01   0.0000000000e+00   0.0000000000e+00   3.8349996247e-01
   9.4999988268e+02   1.1649980290e-01   0.0000000000e+00   5.0000023463e-01   0.0000000000e+00   0.0000000000e+00   3.8349996247e-01
   9.4999988268e+02   1.1649980290e-01   0.0000000000e+00   5.0000023463e-01   0.0000000000e+00   0.0000000000e+00   3.8349996247e-01
   9.4999988268e+02   1.1649980290e-01   0.0000000000e+00   5.0000023463e-01   0.0000000000e+00   0.0000000000e+00   3.8349996247e-01
   9.4999988268e+02   1.1649980290e-01   0.0000000000e+00   5.0000023463e-01   0.0000000000e+00   0.0000000000e+00   3.8349996247e-01
   9.4999988268e+02   1.1649980290e-01   0.0000000000e+00   5.0000023463e-01   0.0000000000e+00   0.0000000000e+00   3.8349996247e-01
   9.5000007245e+02   1.1649989133e-01   0.0000000000e+00   4.9999985509e-01   0.0000000000e+00   0.0000000000e+00   3.8350025357e-01
   9.5000007245e+02   1.1649989133e-01   0.0000000000e+00   4.9999985509e-01   0.0000000000e+00   0.0000000000e+00   3.8350025357e-01
   9.5000003906e+02   1.1649987577e-01   0.0000000000e+00   4.9999992189e-01   0.0000000000e+00   0.0000000000e+00   3.8350020234e-01
   9.5000003906e+02   1.1649987577e-01   0.0000000000e+00   4.9999992189e-01   0.0000000000e+00   0.0000000000e+00   3.8350020234e-01
   9.4999970717e+02   1.1649972111e-01   0.0000000000e+00   5.0000058567e-01   0.0000000000e+00   0.0000000000e+00   3.8349969322e-01
   9.4999970717e+02   1.1649972111e-01   0.0000000000e+00   5.0000058567e-01   0.0000000000e+00   0.0000000000e+00   3.8349969322e-01
   9.4999970717e+02   1.1649972111e-01   0.0000000000e+00   5.0000058567e-01   0.0000000000e+00   0.0000000000e+00   3.8349969322e-01
   9.4999970717e+02   1.1649972111e-01   0.0000000000e+00   5.0000058567e-01   0.0000000000e+00   0.0000000000e+00   3.8349969322e-01
   9.4999989045e+02   1.1649980652e-01   0.0000000000e+00   5.0000021910e-01   0.0000000000e+00   0.0000000000e+00   3.8349997438e-01
   9.4999989045e+02   1.1649980652e-01   0.0000000000e+00   5.0000021910e-01   0.0000000000e+00   0.0000000000e+00   3.8349997438e-01
   9.4999989045e+02   1.1649980652e-01   0.0000000000e+00   5.0000021910e-01   0.0000000000e+00   0.0000000000e+00   3.8349997438e-01
   9.4999989045e+02   1.1649980652e-01   0.0000000000e+00   5.0000021910e-01   0.0000000000e+00   0.0000000000e+00   3.8349997438e-01
   9.5000003906e+02   1.1649987577e-01   0.0000000000e+00   4.9999992189e-01   0.0000000000e+00   0.0000000000e+00   3.8350020234e-01
   9.5000003906e+02   1.1649987577e-01   0.0000000000e+00   4.9999992189e-01   0.0000000000e+00   0.0000000000e+00   3.8350020234e-01
   9.4999970845e+02   1.1649972171e-01   0.0000000000e+00   5.0000058311e-01   0.0000000000e+00   0.0000000000e+00   3.8349969519e-01
   9.4999970845e+02   1.1649972171e-01   0.0000000000e+00   5.0000058311e-01   0.0000000000e+00   0.0000000000e+00   3.8349969519e-01
   9.4999970717e+02   1.1649972111e-01   0.0000000000e+00   5.0000058567e-01   0.0000000000e+00   0.0000000000e+00   3.8349969322e-01
   9.4999970717e+02   1.1649972111e-01   0.0000000000e+00   5.0000058567e-01   0.0000000000e+00   0.0000000000e+00   3.8349969322e-01
   9.4999970589e+02   1.1649972051e-01   0.0000000000e+00   5.0000058823e-01   0.0000000000e+00   0.0000000000e+00   3.8349969126e-01
   9.4999970589e+02   1.1649972051e-01   0.0000000000e+00   5.0000058823e-01   0.0000000000e+00   0.0000000000e+00   3.8349969126e-01
   9.4999970653e+02   1.1649972081e-01   0.0000000000e+00   5.0000058695e-01   0.0000000000e+00   0.0000000000e+00   3.8349969224e-01
   9.4999970653e+02   1.1649972081e-01   0.0000000000e+00   5.0000058695e-01   0.0000000000e+00   0.0000000000e+00   3.8349969224e-01
   9.4999970653e+02   1.1649972081e-01   0.0000000000e+00   5.0000058695e-01   0.0000000000e+00   0.0000000000e+00   3.8349969224e-01
   9.4999970653e+02   1.1649972081e-01   0.0000000000e+00   5.0000058695e-01   0.0000000000e+00   0.0000000000e+00   3.8349969224e-01
   9.5000005575e+02   1.1649988355e-01   0.0000000000e+00   4.9999988849e-01   0.0000000000e+00   0.0000000000e+00   3.8350022796e-01
   9.5000005575e+02   1.1649988355e-01   0.0000000000e+00   4.9999988849e-01   0.0000000000e+00   0.0000000000e+00   3.8350022796e-01
   9.5000005575e+02   1.1649988355e-01   0.0000000000e+00   4.9999988849e-01   0.0000000000e+00   0.0000000000e+00   3.8350022796e-01
   9.5000005575e+02   1.1649988355e-01   0.0000000000e+00   4.9999988849e-01   0.0000000000e+00   0.0000000000e+00   3.8350022796e-01
   9.5000003906e+02   1.1649987577e-01   0.0000000000e+00   4.9999992189e-01   0.0000000000e+00   0.0000000000e+00   3.8350020234e-01
   9.5000003906e+02   1.1649987577e-01   0.0000000000e+00   4.9999992189e-01   0.0000000000e+00   0.0000000000e+00   3.8350020234e-01
   9.5000007245e+02   1.1649989133e-01   0.0000000000e+00   4.9999985509e-01   0.0000000000e+00   0.0000000000e+00   3.8350025357e-01
   9.5000007245e+02   1.1649989133e-01   0.0000000000e+00   4.9999985509e-01   0.0000000000e+00   0.0000000000e+00   3.8350025357e-01
   9.5000119127e+02   1.1650041270e-01   0.0000000000e+00   4.9999761745e-01   0.0000000000e+00   0.0000000000e+00   3.8350196985e-01
   9.5000119127e+02   1.1650041270e-01   0.0000000000e+00   4.9999761745e-01   0.0000000000e+00   0.0000000000e+00   3.8350196985e-01
   9.5000119127e+02   1.1650041270e-01   0.0000000000e+00   4.9999761745e-01   0.0000000000e+00   0.0000000000e+00   3.8350196985e-01
   9.5000119127e+02   1.1650041270e-01   0.0000000000e+00   4.9999761745e-01   0.0000000000e+00   0.0000000000e+00   3.8350196985e-01
   9.5000119127e+02   1.1650041270e-01   0.0000000000e+00   4.9999761745e-01   0.0000000000e+00   0.0000000000e+00   3.8350196985e-01
   9.5000119127e+02   1.1650041270e-01   0.0000000000e+00   4.9999761745e-01   0.0000000000e+00   0.0000000000e+00   3.8350196985e-01
   9.5000119127e+02   1.1650041270e-01   0.0000000000e+00   4.9999761745e-01   0.0000000000e+00   0.0000000000e+00   3.8350196985e-01
   9.5000119127e+02   1.1650041270e-01   0.0000000000e+00   4.9999761745e-01   0.0000000000e+00   0.0000000000e+00   3.8350196985e-01
   9.5000107594e+02   1.1650035896e-01   0.0000000000e+00   4.9999784812e-01   0.0000000000e+00   0.0000000000e+00   3.8350179292e-01
   9.5000107594e+02   1.1650035896e-01   0.0000000000e+00   4.9999784812e-01   0.0000000000e+00   0.0000000000e+00   3.8350179292e-01
   9.5000107594e+02   1.1650035896e-01   0.0000000000e+00   4.9999784812e-01   0.0000000000e+00   0.0000000000e+00   3.8350179292e-01
   9.5000107594e+02   1.1650035896e-01   0.0000000000e+00   4.9999784812e-01   0.0000000000e+00   0.0000000000e+00   3.8350179292e-01
   9.5000084527e+02   1.1650025147e-01   0.0000000000e+00   4.9999830946e-01   0.0000000000e+00   0.0000000000e+00   3.8350143908e-01
   9.5000084527e+02   1.1650025147e-01   0.0000000000e+00   4.9999830946e-01   0.0000000000e+00   0.0000000000e+00   3.8350143908e-01
   9.5000084527e+02   1.1650025147e-01   0.0000000000e+00   4.9999830946e-01   0.0000000000e+00   0.0000000000e+00   3.8350143908e-01
   9.5000084527e+02   1.1650025147e-01   0.0000000000e+00   4.9999830946e-01   0.0000000000e+00   0.0000000000e+00   3.8350143908e-01
   9.4999958008e+02   1.1649966189e-01   0.0000000000e+00   5.0000083985e-01   0.0000000000e+00   0.0000000000e+00   3.8349949827e-01
   9.4999958008e+02   1.1649966189e-01   0.0000000000e+00   5.0000083985e-01   0.0000000000e+00   0.0000000000e+00   3.8349949827e-01
   9.4999964421e+02   1.1649969177e-01   0.0000000000e+00   5.0000071159e-01   0.0000000000e+00   0.0000000000e+00   3.8349959664e-01
   9.4999964421e+02   1.1649969177e-01   0.0000000000e+00   5.0000071159e-01   0.0000000000e+00   0.0000000000e+00   3.8349959664e-01
   9.4999964421e+02   1.1649969177e-01   0.0000000000e+00   5.0000071159e-01   0.0000000000e+00   0.0000000000e+00   3.8349959664e-01
   9.4999964421e+02   1.1649969177e-01   0.0000000000e+00   5.0000071159e-01   0.0000000000e+00   0.0000000000e+00   3.8349959664e-01
   9.4999958008e+02   1.1649966189e-01   0.0000000000e+00   5.0000083985e-01   0.0000000000e+00   0.0000000000e+00   3.8349949827e-01
   9.4999958008e+02   1.1649966189e-01   0.0000000000e+00   5.0000083985e-01   0.0000000000e+00   0.0000000000e+00   3.8349949827e-01
   9.4999961214e+02   1.1649967683e-01   0.0000000000e+00   5.0000077572e-01   0.0000000000e+00   0.0000000000e+00   3.8349954745e-01
   9.4999961214e+02   1.1649967683e-01   0.0000000000e+00   5.0000077572e-01   0.0000000000e+00   0.0000000000e+00   3.8349954745e-01
   9.4999961214e+02   1.1649967683e-01   0.0000000000e+00   5.0000077572e-01   0.0000000000e+00   0.0000000000e+00   3.8349954745e-01
   9.4999961214e+02   1.1649967683e-01   0.0000000000e+00   5.0000077572e-01   0.0000000000e+00   0.0000000000e+00   3.8349954745e-01
   9.4999961214e+02   1.1649967683e-01   0.0000000000e+00   5.0000077572e-01   0.0000000000e+00   0.0000000000e+00   3.8349954745e-01
   9.4999961214e+02   1.1649967683e-01   0.0000000000e+00   5.0000077572e-01   0.0000000000e+00   0.0000000000e+00   3.8349954745e-01
   9.4999961214e+02   1.1649967683e-01   0.0000000000e+00   5.0000077572e-01   0.0000000000e+00   0.0000000000e+00   3.8349954745e-01
   9.4999961214e+02   1.1649967683e-01   0.0000000000e+00   5.0000077572e-01   0.0000000000e+00   0.0000000000e+00   3.8349954745e-01
   9.4999994223e+02   1.1649983065e-01   0.0000000000e+00   5.0000011555e-01   0.0000000000e+00   0.0000000000e+00   3.8350005380e-01
   9.4999994223e+02   1.1649983065e-01   0.0000000000e+00   5.0000011555e-01   0.0000000000e+00   0.0000000000e+00   3.8350005380e-01
   9.4999994223e+02   1.1649983065e-01   0.0000000000e+00   5.0000011555e-01   0.0000000000e+00   0.0000000000e+00   3.8350005380e-01
   9.4999994223e+02   1.1649983065e-01   0.0000000000e+00   5.0000011555e-01   0.0000000000e+00   0.0000000000e+00   3.8350005380e-01
   9.4999977907e+02   1.1649975461e-01   0.0000000000e+00   5.0000044187e-01   0.0000000000e+00   0.0000000000e+00   3.8349980352e-01
   9.4999977907e+02   1.1649975461e-01   0.0000000000e+00   5.0000044187e-01   0.0000000000e+00   0.0000000000e+00   3.8349980352e-01
   9.4999977907e+02   1.1649975461e-01   0.0000000000e+00   5.0000044187e-01   0.0000000000e+00   0.0000000000e+00   3.8349980352e-01
   9.4999977907e+02   1.1649975461e-01   0.0000000000e+00   5.0000044187e-01   0.0000000000e+00   0.0000000000e+00   3.8349980352e-01
   9.4999977907e+02   1.1649975461e-01   0.0000000000e+00   5.0000044187e-01   0.0000000000e+00   0.0000000000e+00   3.8349980352e-01
   9.4999977907e+02   1.1649975461e-01   0.0000000000e+00   5.0000044187e-01   0.0000000000e+00   0.0000000000e+00   3.8349980352e-01
   9.4999977907e+02   1.1649975461e-01   0.0000000000e+00   5.0000044187e-01   0.0000000000e+00   0.0000000000e+00   3.8349980352e-01
   9.4999977907e+02   1.1649975461e-01   0.0000000000e+00   5.0000044187e-01   0.0000000000e+00   0.0000000000e+00   3.8349980352e-01
   9.4999961018e+02   1.1649967591e-01   0.0000000000e+00   5.0000077964e-01   0.0000000000e+00   0.0000000000e+00   3.8349954444e-01
   9.4999961018e+02   1.1649967591e-01   0.0000000000e+00   5.0000077964e-01   0.0000000000e+00   0.0000000000e+00   3.8349954444e-01
   9.4999961018e+02   1.1649967591e-01   0.0000000000e+00   5.0000077964e-01   0.0000000000e+00   0.0000000000e+00   3.8349954444e-01
   9.4999961018e+02   1.1649967591e-01   0.0000000000e+00   5.0000077964e-01   0.0000000000e+00   0.0000000000e+00   3.8349954444e-01
   9.4999994795e+02   1.1649983332e-01   0.0000000000e+00   5.0000010409e-01   0.0000000000e+00   0.0000000000e+00   3.8350006259e-01
   9.4999994795e+02   1.1649983332e-01   0.0000000000e+00   5.0000010409e-01   0.0000000000e+00   0.0000000000e+00   3.8350006259e-01
   9.4999995082e+02   1.1649983465e-01   0.0000000000e+00   5.0000009836e-01   0.0000000000e+00   0.0000000000e+00   3.8350006698e-01
   9.4999995082e+02   1.1649983465e-01   0.0000000000e+00   5.0000009836e-01   0.0000000000e+00   0.0000000000e+00   3.8350006698e-01
   9.4999995368e+02   1.1649983599e-01   0.0000000000e+00   5.0000009264e-01   0.0000000000e+00   0.0000000000e+00   3.8350007138e-01
   9.4999995368e+02   1.1649983599e-01   0.0000000000e+00   5.0000009264e-01   0.0000000000e+00   0.0000000000e+00   3.8350007138e-01
   9.4999995082e+02   1.1649983465e-01   0.0000000000e+00   5.0000009836e-01   0.0000000000e+00   0.0000000000e+00   3.8350006698e-01
   9.4999995082e+02   1.1649983465e-01   0.0000000000e+00   5.0000009836e-01   0.0000000000e+00   0.0000000000e+00   3.8350006698e-01
   9.4999965496e+02   1.1649969678e-01   0.0000000000e+00   5.0000069009e-01   0.0000000000e+00   0.0000000000e+00   3.8349961313e-01
   9.4999965496e+02   1.1649969678e-01   0.0000000000e+00   5.0000069009e-01   0.0000000000e+00   0.0000000000e+00   3.8349961313e-01
   9.4999965496e+02   1.1649969678e-01   0.0000000000e+00   5.0000069009e-01   0.0000000000e+00   0.0000000000e+00   3.8349961313e-01
   9.4999965496e+02   1.1649969678e-01   0.0000000000e+00   5.0000069009e-01   0.0000000000e+00   0.0000000000e+00   3.8349961313e-01
   9.4999956540e+02   1.1649965505e-01   0.0000000000e+00   5.0000086920e-01   0.0000000000e+00   0.0000000000e+00   3.8349947575e-01
   9.4999956540e+02   1.1649965505e-01   0.0000000000e+00   5.0000086920e-01   0.0000000000e+00   0.0000000000e+00   3.8349947575e-01
   9.4999956540e+02   1.1649965505e-01   0.0000000000e+00   5.0000086920e-01   0.0000000000e+00   0.0000000000e+00   3.8349947575e-01
   9.4999956540e+02   1.1649965505e-01   0.0000000000e+00   5.0000086920e-01   0.0000000000e+00   0.0000000000e+00   3.8349947575e-01
   9.5000064128e+02   1.1650015641e-01   0.0000000000e+00   4.9999871744e-01   0.0000000000e+00   0.0000000000e+00   3.8350112615e-01
   9.5000064128e+02   1.1650015641e-01   0.0000000000e+00   4.9999871744e-01   0.0000000000e+00   0.0000000000e+00   3.8350112615e-01
   9.5000064128e+02   1.1650015641e-01   0.0000000000e+00   4.9999871744e-01   0.0000000000e+00   0.0000000000e+00   3.8350112615e-01
   9.5000064128e+02   1.1650015641e-01   0.0000000000e+00   4.9999871744e-01   0.0000000000e+00   0.0000000000e+00   3.8350112615e-01
   9.5000064128e+02   1.1650015641e-01   0.0000000000e+00   4.9999871744e-01   0.0000000000e+00   0.0000000000e+00   3.8350112615e-01
   9.5000064128e+02   1.1650015641e-01   0.0000000000e+00   4.9999871744e-01   0.0000000000e+00   0.0000000000e+00   3.8350112615e-01
   9.5000064128e+02   1.1650015641e-01   0.0000000000e+00   4.9999871744e-01   0.0000000000e+00   0.0000000000e+00   3.8350112615e-01
   9.5000064128e+02   1.1650015641e-01   0.0000000000e+00   4.9999871744e-01   0.0000000000e+00   0.0000000000e+00   3.8350112615e-01
   9.4999941694e+02   1.1649958586e-01   0.0000000000e+00   5.0000116612e-01   0.0000000000e+00   0.0000000000e+00   3.8349924801e-01
   9.4999941694e+02   1.1649958586e-01   0.0000000000e+00   5.0000116612e-01   0.0000000000e+00   0.0000000000e+00   3.8349924801e-01
   9.4999941694e+02   1.1649958586e-01   0.0000000000e+00   5.0000116612e-01   0.0000000000e+00   0.0000000000e+00   3.8349924801e-01
   9.4999941694e+02   1.1649958586e-01   0.0000000000e+00   5.0000116612e-01   0.0000000000e+00   0.0000000000e+00   3.8349924801e-01
   9.4999961018e+02   1.1649967591e-01   0.0000000000e+00   5.0000077964e-01   0.0000000000e+00   0.0000000000e+00   3.8349954444e-01
   9.4999961018e+02   1.1649967591e-01   0.0000000000e+00   5.0000077964e-01   0.0000000000e+00   0.0000000000e+00   3.8349954444e-01
   9.4999961018e+02   1.1649967591e-01   0.0000000000e+00   5.0000077964e-01   0.0000000000e+00   0.0000000000e+00   3.8349954444e-01
   9.4999961018e+02   1.1649967591e-01   0.0000000000e+00   5.0000077964e-01   0.0000000000e+00   0.0000000000e+00   3.8349954444e-01
   9.5000073790e+02   1.1650020143e-01   0.0000000000e+00   4.9999852420e-01   0.0000000000e+00   0.0000000000e+00   3.8350127437e-01
   9.5000073790e+02   1.1650020143e-01   0.0000000000e+00   4.9999852420e-01   0.0000000000e+00   0.0000000000e+00   3.8350127437e-01
   9.5000073790e+02   1.1650020143e-01   0.0000000000e+00   4.9999852420e-01   0.0000000000e+00   0.0000000000e+00   3.8350127437e-01
   9.5000073790e+02   1.1650020143e-01   0.0000000000e+00   4.9999852420e-01   0.0000000000e+00   0.0000000000e+00   3.8350127437e-01
   9.5000167238e+02   1.1650063690e-01   0.0000000000e+00   4.9999665524e-01   0.0000000000e+00   0.0000000000e+00   3.8350270786e-01
   9.5000167238e+02   1.1650063690e-01   0.0000000000e+00   4.9999665524e-01   0.0000000000e+00   0.0000000000e+00   3.8350270786e-01
   9.5000167238e+02   1.1650063690e-01   0.0000000000e+00   4.9999665524e-01   0.0000000000e+00   0.0000000000e+00   3.8350270786e-01
   9.5000167238e+02   1.1650063690e-01   0.0000000000e+00   4.9999665524e-01   0.0000000000e+00   0.0000000000e+00   3.8350270786e-01
   9.5000120514e+02   1.1650041916e-01   0.0000000000e+00   4.9999758972e-01   0.0000000000e+00   0.0000000000e+00   3.8350199111e-01
   9.5000120514e+02   1.1650041916e-01   0.0000000000e+00   4.9999758972e-01   0.0000000000e+00   0.0000000000e+00   3.8350199111e-01
   9.5000120514e+02   1.1650041916e-01   0.0000000000e+00   4.9999758972e-01   0.0000000000e+00   0.0000000000e+00   3.8350199111e-01
   9.5000120514e+02   1.1650041916e-01   0.0000000000e+00   4.9999758972e-01   0.0000000000e+00   0.0000000000e+00   3.8350199111e-01
   9.5000167238e+02   1.1650063690e-01   0.0000000000e+00   4.9999665524e-01   0.0000000000e+00   0.0000000000e+00   3.8350270786e-01
   9.5000167238e+02   1.1650063690e-01   0.0000000000e+00   4.9999665524e-01   0.0000000000e+00   0.0000000000e+00   3.8350270786e-01
   9.5000073790e+02   1.1650020143e-01   0.0000000000e+00   4.9999852420e-01   0.0000000000e+00   0.0000000000e+00   3.8350127437e-01
   9.5000073790e+02   1.1650020143e-01   0.0000000000e+00   4.9999852420e-01   0.0000000000e+00   0.0000000000e+00   3.8350127437e-01