# time = 19.2201
# Grid Poins = 256    variable_0    variable_1    variable_2    variable_3    variable_4    variable_5    variable_6
   9.5387605056e+02   1.1830609492e-01   0.0000000000e+00   4.9224789888e-01   0.0000000000e+00   0.0000000000e+00   3.8944600620e-01
   9.5387605056e+02   1.1830609492e-01   0.0000000000e+00   4.9224789888e-01   0.0000000000e+00   0.0000000000e+00   3.8944600620e-01
   9.5387605056e+02   1.1830609492e-01   0.0000000000e+00   4.9224789888e-01   0.0000000000e+00   0.0000000000e+00   3.8944600620e-01
   9.5387605056e+02   1.1830609492e-01   0.0000000000e+00   4.9224789888e-01   0.0000000000e+00   0.0000000000e+00   3.8944600620e-01
   9.5387605056e+02   1.1830609492e-01   0.0000000000e+00   4.9224789888e-01   0.0000000000e+00   0.0000000000e+00   3.8944600620e-01
   9.5387605056e+02   1.1830609492e-01   0.0000000000e+00   4.9224789888e-01   0.0000000000e+00   0.0000000000e+00   3.8944600620e-01
   9.5387605056e+02   1.1830609492e-01   0.0000000000e+00   4.9224789888e-01   0.0000000000e+00   0.0000000000e+00   3.8944600620e-01
   9.5387605056e+02   1.1830609492e-01   0.0000000000e+00   4.9224789888e-01   0.0000000000e+00   0.0000000000e+00   3.8944600620e-01
   9.5908487656e+02   1.2073340487e-01   0.0000000000e+00   4.8183024687e-01   0.0000000000e+00   0.0000000000e+00   3.9743634825e-01
   9.5908487656e+02   1.2073340487e-01   0.0000000000e+00   4.8183024687e-01   0.0000000000e+00   0.0000000000e+00   3.9743634825e-01
   9.5908487656e+02   1.2073340487e-01   0.0000000000e+00   4.8183024687e-01   0.0000000000e+00   0.0000000000e+00   3.9743634825e-01
   9.5908487656e+02   1.2073340487e-01   0.0000000000e+00   4.8183024687e-01   0.0000000000e+00   0.0000000000e+00   3.9743634825e-01
   9.5648046356e+02   1.1951974990e-01   0.0000000000e+00   4.8703907288e-01   0.0000000000e+00   0.0000000000e+00   3.9344117723e-01
   9.5648046356e+02   1.1951974990e-01   0.0000000000e+00   4.8703907288e-01   0.0000000000e+00   0.0000000000e+00   3.9344117723e-01
   9.6168928956e+02   1.2194705985e-01   0.0000000000e+00   4.7662142087e-01   0.0000000000e+00   0.0000000000e+00   4.0143151928e-01
   9.6168928956e+02   1.2194705985e-01   0.0000000000e+00   4.7662142087e-01   0.0000000000e+00   0.0000000000e+00   4.0143151928e-01
   9.6207641959e+02   1.2212746222e-01   0.0000000000e+00   4.7584716082e-01   0.0000000000e+00   0.0000000000e+00   4.0202537696e-01
   9.6207641959e+02   1.2212746222e-01   0.0000000000e+00   4.7584716082e-01   0.0000000000e+00   0.0000000000e+00   4.0202537696e-01
   9.6207641959e+02   1.2212746222e-01   0.0000000000e+00   4.7584716082e-01   0.0000000000e+00   0.0000000000e+00   4.0202537696e-01
   9.6207641959e+02   1.2212746222e-01   0.0000000000e+00   4.7584716082e-01   0.0000000000e+00   0.0000000000e+00   4.0202537696e-01
   9.6207641959e+02   1.2212746222e-01   0.0000000000e+00   4.7584716082e-01   0.0000000000e+00   0.0000000000e+00   4.0202537696e-01
   9.6207641959e+02   1.2212746222e-01   0.0000000000e+00   4.7584716082e-01   0.0000000000e+00   0.0000000000e+00   4.0202537696e-01
   9.6207641959e+02   1.2212746222e-01   0.0000000000e+00   4.7584716082e-01   0.0000000000e+00   0.0000000000e+00   4.0202537696e-01
   9.6207641959e+02   1.2212746222e-01   0.0000000000e+00   4.7584716082e-01   0.0000000000e+00   0.0000000000e+00   4.0202537696e-01
   9.6207641959e+02   1.2212746222e-01   0.0000000000e+00   4.7584716082e-01   0.0000000000e+00   0.0000000000e+00   4.0202537696e-01
   9.6207641959e+02   1.2212746222e-01   0.0000000000e+00   4.7584716082e-01   0.0000000000e+00   0.0000000000e+00   4.0202537696e-01
   9.6207641959e+02   1.2212746222e-01   0.0000000000e+00   4.7584716082e-01   0.0000000000e+00   0.0000000000e+00   4.0202537696e-01
   9.6207641959e+02   1.2212746222e-01   0.0000000000e+00   4.7584716082e-01   0.0000000000e+00   0.0000000000e+00   4.0202537696e-01
   9.6207641959e+02   1.2212746222e-01   0.0000000000e+00   4.7584716082e-01   0.0000000000e+00   0.0000000000e+00   4.0202537696e-01
   9.6207641959e+02   1.2212746222e-01   0.0000000000e+00   4.7584716082e-01   0.0000000000e+00   0.0000000000e+00   4.0202537696e-01
   9.6207641959e+02   1.2212746222e-01   0.0000000000e+00   4.7584716082e-01   0.0000000000e+00   0.0000000000e+00   4.0202537696e-01
   9.6207641959e+02   1.2212746222e-01   0.0000000000e+00   4.7584716082e-01   0.0000000000e+00   0.0000000000e+00   4.0202537696e-01
   9.3496752993e+02   1.0949473508e-01   0.0000000000e+00   5.3006494014e-01   0.0000000000e+00   0.0000000000e+00   3.6044032478e-01
   9.3496752993e+02   1.0949473508e-01   0.0000000000e+00   5.3006494014e-01   0.0000000000e+00   0.0000000000e+00   3.6044032478e-01
   9.3496752993e+02   1.0949473508e-01   0.0000000000e+00   5.3006494014e-01   0.0000000000e+00   0.0000000000e+00   3.6044032478e-01
   9.3496752993e+02   1.0949473508e-01   0.0000000000e+00   5.3006494014e-01   0.0000000000e+00   0.0000000000e+00   3.6044032478e-01
   9.3496752993e+02   1.0949473508e-01   0.0000000000e+00   5.3006494014e-01   0.0000000000e+00   0.0000000000e+00   3.6044032478e-01
   9.3496752993e+02   1.0949473508e-01   0.0000000000e+00   5.3006494014e-01   0.0000000000e+00   0.0000000000e+00   3.6044032478e-01
   9.3496752993e+02   1.0949473508e-01   0.0000000000e+00   5.3006494014e-01   0.0000000000e+00   0.0000000000e+00   3.6044032478e-01
   9.3496752993e+02   1.0949473508e-01   0.0000000000e+00   5.3006494014e-01   0.0000000000e+00   0.0000000000e+00   3.6044032478e-01
   9.3496752993e+02   1.0949473508e-01   0.0000000000e+00   5.3006494014e-01   0.0000000000e+00   0.0000000000e+00   3.6044032478e-01
   9.3496752993e+02   1.0949473508e-01   0.0000000000e+00   5.3006494014e-01   0.0000000000e+00   0.0000000000e+00   3.6044032478e-01
   9.3496752993e+02   1.0949473508e-01   0.0000000000e+00   5.3006494014e-01   0.0000000000e+00   0.0000000000e+00   3.6044032478e-01
   9.3496752993e+02   1.0949473508e-01   0.0000000000e+00   5.3006494014e-01   0.0000000000e+00   0.0000000000e+00   3.6044032478e-01
   9.3496752993e+02   1.0949473508e-01   0.0000000000e+00   5.3006494014e-01   0.0000000000e+00   0.0000000000e+00   3.6044032478e-01
   9.3496752993e+02   1.0949473508e-01   0.0000000000e+00   5.3006494014e-01   0.0000000000e+00   0.0000000000e+00   3.6044032478e-01
   9.3496752993e+02   1.0949473508e-01   0.0000000000e+00   5.3006494014e-01   0.0000000000e+00   0.0000000000e+00   3.6044032478e-01
   9.3496752993e+02   1.0949473508e-01   0.0000000000e+00   5.3006494014e-01   0.0000000000e+00   0.0000000000e+00   3.6044032478e-01
   9.6283896683e+02   1.2248280880e-01   0.0000000000e+00   4.7432206634e-01   0.0000000000e+00   0.0000000000e+00   4.0319512486e-01
   9.6283896683e+02   1.2248280880e-01   0.0000000000e+00   4.7432206634e-01   0.0000000000e+00   0.0000000000e+00   4.0319512486e-01
   9.6283896683e+02   1.2248280880e-01   0.0000000000e+00   4.7432206634e-01   0.0000000000e+00   0.0000000000e+00   4.0319512486e-01
   9.6283896683e+02   1.2248280880e-01   0.0000000000e+00   4.7432206634e-01   0.0000000000e+00   0.0000000000e+00   4.0319512486e-01
   9.6283896683e+02   1.2248280880e-01   0.0000000000e+00   4.7432206634e-01   0.0000000000e+00   0.0000000000e+00   4.0319512486e-01
   9.6283896683e+02   1.2248280880e-01   0.0000000000e+00   4.7432206634e-01   0.0000000000e+00   0.0000000000e+00   4.0319512486e-01
   9.6283896683e+02   1.2248280880e-01   0.0000000000e+00   4.7432206634e-01   0.0000000000e+00   0.0000000000e+00   4.0319512486e-01
   9.6283896683e+02   1.2248280880e-01   0.0000000000e+00   4.7432206634e-01   0.0000000000e+00   0.0000000000e+00   4.0319512486e-01
   9.6085326266e+02   1.2155747179e-01   0.0000000000e+00   4.7829347467e-01   0.0000000000e+00   0.0000000000e+00   4.0014905354e-01
   9.6085326266e+02   1.2155747179e-01   0.0000000000e+00   4.7829347467e-01   0.0000000000e+00   0.0000000000e+00   4.0014905354e-01
   9.6085326266e+02   1.2155747179e-01   0.0000000000e+00   4.7829347467e-01   0.0000000000e+00   0.0000000000e+00   4.0014905354e-01
   9.6085326266e+02   1.2155747179e-01   0.0000000000e+00   4.7829347467e-01   0.0000000000e+00   0.0000000000e+00   4.0014905354e-01
   9.6085326266e+02   1.2155747179e-01   0.0000000000e+00   4.7829347467e-01   0.0000000000e+00   0.0000000000e+00   4.0014905354e-01
   9.6085326266e+02   1.2155747179e-01   0.0000000000e+00   4.7829347467e-01   0.0000000000e+00   0.0000000000e+00   4.0014905354e-01
   9.6085326266e+02   1.2155747179e-01   0.0000000000e+00   4.7829347467e-01   0.0000000000e+00   0.0000000000e+00   4.0014905354e-01
   9.6085326266e+02   1.2155747179e-01   0.0000000000e+00   4.7829347467e-01   0.0000000000e+00   0.0000000000e+00   4.0014905354e-01
   9.6193877410e+02   1.2206331950e-01   0.0000000000e+00   4.7612245180e-01   0.0000000000e+00   0.0000000000e+00   4.0181422870e-01
   9.6193877410e+02   1.2206331950e-01   0.0000000000e+00   4.7612245180e-01   0.0000000000e+00   0.0000000000e+00   4.0181422870e-01
   9.6193877410e+02   1.2206331950e-01   0.0000000000e+00   4.7612245180e-01   0.0000000000e+00   0.0000000000e+00   4.0181422870e-01
   9.6193877410e+02   1.2206331950e-01   0.0000000000e+00   4.7612245180e-01   0.0000000000e+00   0.0000000000e+00   4.0181422870e-01
   9.6193877410e+02   1.2206331950e-01   0.0000000000e+00   4.7612245180e-01   0.0000000000e+00   0.0000000000e+00   4.0181422870e-01
   9.6193877410e+02   1.2206331950e-01   0.0000000000e+00   4.7612245180e-01   0.0000000000e+00   0.0000000000e+00   4.0181422870e-01
   9.6193877410e+02   1.2206331950e-01   0.0000000000e+00   4.7612245180e-01   0.0000000000e+00   0.0000000000e+00   4.0181422870e-01
   9.6193877410e+02   1.2206331950e-01   0.0000000000e+00   4.7612245180e-01   0.0000000000e+00   0.0000000000e+00   4.0181422870e-01
   9.3628009134e+02   1.1010638795e-01   0.0000000000e+00   5.2743981732e-01   0.0000000000e+00   0.0000000000e+00   3.6245379473e-01
   9.3628009134e+02   1.1010638795e-01   0.0000000000e+00   5.2743981732e-01   0.0000000000e+00   0.0000000000e+00   3.6245379473e-01
   9.3628009134e+02   1.1010638795e-01   0.0000000000e+00   5.2743981732e-01   0.0000000000e+00   0.0000000000e+00   3.6245379473e-01
   9.3628009134e+02   1.1010638795e-01   0.0000000000e+00   5.2743981732e-01   0.0000000000e+00   0.0000000000e+00   3.6245379473e-01
   9.3628009134e+02   1.1010638795e-01   0.0000000000e+00   5.2743981732e-01   0.0000000000e+00   0.0000000000e+00   3.6245379473e-01
   9.3628009134e+02   1.1010638795e-01   0.0000000000e+00   5.2743981732e-01   0.0000000000e+00   0.0000000000e+00   3.6245379473e-01
   9.3628009134e+02   1.1010638795e-01   0.0000000000e+00   5.2743981732e-01   0.0000000000e+00   0.0000000000e+00   3.6245379473e-01
   9.3628009134e+02   1.1010638795e-01   0.0000000000e+00   5.2743981732e-01   0.0000000000e+00   0.0000000000e+00   3.6245379473e-01
   9.3635844620e+02   1.1014290127e-01   0.0000000000e+00   5.2728310760e-01   0.0000000000e+00   0.0000000000e+00   3.6257399113e-01
   9.3635844620e+02   1.1014290127e-01   0.0000000000e+00   5.2728310760e-01   0.0000000000e+00   0.0000000000e+00   3.6257399113e-01
   9.3635844620e+02   1.1014290127e-01   0.0000000000e+00   5.2728310760e-01   0.0000000000e+00   0.0000000000e+00   3.6257399113e-01
   9.3635844620e+02   1.1014290127e-01   0.0000000000e+00   5.2728310760e-01   0.0000000000e+00   0.0000000000e+00   3.6257399113e-01
   9.3635844620e+02   1.1014290127e-01   0.0000000000e+00   5.2728310760e-01   0.0000000000e+00   0.0000000000e+00   3.6257399113e-01
   9.3635844620e+02   1.1014290127e-01   0.0000000000e+00   5.2728310760e-01   0.0000000000e+00   0.0000000000e+00   3.6257399113e-01
   9.3635844620e+02   1.1014290127e-01   0.0000000000e+00   5.2728310760e-01   0.0000000000e+00   0.0000000000e+00   3.6257399113e-01
   9.3635844620e+02   1.1014290127e-01   0.0000000000e+00   5.2728310760e-01   0.0000000000e+00   0.0000000000e+00   3.6257399113e-01
   9.6195701975e+02   1.2207182196e-01   0.0000000000e+00   4.7608596050e-01   0.0000000000e+00   0.0000000000e+00   4.0184221754e-01
   9.6195701975e+02   1.2207182196e-01   0.0000000000e+00   4.7608596050e-01   0.0000000000e+00   0.0000000000e+00   4.0184221754e-01
   9.6195701975e+02   1.2207182196e-01   0.0000000000e+00   4.7608596050e-01   0.0000000000e+00   0.0000000000e+00   4.0184221754e-01
   9.6195701975e+02   1.2207182196e-01   0.0000000000e+00   4.7608596050e-01   0.0000000000e+00   0.0000000000e+00   4.0184221754e-01
   9.6195701975e+02   1.2207182196e-01   0.0000000000e+00   4.7608596050e-01   0.0000000000e+00   0.0000000000e+00   4.0184221754e-01
   9.6195701975e+02   1.2207182196e-01   0.0000000000e+00   4.7608596050e-01   0.0000000000e+00   0.0000000000e+00   4.0184221754e-01
   9.6195701975e+02   1.2207182196e-01   0.0000000000e+00   4.7608596050e-01   0.0000000000e+00   0.0000000000e+00   4.0184221754e-01
   9.6195701975e+02   1.2207182196e-01   0.0000000000e+00   4.7608596050e-01   0.0000000000e+00   0.0000000000e+00   4.0184221754e-01
   9.6589034793e+02   1.2390475065e-01   0.0000000000e+00   4.6821930415e-01   0.0000000000e+00   0.0000000000e+00   4.0787594520e-01
   9.6589034793e+02   1.2390475065e-01   0.0000000000e+00   4.6821930415e-01   0.0000000000e+00   0.0000000000e+00   4.0787594520e-01
   9.5605455624e+02   1.1932127733e-01   0.0000000000e+00   4.8789088751e-01   0.0000000000e+00   0.0000000000e+00   3.9278783516e-01
   9.5605455624e+02   1.1932127733e-01   0.0000000000e+00   4.8789088751e-01   0.0000000000e+00   0.0000000000e+00   3.9278783516e-01
   9.6097245209e+02   1.2161301399e-01   0.0000000000e+00   4.7805509583e-01   0.0000000000e+00   0.0000000000e+00   4.0033189018e-01
   9.6097245209e+02   1.2161301399e-01   0.0000000000e+00   4.7805509583e-01   0.0000000000e+00   0.0000000000e+00   4.0033189018e-01
   9.6097245209e+02   1.2161301399e-01   0.0000000000e+00   4.7805509583e-01   0.0000000000e+00   0.0000000000e+00   4.0033189018e-01
   9.6097245209e+02   1.2161301399e-01   0.0000000000e+00   4.7805509583e-01   0.0000000000e+00   0.0000000000e+00   4.0033189018e-01
   9.4100351628e+02   1.1230750128e-01   0.0000000000e+00   5.1799296744e-01   0.0000000000e+00   0.0000000000e+00   3.6969953128e-01
   9.4100351628e+02   1.1230750128e-01   0.0000000000e+00   5.1799296744e-01   0.0000000000e+00   0.0000000000e+00   3.6969953128e-01
   9.4337467297e+02   1.1341245895e-01   0.0000000000e+00   5.1325065407e-01   0.0000000000e+00   0.0000000000e+00   3.7333688698e-01
   9.4337467297e+02   1.1341245895e-01   0.0000000000e+00   5.1325065407e-01   0.0000000000e+00   0.0000000000e+00   3.7333688698e-01
   9.4218909462e+02   1.1285998011e-01   0.0000000000e+00   5.1562181076e-01   0.0000000000e+00   0.0000000000e+00   3.7151820913e-01
   9.4218909462e+02   1.1285998011e-01   0.0000000000e+00   5.1562181076e-01   0.0000000000e+00   0.0000000000e+00   3.7151820913e-01
   9.4218909462e+02   1.1285998011e-01   0.0000000000e+00   5.1562181076e-01   0.0000000000e+00   0.0000000000e+00   3.7151820913e-01
   9.4218909462e+02   1.1285998011e-01   0.0000000000e+00   5.1562181076e-01   0.0000000000e+00   0.0000000000e+00   3.7151820913e-01
   9.4164817799e+02   1.1260791327e-01   0.0000000000e+00   5.1670364402e-01   0.0000000000e+00   0.0000000000e+00   3.7068844271e-01
   9.4164817799e+02   1.1260791327e-01   0.0000000000e+00   5.1670364402e-01   0.0000000000e+00   0.0000000000e+00   3.7068844271e-01
   9.4337467297e+02   1.1341245895e-01   0.0000000000e+00   5.1325065407e-01   0.0000000000e+00   0.0000000000e+00   3.7333688698e-01
   9.4337467297e+02   1.1341245895e-01   0.0000000000e+00   5.1325065407e-01   0.0000000000e+00   0.0000000000e+00   3.7333688698e-01
   9.4251142548e+02   1.1301018611e-01   0.0000000000e+00   5.1497714904e-01   0.0000000000e+00   0.0000000000e+00   3.7201266485e-01
   9.4251142548e+02   1.1301018611e-01   0.0000000000e+00   5.1497714904e-01   0.0000000000e+00   0.0000000000e+00   3.7201266485e-01
   9.4251142548e+02   1.1301018611e-01   0.0000000000e+00   5.1497714904e-01   0.0000000000e+00   0.0000000000e+00   3.7201266485e-01
   9.4251142548e+02   1.1301018611e-01   0.0000000000e+00   5.1497714904e-01   0.0000000000e+00   0.0000000000e+00   3.7201266485e-01
   9.6589034793e+02   1.2390475065e-01   0.0000000000e+00   4.6821930415e-01   0.0000000000e+00   0.0000000000e+00   4.0787594520e-01
   9.6589034793e+02   1.2390475065e-01   0.0000000000e+00   4.6821930415e-01   0.0000000000e+00   0.0000000000e+00   4.0787594520e-01
   9.5352076799e+02   1.1814053345e-01   0.0000000000e+00   4.9295846402e-01   0.0000000000e+00   0.0000000000e+00   3.8890100253e-01
   9.5352076799e+02   1.1814053345e-01   0.0000000000e+00   4.9295846402e-01   0.0000000000e+00   0.0000000000e+00   3.8890100253e-01
   9.5970555796e+02   1.2102264205e-01   0.0000000000e+00   4.8058888408e-01   0.0000000000e+00   0.0000000000e+00   3.9838847387e-01
   9.5970555796e+02   1.2102264205e-01   0.0000000000e+00   4.8058888408e-01   0.0000000000e+00   0.0000000000e+00   3.9838847387e-01
   9.5970555796e+02   1.2102264205e-01   0.0000000000e+00   4.8058888408e-01   0.0000000000e+00   0.0000000000e+00   3.9838847387e-01
   9.5970555796e+02   1.2102264205e-01   0.0000000000e+00   4.8058888408e-01   0.0000000000e+00   0.0000000000e+00   3.9838847387e-01
   9.4925289982e+02   1.1615170931e-01   0.0000000000e+00   5.0149420036e-01   0.0000000000e+00   0.0000000000e+00   3.8235409033e-01
   9.4925289982e+02   1.1615170931e-01   0.0000000000e+00   5.0149420036e-01   0.0000000000e+00   0.0000000000e+00   3.8235409033e-01
   9.4716649009e+02   1.1517944356e-01   0.0000000000e+00   5.0566701983e-01   0.0000000000e+00   0.0000000000e+00   3.7915353661e-01
   9.4716649009e+02   1.1517944356e-01   0.0000000000e+00   5.0566701983e-01   0.0000000000e+00   0.0000000000e+00   3.7915353661e-01
   9.4820969495e+02   1.1566557644e-01   0.0000000000e+00   5.0358061009e-01   0.0000000000e+00   0.0000000000e+00   3.8075381347e-01
   9.4820969495e+02   1.1566557644e-01   0.0000000000e+00   5.0358061009e-01   0.0000000000e+00   0.0000000000e+00   3.8075381347e-01
   9.4820969495e+02   1.1566557644e-01   0.0000000000e+00   5.0358061009e-01   0.0000000000e+00   0.0000000000e+00   3.8075381347e-01
   9.4820969495e+02   1.1566557644e-01   0.0000000000e+00   5.0358061009e-01   0.0000000000e+00   0.0000000000e+00   3.8075381347e-01
   9.4820969495e+02   1.1566557644e-01   0.0000000000e+00   5.0358061009e-01   0.0000000000e+00   0.0000000000e+00   3.8075381347e-01
   9.4820969495e+02   1.1566557644e-01   0.0000000000e+00   5.0358061009e-01   0.0000000000e+00   0.0000000000e+00   3.8075381347e-01
   9.4820969495e+02   1.1566557644e-01   0.0000000000e+00   5.0358061009e-01   0.0000000000e+00   0.0000000000e+00   3.8075381347e-01
   9.4820969495e+02   1.1566557644e-01   0.0000000000e+00   5.0358061009e-01   0.0000000000e+00   0.0000000000e+00   3.8075381347e-01
   9.4820969495e+02   1.1566557644e-01   0.0000000000e+00   5.0358061009e-01   0.0000000000e+00   0.0000000000e+00   3.8075381347e-01
   9.4820969495e+02   1.1566557644e-01   0.0000000000e+00   5.0358061009e-01   0.0000000000e+00   0.0000000000e+00   3.8075381347e-01
   9.4820969495e+02   1.1566557644e-01   0.0000000000e+00   5.0358061009e-01   0.0000000000e+00   0.0000000000e+00   3.8075381347e-01
   9.4820969495e+02   1.1566557644e-01   0.0000000000e+00   5.0358061009e-01   0.0000000000e+00   0.0000000000e+00   3.8075381347e-01
   9.5100651361e+02   1.1696889234e-01   0.0000000000e+00   4.9798697278e-01   0.0000000000e+00   0.0000000000e+00   3.8504413488e-01
   9.5100651361e+02   1.1696889234e-01   0.0000000000e+00   4.9798697278e-01   0.0000000000e+00   0.0000000000e+00   3.8504413488e-01
   9.5309292335e+02   1.1794115809e-01   0.0000000000e+00   4.9381415331e-01   0.0000000000e+00   0.0000000000e+00   3.8824468861e-01
   9.5309292335e+02   1.1794115809e-01   0.0000000000e+00   4.9381415331e-01   0.0000000000e+00   0.0000000000e+00   3.8824468861e-01
   9.5879466105e+02   1.2059816461e-01   0.0000000000e+00   4.8241067789e-01   0.0000000000e+00   0.0000000000e+00   3.9699115750e-01
   9.5879466105e+02   1.2059816461e-01   0.0000000000e+00   4.8241067789e-01   0.0000000000e+00   0.0000000000e+00   3.9699115750e-01
   9.5100651361e+02   1.1696889234e-01   0.0000000000e+00   4.9798697278e-01   0.0000000000e+00   0.0000000000e+00   3.8504413488e-01
   9.5100651361e+02   1.1696889234e-01   0.0000000000e+00   4.9798697278e-01   0.0000000000e+00   0.0000000000e+00   3.8504413488e-01
   9.5670825132e+02   1.1962589886e-01   0.0000000000e+00   4.8658349736e-01   0.0000000000e+00   0.0000000000e+00   3.9379060377e-01
   9.5670825132e+02   1.1962589886e-01   0.0000000000e+00   4.8658349736e-01   0.0000000000e+00   0.0000000000e+00   3.9379060377e-01
   9.5670825132e+02   1.1962589886e-01   0.0000000000e+00   4.8658349736e-01   0.0000000000e+00   0.0000000000e+00   3.9379060377e-01
   9.5670825132e+02   1.1962589886e-01   0.0000000000e+00   4.8658349736e-01   0.0000000000e+00   0.0000000000e+00   3.9379060377e-01
   9.5309292335e+02   1.1794115809e-01   0.0000000000e+00   4.9381415331e-01   0.0000000000e+00   0.0000000000e+00   3.8824468861e-01
   9.5309292335e+02   1.1794115809e-01   0.0000000000e+00   4.9381415331e-01   0.0000000000e+00   0.0000000000e+00   3.8824468861e-01
   9.5879466105e+02   1.2059816461e-01   0.0000000000e+00   4.8241067789e-01   0.0000000000e+00   0.0000000000e+00   3.9699115750e-01
   9.5879466105e+02   1.2059816461e-01   0.0000000000e+00   4.8241067789e-01   0.0000000000e+00   0.0000000000e+00   3.9699115750e-01
   9.4406977292e+02   1.1373637513e-01   0.0000000000e+00   5.1186045417e-01   0.0000000000e+00   0.0000000000e+00   3.7440317070e-01
   9.4406977292e+02   1.1373637513e-01   0.0000000000e+00   5.1186045417e-01   0.0000000000e+00   0.0000000000e+00   3.7440317070e-01
   9.4406977292e+02   1.1373637513e-01   0.0000000000e+00   5.1186045417e-01   0.0000000000e+00   0.0000000000e+00   3.7440317070e-01
   9.4406977292e+02   1.1373637513e-01   0.0000000000e+00   5.1186045417e-01   0.0000000000e+00   0.0000000000e+00   3.7440317070e-01
   9.4406977292e+02   1.1373637513e-01   0.0000000000e+00   5.1186045417e-01   0.0000000000e+00   0.0000000000e+00   3.7440317070e-01
   9.4406977292e+02   1.1373637513e-01   0.0000000000e+00   5.1186045417e-01   0.0000000000e+00   0.0000000000e+00   3.7440317070e-01
   9.4406977292e+02   1.1373637513e-01   0.0000000000e+00   5.1186045417e-01   0.0000000000e+00   0.0000000000e+00   3.7440317070e-01
   9.4406977292e+02   1.1373637513e-01   0.0000000000e+00   5.1186045417e-01   0.0000000000e+00   0.0000000000e+00   3.7440317070e-01
   9.3575857559e+02   1.0986336191e-01   0.0000000000e+00   5.2848284883e-01   0.0000000000e+00   0.0000000000e+00   3.6165378926e-01
   9.3575857559e+02   1.0986336191e-01   0.0000000000e+00   5.2848284883e-01   0.0000000000e+00   0.0000000000e+00   3.6165378926e-01
   9.3585792487e+02   1.0990965861e-01   0.0000000000e+00   5.2828415027e-01   0.0000000000e+00   0.0000000000e+00   3.6180619112e-01
   9.3585792487e+02   1.0990965861e-01   0.0000000000e+00   5.2828415027e-01   0.0000000000e+00   0.0000000000e+00   3.6180619112e-01
   9.3575857559e+02   1.0986336191e-01   0.0000000000e+00   5.2848284883e-01   0.0000000000e+00   0.0000000000e+00   3.6165378926e-01
   9.3575857559e+02   1.0986336191e-01   0.0000000000e+00   5.2848284883e-01   0.0000000000e+00   0.0000000000e+00   3.6165378926e-01
   9.3585792487e+02   1.0990965861e-01   0.0000000000e+00   5.2828415027e-01   0.0000000000e+00   0.0000000000e+00   3.6180619112e-01
   9.3585792487e+02   1.0990965861e-01   0.0000000000e+00   5.2828415027e-01   0.0000000000e+00   0.0000000000e+00   3.6180619112e-01
   9.4165371627e+02   1.1261049411e-01   0.0000000000e+00   5.1669256746e-01   0.0000000000e+00   0.0000000000e+00   3.7069693843e-01
   9.4165371627e+02   1.1261049411e-01   0.0000000000e+00   5.1669256746e-01   0.0000000000e+00   0.0000000000e+00   3.7069693843e-01
   9.4165371627e+02   1.1261049411e-01   0.0000000000e+00   5.1669256746e-01   0.0000000000e+00   0.0000000000e+00   3.7069693843e-01
   9.4165371627e+02   1.1261049411e-01   0.0000000000e+00   5.1669256746e-01   0.0000000000e+00   0.0000000000e+00   3.7069693843e-01
   9.4392037219e+02   1.1366675448e-01   0.0000000000e+00   5.1215925561e-01   0.0000000000e+00   0.0000000000e+00   3.7417398991e-01
   9.4392037219e+02   1.1366675448e-01   0.0000000000e+00   5.1215925561e-01   0.0000000000e+00   0.0000000000e+00   3.7417398991e-01
   9.4392037219e+02   1.1366675448e-01   0.0000000000e+00   5.1215925561e-01   0.0000000000e+00   0.0000000000e+00   3.7417398991e-01
   9.4392037219e+02   1.1366675448e-01   0.0000000000e+00   5.1215925561e-01   0.0000000000e+00   0.0000000000e+00   3.7417398991e-01
   9.4165371627e+02   1.1261049411e-01   0.0000000000e+00   5.1669256746e-01   0.0000000000e+00   0.0000000000e+00   3.7069693843e-01
   9.4165371627e+02   1.1261049411e-01   0.0000000000e+00   5.1669256746e-01   0.0000000000e+00   0.0000000000e+00   3.7069693843e-01
   9.4165371627e+02   1.1261049411e-01   0.0000000000e+00   5.1669256746e-01   0.0000000000e+00   0.0000000000e+00   3.7069693843e-01
   9.4165371627e+02   1.1261049411e-01   0.0000000000e+00   5.1669256746e-01   0.0000000000e+00   0.0000000000e+00   3.7069693843e-01
   9.4362157075e+02   1.1352751317e-01   0.0000000000e+00   5.1275685850e-01   0.0000000000e+00   0.0000000000e+00   3.7371562833e-01
   9.4362157075e+02   1.1352751317e-01   0.0000000000e+00   5.1275685850e-01   0.0000000000e+00   0.0000000000e+00   3.7371562833e-01
   9.4362157075e+02   1.1352751317e-01   0.0000000000e+00   5.1275685850e-01   0.0000000000e+00   0.0000000000e+00   3.7371562833e-01
   9.4362157075e+02   1.1352751317e-01   0.0000000000e+00   5.1275685850e-01   0.0000000000e+00   0.0000000000e+00   3.7371562833e-01
   9.4959670669e+02   1.1631192312e-01   0.0000000000e+00   5.0080658663e-01   0.0000000000e+00   0.0000000000e+00   3.8288149026e-01
   9.4959670669e+02   1.1631192312e-01   0.0000000000e+00   5.0080658663e-01   0.0000000000e+00   0.0000000000e+00   3.8288149026e-01
   9.4542312955e+02   1.1436703855e-01   0.0000000000e+00   5.0915374091e-01   0.0000000000e+00   0.0000000000e+00   3.7647922055e-01
   9.4542312955e+02   1.1436703855e-01   0.0000000000e+00   5.0915374091e-01   0.0000000000e+00   0.0000000000e+00   3.7647922055e-01
   9.4333634098e+02   1.1339459626e-01   0.0000000000e+00   5.1332731805e-01   0.0000000000e+00   0.0000000000e+00   3.7327808569e-01
   9.4333634098e+02   1.1339459626e-01   0.0000000000e+00   5.1332731805e-01   0.0000000000e+00   0.0000000000e+00   3.7327808569e-01
   9.4333634098e+02   1.1339459626e-01   0.0000000000e+00   5.1332731805e-01   0.0000000000e+00   0.0000000000e+00   3.7327808569e-01
   9.4333634098e+02   1.1339459626e-01   0.0000000000e+00   5.1332731805e-01   0.0000000000e+00   0.0000000000e+00   3.7327808569e-01
   9.4333634098e+02   1.1339459626e-01   0.0000000000e+00   5.1332731805e-01   0.0000000000e+00   0.0000000000e+00   3.7327808569e-01
   9.4333634098e+02   1.1339459626e-01   0.0000000000e+00   5.1332731805e-01   0.0000000000e+00   0.0000000000e+00   3.7327808569e-01
   9.4750991812e+02   1.1533948083e-01   0.0000000000e+00   5.0498016377e-01   0.0000000000e+00   0.0000000000e+00   3.7968035540e-01
   9.4750991812e+02   1.1533948083e-01   0.0000000000e+00   5.0498016377e-01   0.0000000000e+00   0.0000000000e+00   3.7968035540e-01
   9.4750991812e+02   1.1533948083e-01   0.0000000000e+00   5.0498016377e-01   0.0000000000e+00   0.0000000000e+00   3.7968035540e-01
   9.4750991812e+02   1.1533948083e-01   0.0000000000e+00   5.0498016377e-01   0.0000000000e+00   0.0000000000e+00   3.7968035540e-01
   9.4333634098e+02   1.1339459626e-01   0.0000000000e+00   5.1332731805e-01   0.0000000000e+00   0.0000000000e+00   3.7327808569e-01
   9.4333634098e+02   1.1339459626e-01   0.0000000000e+00   5.1332731805e-01   0.0000000000e+00   0.0000000000e+00   3.7327808569e-01
   9.4802894840e+02   1.1558134865e-01   0.0000000000e+00   5.0394210320e-01   0.0000000000e+00   0.0000000000e+00   3.8047654815e-01
   9.4802894840e+02   1.1558134865e-01   0.0000000000e+00   5.0394210320e-01   0.0000000000e+00   0.0000000000e+00   3.8047654815e-01
   9.4802894840e+02   1.1558134865e-01   0.0000000000e+00   5.0394210320e-01   0.0000000000e+00   0.0000000000e+00   3.8047654815e-01
   9.4802894840e+02   1.1558134865e-01   0.0000000000e+00   5.0394210320e-01   0.0000000000e+00   0.0000000000e+00   3.8047654815e-01
   9.4802894840e+02   1.1558134865e-01   0.0000000000e+00   5.0394210320e-01   0.0000000000e+00   0.0000000000e+00   3.8047654815e-01
   9.4802894840e+02   1.1558134865e-01   0.0000000000e+00   5.0394210320e-01   0.0000000000e+00   0.0000000000e+00   3.8047654815e-01
   9.4802894840e+02   1.1558134865e-01   0.0000000000e+00   5.0394210320e-01   0.0000000000e+00   0.0000000000e+00   3.8047654815e-01
   9.4802894840e+02   1.1558134865e-01   0.0000000000e+00   5.0394210320e-01   0.0000000000e+00   0.0000000000e+00   3.8047654815e-01
   9.4802894840e+02   1.1558134865e-01   0.0000000000e+00   5.0394210320e-01   0.0000000000e+00   0.0000000000e+00   3.8047654815e-01
   9.4802894840e+02   1.1558134865e-01   0.0000000000e+00   5.0394210320e-01   0.0000000000e+00   0.0000000000e+00   3.8047654815e-01
   9.4802894840e+02   1.1558134865e-01   0.0000000000e+00   5.0394210320e-01   0.0000000000e+00   0.0000000000e+00   3.8047654815e-01
   9.4802894840e+02   1.1558134865e-01   0.0000000000e+00   5.0394210320e-01   0.0000000000e+00   0.0000000000e+00   3.8047654815e-01
   9.4802894840e+02   1.1558134865e-01   0.0000000000e+00   5.0394210320e-01   0.0000000000e+00   0.0000000000e+00   3.8047654815e-01
   9.4802894840e+02   1.1558134865e-01   0.0000000000e+00   5.0394210320e-01   0.0000000000e+00   0.0000000000e+00   3.8047654815e-01
   9.4802894840e+02   1.1558134865e-01   0.0000000000e+00   5.0394210320e-01   0.0000000000e+00   0.0000000000e+00   3.8047654815e-01
   9.4802894840e+02   1.1558134865e-01   0.0000000000e+00   5.0394210320e-01   0.0000000000e+00   0.0000000000e+00   3.8047654815e-01
   9.7163920299e+02   1.2658371383e-01   0.0000000000e+00   4.5672159402e-01   0.0000000000e+00   0.0000000000e+00   4.1669469214e-01
   9.7163920299e+02   1.2658371383e-01   0.0000000000e+00   4.5672159402e-01   0.0000000000e+00   0.0000000000e+00   4.1669469214e-01
   9.7163920299e+02   1.2658371383e-01   0.0000000000e+00   4.5672159402e-01   0.0000000000e+00   0.0000000000e+00   4.1669469214e-01
   9.7163920299e+02   1.2658371383e-01   0.0000000000e+00   4.5672159402e-01   0.0000000000e+00   0.0000000000e+00   4.1669469214e-01
   9.7163920299e+02   1.2658371383e-01   0.0000000000e+00   4.5672159402e-01   0.0000000000e+00   0.0000000000e+00   4.1669469214e-01
   9.7163920299e+02   1.2658371383e-01   0.0000000000e+00   4.5672159402e-01   0.0000000000e+00   0.0000000000e+00   4.1669469214e-01
   9.7163920299e+02   1.2658371383e-01   0.0000000000e+00   4.5672159402e-01   0.0000000000e+00   0.0000000000e+00   4.1669469214e-01
   9.7163920299e+02   1.2658371383e-01   0.0000000000e+00   4.5672159402e-01   0.0000000000e+00   0.0000000000e+00   4.1669469214e-01
   9.3236931063e+02   1.0828396637e-01   0.0000000000e+00   5.3526137875e-01   0.0000000000e+00   0.0000000000e+00   3.5645465489e-01
   9.3236931063e+02   1.0828396637e-01   0.0000000000e+00   5.3526137875e-01   0.0000000000e+00   0.0000000000e+00   3.5645465489e-01
   9.3236931063e+02   1.0828396637e-01   0.0000000000e+00   5.3526137875e-01   0.0000000000e+00   0.0000000000e+00   3.5645465489e-01
   9.3236931063e+02   1.0828396637e-01   0.0000000000e+00   5.3526137875e-01   0.0000000000e+00   0.0000000000e+00   3.5645465489e-01
   9.3236931063e+02   1.0828396637e-01   0.0000000000e+00   5.3526137875e-01   0.0000000000e+00   0.0000000000e+00   3.5645465489e-01
   9.3236931063e+02   1.0828396637e-01   0.0000000000e+00   5.3526137875e-01   0.0000000000e+00   0.0000000000e+00   3.5645465489e-01
   9.3236931063e+02   1.0828396637e-01   0.0000000000e+00   5.3526137875e-01   0.0000000000e+00   0.0000000000e+00   3.5645465489e-01
   9.3236931063e+02   1.0828396637e-01   0.0000000000e+00   5.3526137875e-01   0.0000000000e+00   0.0000000000e+00   3.5645465489e-01
   9.7209754310e+02   1.2679730007e-01   0.0000000000e+00   4.5580491379e-01   0.0000000000e+00   0.0000000000e+00   4.1739778614e-01
   9.7209754310e+02   1.2679730007e-01   0.0000000000e+00   4.5580491379e-01   0.0000000000e+00   0.0000000000e+00   4.1739778614e-01
   9.7209754310e+02   1.2679730007e-01   0.0000000000e+00   4.5580491379e-01   0.0000000000e+00   0.0000000000e+00   4.1739778614e-01
   9.7209754310e+02   1.2679730007e-01   0.0000000000e+00   4.5580491379e-01   0.0000000000e+00   0.0000000000e+00   4.1739778614e-01
   9.7209754310e+02   1.2679730007e-01   0.0000000000e+00   4.5580491379e-01   0.0000000000e+00   0.0000000000e+00   4.1739778614e-01
   9.7209754310e+02   1.2679730007e-01   0.0000000000e+00   4.5580491379e-01   0.0000000000e+00   0.0000000000e+00   4.1739778614e-01
   9.7209754310e+02   1.2679730007e-01   0.0000000000e+00   4.5580491379e-01   0.0000000000e+00   0.0000000000e+00   4.1739778614e-01
   9.7209754310e+02   1.2679730007e-01   0.0000000000e+00   4.5580491379e-01   0.0000000000e+00   0.0000000000e+00   4.1739778614e-01
   9.3347752090e+02   1.0880039172e-01   0.0000000000e+00   5.3304495820e-01   0.0000000000e+00   0.0000000000e+00   3.5815465008e-01
   9.3347752090e+02   1.0880039172e-01   0.0000000000e+00   5.3304495820e-01   0.0000000000e+00   0.0000000000e+00   3.5815465008e-01
   9.3347752090e+02   1.0880039172e-01   0.0000000000e+00   5.3304495820e-01   0.0000000000e+00   0.0000000000e+00   3.5815465008e-01
   9.3347752090e+02   1.0880039172e-01   0.0000000000e+00   5.3304495820e-01   0.0000000000e+00   0.0000000000e+00   3.5815465008e-01
   9.3214766857e+02   1.0818068130e-01   0.0000000000e+00   5.3570466286e-01   0.0000000000e+00   0.0000000000e+00   3.5611465585e-01
   9.3214766857e+02   1.0818068130e-01   0.0000000000e+00   5.3570466286e-01   0.0000000000e+00   0.0000000000e+00   3.5611465585e-01
   9.3214766857e+02   1.0818068130e-01   0.0000000000e+00   5.3570466286e-01   0.0000000000e+00   0.0000000000e+00   3.5611465585e-01
   9.3214766857e+02   1.0818068130e-01   0.0000000000e+00   5.3570466286e-01   0.0000000000e+00   0.0000000000e+00   3.5611465585e-01