# time = 16.4992
# Grid Poins = 256    variable_0    variable_1    variable_2    variable_3    variable_4    variable_5    variable_6
   9.8477125362e+02   1.3270324194e-01   0.0000000000e+00   4.3045749277e-01   0.0000000000e+00   0.0000000000e+00   4.3683926529e-01
   9.8477125362e+02   1.3270324194e-01   0.0000000000e+00   4.3045749277e-01   0.0000000000e+00   0.0000000000e+00   4.3683926529e-01
   9.8477125362e+02   1.3270324194e-01   0.0000000000e+00   4.3045749277e-01   0.0000000000e+00   0.0000000000e+00   4.3683926529e-01
   9.8477125362e+02   1.3270324194e-01   0.0000000000e+00   4.3045749277e-01   0.0000000000e+00   0.0000000000e+00   4.3683926529e-01
   9.8477125362e+02   1.3270324194e-01   0.0000000000e+00   4.3045749277e-01   0.0000000000e+00   0.0000000000e+00   4.3683926529e-01
   9.8477125362e+02   1.3270324194e-01   0.0000000000e+00   4.3045749277e-01   0.0000000000e+00   0.0000000000e+00   4.3683926529e-01
   9.8477125362e+02   1.3270324194e-01   0.0000000000e+00   4.3045749277e-01   0.0000000000e+00   0.0000000000e+00   4.3683926529e-01
   9.8477125362e+02   1.3270324194e-01   0.0000000000e+00   4.3045749277e-01   0.0000000000e+00   0.0000000000e+00   4.3683926529e-01
   9.8477125362e+02   1.3270324194e-01   0.0000000000e+00   4.3045749277e-01   0.0000000000e+00   0.0000000000e+00   4.3683926529e-01
   9.8477125362e+02   1.3270324194e-01   0.0000000000e+00   4.3045749277e-01   0.0000000000e+00   0.0000000000e+00   4.3683926529e-01
   9.8477125362e+02   1.3270324194e-01   0.0000000000e+00   4.3045749277e-01   0.0000000000e+00   0.0000000000e+00   4.3683926529e-01
   9.8477125362e+02   1.3270324194e-01   0.0000000000e+00   4.3045749277e-01   0.0000000000e+00   0.0000000000e+00   4.3683926529e-01
   9.8491600168e+02   1.3277069446e-01   0.0000000000e+00   4.3016799664e-01   0.0000000000e+00   0.0000000000e+00   4.3706130890e-01
   9.8491600168e+02   1.3277069446e-01   0.0000000000e+00   4.3016799664e-01   0.0000000000e+00   0.0000000000e+00   4.3706130890e-01
   9.8479193191e+02   1.3271287802e-01   0.0000000000e+00   4.3041613618e-01   0.0000000000e+00   0.0000000000e+00   4.3687098580e-01
   9.8479193191e+02   1.3271287802e-01   0.0000000000e+00   4.3041613618e-01   0.0000000000e+00   0.0000000000e+00   4.3687098580e-01
   9.5436449479e+02   1.1853370966e-01   0.0000000000e+00   4.9127101042e-01   0.0000000000e+00   0.0000000000e+00   3.9019527993e-01
   9.5436449479e+02   1.1853370966e-01   0.0000000000e+00   4.9127101042e-01   0.0000000000e+00   0.0000000000e+00   3.9019527993e-01
   9.5436449479e+02   1.1853370966e-01   0.0000000000e+00   4.9127101042e-01   0.0000000000e+00   0.0000000000e+00   3.9019527993e-01
   9.5436449479e+02   1.1853370966e-01   0.0000000000e+00   4.9127101042e-01   0.0000000000e+00   0.0000000000e+00   3.9019527993e-01
   9.4512861144e+02   1.1422979327e-01   0.0000000000e+00   5.0974277713e-01   0.0000000000e+00   0.0000000000e+00   3.7602742960e-01
   9.4512861144e+02   1.1422979327e-01   0.0000000000e+00   5.0974277713e-01   0.0000000000e+00   0.0000000000e+00   3.7602742960e-01
   9.4512861144e+02   1.1422979327e-01   0.0000000000e+00   5.0974277713e-01   0.0000000000e+00   0.0000000000e+00   3.7602742960e-01
   9.4512861144e+02   1.1422979327e-01   0.0000000000e+00   5.0974277713e-01   0.0000000000e+00   0.0000000000e+00   3.7602742960e-01
   9.4944686026e+02   1.1624209477e-01   0.0000000000e+00   5.0110627948e-01   0.0000000000e+00   0.0000000000e+00   3.8265162576e-01
   9.4944686026e+02   1.1624209477e-01   0.0000000000e+00   5.0110627948e-01   0.0000000000e+00   0.0000000000e+00   3.8265162576e-01
   9.4944686026e+02   1.1624209477e-01   0.0000000000e+00   5.0110627948e-01   0.0000000000e+00   0.0000000000e+00   3.8265162576e-01
   9.4944686026e+02   1.1624209477e-01   0.0000000000e+00   5.0110627948e-01   0.0000000000e+00   0.0000000000e+00   3.8265162576e-01
   9.4944686026e+02   1.1624209477e-01   0.0000000000e+00   5.0110627948e-01   0.0000000000e+00   0.0000000000e+00   3.8265162576e-01
   9.4944686026e+02   1.1624209477e-01   0.0000000000e+00   5.0110627948e-01   0.0000000000e+00   0.0000000000e+00   3.8265162576e-01
   9.4944686026e+02   1.1624209477e-01   0.0000000000e+00   5.0110627948e-01   0.0000000000e+00   0.0000000000e+00   3.8265162576e-01
   9.4944686026e+02   1.1624209477e-01   0.0000000000e+00   5.0110627948e-01   0.0000000000e+00   0.0000000000e+00   3.8265162576e-01
   9.5044902211e+02   1.1670910162e-01   0.0000000000e+00   4.9910195578e-01   0.0000000000e+00   0.0000000000e+00   3.8418894260e-01
   9.5044902211e+02   1.1670910162e-01   0.0000000000e+00   4.9910195578e-01   0.0000000000e+00   0.0000000000e+00   3.8418894260e-01
   9.5044902211e+02   1.1670910162e-01   0.0000000000e+00   4.9910195578e-01   0.0000000000e+00   0.0000000000e+00   3.8418894260e-01
   9.5044902211e+02   1.1670910162e-01   0.0000000000e+00   4.9910195578e-01   0.0000000000e+00   0.0000000000e+00   3.8418894260e-01
   9.5233354316e+02   1.1758728735e-01   0.0000000000e+00   4.9533291369e-01   0.0000000000e+00   0.0000000000e+00   3.8707979896e-01
   9.5233354316e+02   1.1758728735e-01   0.0000000000e+00   4.9533291369e-01   0.0000000000e+00   0.0000000000e+00   3.8707979896e-01
   9.5233354316e+02   1.1758728735e-01   0.0000000000e+00   4.9533291369e-01   0.0000000000e+00   0.0000000000e+00   3.8707979896e-01
   9.5233354316e+02   1.1758728735e-01   0.0000000000e+00   4.9533291369e-01   0.0000000000e+00   0.0000000000e+00   3.8707979896e-01
   9.5044902211e+02   1.1670910162e-01   0.0000000000e+00   4.9910195578e-01   0.0000000000e+00   0.0000000000e+00   3.8418894260e-01
   9.5044902211e+02   1.1670910162e-01   0.0000000000e+00   4.9910195578e-01   0.0000000000e+00   0.0000000000e+00   3.8418894260e-01
   9.5044902211e+02   1.1670910162e-01   0.0000000000e+00   4.9910195578e-01   0.0000000000e+00   0.0000000000e+00   3.8418894260e-01
   9.5044902211e+02   1.1670910162e-01   0.0000000000e+00   4.9910195578e-01   0.0000000000e+00   0.0000000000e+00   3.8418894260e-01
   9.5044902211e+02   1.1670910162e-01   0.0000000000e+00   4.9910195578e-01   0.0000000000e+00   0.0000000000e+00   3.8418894260e-01
   9.5044902211e+02   1.1670910162e-01   0.0000000000e+00   4.9910195578e-01   0.0000000000e+00   0.0000000000e+00   3.8418894260e-01
   9.4667998002e+02   1.1495273015e-01   0.0000000000e+00   5.0664003996e-01   0.0000000000e+00   0.0000000000e+00   3.7840722989e-01
   9.4667998002e+02   1.1495273015e-01   0.0000000000e+00   5.0664003996e-01   0.0000000000e+00   0.0000000000e+00   3.7840722989e-01
   9.4406977292e+02   1.1373637513e-01   0.0000000000e+00   5.1186045417e-01   0.0000000000e+00   0.0000000000e+00   3.7440317070e-01
   9.4406977292e+02   1.1373637513e-01   0.0000000000e+00   5.1186045417e-01   0.0000000000e+00   0.0000000000e+00   3.7440317070e-01
   9.4406977292e+02   1.1373637513e-01   0.0000000000e+00   5.1186045417e-01   0.0000000000e+00   0.0000000000e+00   3.7440317070e-01
   9.4406977292e+02   1.1373637513e-01   0.0000000000e+00   5.1186045417e-01   0.0000000000e+00   0.0000000000e+00   3.7440317070e-01
   9.3832351776e+02   1.1105862350e-01   0.0000000000e+00   5.2335296447e-01   0.0000000000e+00   0.0000000000e+00   3.6558841203e-01
   9.3832351776e+02   1.1105862350e-01   0.0000000000e+00   5.2335296447e-01   0.0000000000e+00   0.0000000000e+00   3.6558841203e-01
   9.4981602807e+02   1.1641412675e-01   0.0000000000e+00   5.0036794386e-01   0.0000000000e+00   0.0000000000e+00   3.8321792938e-01
   9.4981602807e+02   1.1641412675e-01   0.0000000000e+00   5.0036794386e-01   0.0000000000e+00   0.0000000000e+00   3.8321792938e-01
   9.4981602807e+02   1.1641412675e-01   0.0000000000e+00   5.0036794386e-01   0.0000000000e+00   0.0000000000e+00   3.8321792938e-01
   9.4981602807e+02   1.1641412675e-01   0.0000000000e+00   5.0036794386e-01   0.0000000000e+00   0.0000000000e+00   3.8321792938e-01
   9.3832351776e+02   1.1105862350e-01   0.0000000000e+00   5.2335296447e-01   0.0000000000e+00   0.0000000000e+00   3.6558841203e-01
   9.3832351776e+02   1.1105862350e-01   0.0000000000e+00   5.2335296447e-01   0.0000000000e+00   0.0000000000e+00   3.6558841203e-01
   9.4981602807e+02   1.1641412675e-01   0.0000000000e+00   5.0036794386e-01   0.0000000000e+00   0.0000000000e+00   3.8321792938e-01
   9.4981602807e+02   1.1641412675e-01   0.0000000000e+00   5.0036794386e-01   0.0000000000e+00   0.0000000000e+00   3.8321792938e-01
   9.3832351776e+02   1.1105862350e-01   0.0000000000e+00   5.2335296447e-01   0.0000000000e+00   0.0000000000e+00   3.6558841203e-01
   9.3832351776e+02   1.1105862350e-01   0.0000000000e+00   5.2335296447e-01   0.0000000000e+00   0.0000000000e+00   3.6558841203e-01
   9.3729848943e+02   1.1058096088e-01   0.0000000000e+00   5.2540302114e-01   0.0000000000e+00   0.0000000000e+00   3.6401601798e-01
   9.3729848943e+02   1.1058096088e-01   0.0000000000e+00   5.2540302114e-01   0.0000000000e+00   0.0000000000e+00   3.6401601798e-01
   9.3411931246e+02   1.0909946623e-01   0.0000000000e+00   5.3176137507e-01   0.0000000000e+00   0.0000000000e+00   3.5913915870e-01
   9.3411931246e+02   1.0909946623e-01   0.0000000000e+00   5.3176137507e-01   0.0000000000e+00   0.0000000000e+00   3.5913915870e-01
   9.3729848943e+02   1.1058096088e-01   0.0000000000e+00   5.2540302114e-01   0.0000000000e+00   0.0000000000e+00   3.6401601798e-01
   9.3729848943e+02   1.1058096088e-01   0.0000000000e+00   5.2540302114e-01   0.0000000000e+00   0.0000000000e+00   3.6401601798e-01
   9.3411931246e+02   1.0909946623e-01   0.0000000000e+00   5.3176137507e-01   0.0000000000e+00   0.0000000000e+00   3.5913915870e-01
   9.3411931246e+02   1.0909946623e-01   0.0000000000e+00   5.3176137507e-01   0.0000000000e+00   0.0000000000e+00   3.5913915870e-01
   9.3285049383e+02   1.0850819747e-01   0.0000000000e+00   5.3429901234e-01   0.0000000000e+00   0.0000000000e+00   3.5719279020e-01
   9.3285049383e+02   1.0850819747e-01   0.0000000000e+00   5.3429901234e-01   0.0000000000e+00   0.0000000000e+00   3.5719279020e-01
   9.3285049383e+02   1.0850819747e-01   0.0000000000e+00   5.3429901234e-01   0.0000000000e+00   0.0000000000e+00   3.5719279020e-01
   9.3285049383e+02   1.0850819747e-01   0.0000000000e+00   5.3429901234e-01   0.0000000000e+00   0.0000000000e+00   3.5719279020e-01
   9.3856730806e+02   1.1117222964e-01   0.0000000000e+00   5.2286538388e-01   0.0000000000e+00   0.0000000000e+00   3.6596238648e-01
   9.3856730806e+02   1.1117222964e-01   0.0000000000e+00   5.2286538388e-01   0.0000000000e+00   0.0000000000e+00   3.6596238648e-01
   9.3856730806e+02   1.1117222964e-01   0.0000000000e+00   5.2286538388e-01   0.0000000000e+00   0.0000000000e+00   3.6596238648e-01
   9.3856730806e+02   1.1117222964e-01   0.0000000000e+00   5.2286538388e-01   0.0000000000e+00   0.0000000000e+00   3.6596238648e-01
   9.3853354858e+02   1.1115649774e-01   0.0000000000e+00   5.2293290285e-01   0.0000000000e+00   0.0000000000e+00   3.6591059941e-01
   9.3853354858e+02   1.1115649774e-01   0.0000000000e+00   5.2293290285e-01   0.0000000000e+00   0.0000000000e+00   3.6591059941e-01
   9.3853354858e+02   1.1115649774e-01   0.0000000000e+00   5.2293290285e-01   0.0000000000e+00   0.0000000000e+00   3.6591059941e-01
   9.3853354858e+02   1.1115649774e-01   0.0000000000e+00   5.2293290285e-01   0.0000000000e+00   0.0000000000e+00   3.6591059941e-01
   9.3853354858e+02   1.1115649774e-01   0.0000000000e+00   5.2293290285e-01   0.0000000000e+00   0.0000000000e+00   3.6591059941e-01
   9.3853354858e+02   1.1115649774e-01   0.0000000000e+00   5.2293290285e-01   0.0000000000e+00   0.0000000000e+00   3.6591059941e-01
   9.3853354858e+02   1.1115649774e-01   0.0000000000e+00   5.2293290285e-01   0.0000000000e+00   0.0000000000e+00   3.6591059941e-01
   9.3853354858e+02   1.1115649774e-01   0.0000000000e+00   5.2293290285e-01   0.0000000000e+00   0.0000000000e+00   3.6591059941e-01
   9.3888359993e+02   1.1131962147e-01   0.0000000000e+00   5.2223280014e-01   0.0000000000e+00   0.0000000000e+00   3.6644757839e-01
   9.3888359993e+02   1.1131962147e-01   0.0000000000e+00   5.2223280014e-01   0.0000000000e+00   0.0000000000e+00   3.6644757839e-01
   9.3860355885e+02   1.1118912249e-01   0.0000000000e+00   5.2279288231e-01   0.0000000000e+00   0.0000000000e+00   3.6601799521e-01
   9.3860355885e+02   1.1118912249e-01   0.0000000000e+00   5.2279288231e-01   0.0000000000e+00   0.0000000000e+00   3.6601799521e-01
   9.3832351776e+02   1.1105862350e-01   0.0000000000e+00   5.2335296447e-01   0.0000000000e+00   0.0000000000e+00   3.6558841203e-01
   9.3832351776e+02   1.1105862350e-01   0.0000000000e+00   5.2335296447e-01   0.0000000000e+00   0.0000000000e+00   3.6558841203e-01
   9.3888359993e+02   1.1131962147e-01   0.0000000000e+00   5.2223280014e-01   0.0000000000e+00   0.0000000000e+00   3.6644757839e-01
   9.3888359993e+02   1.1131962147e-01   0.0000000000e+00   5.2223280014e-01   0.0000000000e+00   0.0000000000e+00   3.6644757839e-01
   9.4904116109e+02   1.1605303919e-01   0.0000000000e+00   5.0191767781e-01   0.0000000000e+00   0.0000000000e+00   3.8202928300e-01
   9.4904116109e+02   1.1605303919e-01   0.0000000000e+00   5.0191767781e-01   0.0000000000e+00   0.0000000000e+00   3.8202928300e-01
   9.4904116109e+02   1.1605303919e-01   0.0000000000e+00   5.0191767781e-01   0.0000000000e+00   0.0000000000e+00   3.8202928300e-01
   9.4904116109e+02   1.1605303919e-01   0.0000000000e+00   5.0191767781e-01   0.0000000000e+00   0.0000000000e+00   3.8202928300e-01
   9.4912387427e+02   1.1609158348e-01   0.0000000000e+00   5.0175225145e-01   0.0000000000e+00   0.0000000000e+00   3.8215616507e-01
   9.4912387427e+02   1.1609158348e-01   0.0000000000e+00   5.0175225145e-01   0.0000000000e+00   0.0000000000e+00   3.8215616507e-01
   9.4912387427e+02   1.1609158348e-01   0.0000000000e+00   5.0175225145e-01   0.0000000000e+00   0.0000000000e+00   3.8215616507e-01
   9.4912387427e+02   1.1609158348e-01   0.0000000000e+00   5.0175225145e-01   0.0000000000e+00   0.0000000000e+00   3.8215616507e-01
   9.4904116109e+02   1.1605303919e-01   0.0000000000e+00   5.0191767781e-01   0.0000000000e+00   0.0000000000e+00   3.8202928300e-01
   9.4904116109e+02   1.1605303919e-01   0.0000000000e+00   5.0191767781e-01   0.0000000000e+00   0.0000000000e+00   3.8202928300e-01
   9.4904116109e+02   1.1605303919e-01   0.0000000000e+00   5.0191767781e-01   0.0000000000e+00   0.0000000000e+00   3.8202928300e-01
   9.4904116109e+02   1.1605303919e-01   0.0000000000e+00   5.0191767781e-01   0.0000000000e+00   0.0000000000e+00   3.8202928300e-01
   9.4912387427e+02   1.1609158348e-01   0.0000000000e+00   5.0175225145e-01   0.0000000000e+00   0.0000000000e+00   3.8215616507e-01
   9.4912387427e+02   1.1609158348e-01   0.0000000000e+00   5.0175225145e-01   0.0000000000e+00   0.0000000000e+00   3.8215616507e-01
   9.4912387427e+02   1.1609158348e-01   0.0000000000e+00   5.0175225145e-01   0.0000000000e+00   0.0000000000e+00   3.8215616507e-01
   9.4912387427e+02   1.1609158348e-01   0.0000000000e+00   5.0175225145e-01   0.0000000000e+00   0.0000000000e+00   3.8215616507e-01
   9.4546818773e+02   1.1438803563e-01   0.0000000000e+00   5.0906362455e-01   0.0000000000e+00   0.0000000000e+00   3.7654833982e-01
   9.4546818773e+02   1.1438803563e-01   0.0000000000e+00   5.0906362455e-01   0.0000000000e+00   0.0000000000e+00   3.7654833982e-01
   9.4546818773e+02   1.1438803563e-01   0.0000000000e+00   5.0906362455e-01   0.0000000000e+00   0.0000000000e+00   3.7654833982e-01
   9.4546818773e+02   1.1438803563e-01   0.0000000000e+00   5.0906362455e-01   0.0000000000e+00   0.0000000000e+00   3.7654833982e-01
   9.4546818773e+02   1.1438803563e-01   0.0000000000e+00   5.0906362455e-01   0.0000000000e+00   0.0000000000e+00   3.7654833982e-01
   9.4546818773e+02   1.1438803563e-01   0.0000000000e+00   5.0906362455e-01   0.0000000000e+00   0.0000000000e+00   3.7654833982e-01
   9.4546818773e+02   1.1438803563e-01   0.0000000000e+00   5.0906362455e-01   0.0000000000e+00   0.0000000000e+00   3.7654833982e-01
   9.4546818773e+02   1.1438803563e-01   0.0000000000e+00   5.0906362455e-01   0.0000000000e+00   0.0000000000e+00   3.7654833982e-01
   9.4428777854e+02   1.1383796562e-01   0.0000000000e+00   5.1142444293e-01   0.0000000000e+00   0.0000000000e+00   3.7473759145e-01
   9.4428777854e+02   1.1383796562e-01   0.0000000000e+00   5.1142444293e-01   0.0000000000e+00   0.0000000000e+00   3.7473759145e-01
   9.4546818773e+02   1.1438803563e-01   0.0000000000e+00   5.0906362455e-01   0.0000000000e+00   0.0000000000e+00   3.7654833982e-01
   9.4546818773e+02   1.1438803563e-01   0.0000000000e+00   5.0906362455e-01   0.0000000000e+00   0.0000000000e+00   3.7654833982e-01
   9.4605839232e+02   1.1466307064e-01   0.0000000000e+00   5.0788321535e-01   0.0000000000e+00   0.0000000000e+00   3.7745371401e-01
   9.4605839232e+02   1.1466307064e-01   0.0000000000e+00   5.0788321535e-01   0.0000000000e+00   0.0000000000e+00   3.7745371401e-01
   9.4605839232e+02   1.1466307064e-01   0.0000000000e+00   5.0788321535e-01   0.0000000000e+00   0.0000000000e+00   3.7745371401e-01
   9.4605839232e+02   1.1466307064e-01   0.0000000000e+00   5.0788321535e-01   0.0000000000e+00   0.0000000000e+00   3.7745371401e-01
   9.3704853735e+02   1.1046448335e-01   0.0000000000e+00   5.2590292530e-01   0.0000000000e+00   0.0000000000e+00   3.6363259135e-01
   9.3704853735e+02   1.1046448335e-01   0.0000000000e+00   5.2590292530e-01   0.0000000000e+00   0.0000000000e+00   3.6363259135e-01
   9.3704853735e+02   1.1046448335e-01   0.0000000000e+00   5.2590292530e-01   0.0000000000e+00   0.0000000000e+00   3.6363259135e-01
   9.3704853735e+02   1.1046448335e-01   0.0000000000e+00   5.2590292530e-01   0.0000000000e+00   0.0000000000e+00   3.6363259135e-01
   9.3704853735e+02   1.1046448335e-01   0.0000000000e+00   5.2590292530e-01   0.0000000000e+00   0.0000000000e+00   3.6363259135e-01
   9.3704853735e+02   1.1046448335e-01   0.0000000000e+00   5.2590292530e-01   0.0000000000e+00   0.0000000000e+00   3.6363259135e-01
   9.3704853735e+02   1.1046448335e-01   0.0000000000e+00   5.2590292530e-01   0.0000000000e+00   0.0000000000e+00   3.6363259135e-01
   9.3704853735e+02   1.1046448335e-01   0.0000000000e+00   5.2590292530e-01   0.0000000000e+00   0.0000000000e+00   3.6363259135e-01
   9.3578880224e+02   1.0987744751e-01   0.0000000000e+00   5.2842239551e-01   0.0000000000e+00   0.0000000000e+00   3.6170015697e-01
   9.3578880224e+02   1.0987744751e-01   0.0000000000e+00   5.2842239551e-01   0.0000000000e+00   0.0000000000e+00   3.6170015697e-01
   9.3578880224e+02   1.0987744751e-01   0.0000000000e+00   5.2842239551e-01   0.0000000000e+00   0.0000000000e+00   3.6170015697e-01
   9.3578880224e+02   1.0987744751e-01   0.0000000000e+00   5.2842239551e-01   0.0000000000e+00   0.0000000000e+00   3.6170015697e-01
   9.3578880224e+02   1.0987744751e-01   0.0000000000e+00   5.2842239551e-01   0.0000000000e+00   0.0000000000e+00   3.6170015697e-01
   9.3578880224e+02   1.0987744751e-01   0.0000000000e+00   5.2842239551e-01   0.0000000000e+00   0.0000000000e+00   3.6170015697e-01
   9.3578880224e+02   1.0987744751e-01   0.0000000000e+00   5.2842239551e-01   0.0000000000e+00   0.0000000000e+00   3.6170015697e-01
   9.3578880224e+02   1.0987744751e-01   0.0000000000e+00   5.2842239551e-01   0.0000000000e+00   0.0000000000e+00   3.6170015697e-01
   9.3704853735e+02   1.1046448335e-01   0.0000000000e+00   5.2590292530e-01   0.0000000000e+00   0.0000000000e+00   3.6363259135e-01
   9.3704853735e+02   1.1046448335e-01   0.0000000000e+00   5.2590292530e-01   0.0000000000e+00   0.0000000000e+00   3.6363259135e-01
   9.3704853735e+02   1.1046448335e-01   0.0000000000e+00   5.2590292530e-01   0.0000000000e+00   0.0000000000e+00   3.6363259135e-01
   9.3704853735e+02   1.1046448335e-01   0.0000000000e+00   5.2590292530e-01   0.0000000000e+00   0.0000000000e+00   3.6363259135e-01
   9.3704853735e+02   1.1046448335e-01   0.0000000000e+00   5.2590292530e-01   0.0000000000e+00   0.0000000000e+00   3.6363259135e-01
   9.3704853735e+02   1.1046448335e-01   0.0000000000e+00   5.2590292530e-01   0.0000000000e+00   0.0000000000e+00   3.6363259135e-01
   9.3704853735e+02   1.1046448335e-01   0.0000000000e+00   5.2590292530e-01   0.0000000000e+00   0.0000000000e+00   3.6363259135e-01
   9.3704853735e+02   1.1046448335e-01   0.0000000000e+00   5.2590292530e-01   0.0000000000e+00   0.0000000000e+00   3.6363259135e-01
   9.3686850336e+02   1.1038058762e-01   0.0000000000e+00   5.2626299327e-01   0.0000000000e+00   0.0000000000e+00   3.6335641911e-01
   9.3686850336e+02   1.1038058762e-01   0.0000000000e+00   5.2626299327e-01   0.0000000000e+00   0.0000000000e+00   3.6335641911e-01
   9.3686850336e+02   1.1038058762e-01   0.0000000000e+00   5.2626299327e-01   0.0000000000e+00   0.0000000000e+00   3.6335641911e-01
   9.3686850336e+02   1.1038058762e-01   0.0000000000e+00   5.2626299327e-01   0.0000000000e+00   0.0000000000e+00   3.6335641911e-01
   9.3686850336e+02   1.1038058762e-01   0.0000000000e+00   5.2626299327e-01   0.0000000000e+00   0.0000000000e+00   3.6335641911e-01
   9.3686850336e+02   1.1038058762e-01   0.0000000000e+00   5.2626299327e-01   0.0000000000e+00   0.0000000000e+00   3.6335641911e-01
   9.3686850336e+02   1.1038058762e-01   0.0000000000e+00   5.2626299327e-01   0.0000000000e+00   0.0000000000e+00   3.6335641911e-01
   9.3686850336e+02   1.1038058762e-01   0.0000000000e+00   5.2626299327e-01   0.0000000000e+00   0.0000000000e+00   3.6335641911e-01
   9.3212848606e+02   1.0817174225e-01   0.0000000000e+00   5.3574302789e-01   0.0000000000e+00   0.0000000000e+00   3.5608522986e-01
   9.3212848606e+02   1.0817174225e-01   0.0000000000e+00   5.3574302789e-01   0.0000000000e+00   0.0000000000e+00   3.5608522986e-01
   9.3212848606e+02   1.0817174225e-01   0.0000000000e+00   5.3574302789e-01   0.0000000000e+00   0.0000000000e+00   3.5608522986e-01
   9.3212848606e+02   1.0817174225e-01   0.0000000000e+00   5.3574302789e-01   0.0000000000e+00   0.0000000000e+00   3.5608522986e-01
   9.2985551414e+02   1.0711253863e-01   0.0000000000e+00   5.4028897173e-01   0.0000000000e+00   0.0000000000e+00   3.5259848964e-01
   9.2985551414e+02   1.0711253863e-01   0.0000000000e+00   5.4028897173e-01   0.0000000000e+00   0.0000000000e+00   3.5259848964e-01
   9.3440145797e+02   1.0923094587e-01   0.0000000000e+00   5.3119708405e-01   0.0000000000e+00   0.0000000000e+00   3.5957197008e-01
   9.3440145797e+02   1.0923094587e-01   0.0000000000e+00   5.3119708405e-01   0.0000000000e+00   0.0000000000e+00   3.5957197008e-01
   9.3254969888e+02   1.0836802719e-01   0.0000000000e+00   5.3490060224e-01   0.0000000000e+00   0.0000000000e+00   3.5673137057e-01
   9.3254969888e+02   1.0836802719e-01   0.0000000000e+00   5.3490060224e-01   0.0000000000e+00   0.0000000000e+00   3.5673137057e-01
   9.2214578949e+02   1.0351981134e-01   0.0000000000e+00   5.5570842103e-01   0.0000000000e+00   0.0000000000e+00   3.4077176763e-01
   9.2214578949e+02   1.0351981134e-01   0.0000000000e+00   5.5570842103e-01   0.0000000000e+00   0.0000000000e+00   3.4077176763e-01
   9.3686850336e+02   1.1038058762e-01   0.0000000000e+00   5.2626299327e-01   0.0000000000e+00   0.0000000000e+00   3.6335641911e-01
   9.3686850336e+02   1.1038058762e-01   0.0000000000e+00   5.2626299327e-01   0.0000000000e+00   0.0000000000e+00   3.6335641911e-01
   9.2214578949e+02   1.0351981134e-01   0.0000000000e+00   5.5570842103e-01   0.0000000000e+00   0.0000000000e+00   3.4077176763e-01
   9.2214578949e+02   1.0351981134e-01   0.0000000000e+00   5.5570842103e-01   0.0000000000e+00   0.0000000000e+00   3.4077176763e-01
   9.4828185030e+02   1.1569920079e-01   0.0000000000e+00   5.0343629939e-01   0.0000000000e+00   0.0000000000e+00   3.8086449982e-01
   9.4828185030e+02   1.1569920079e-01   0.0000000000e+00   5.0343629939e-01   0.0000000000e+00   0.0000000000e+00   3.8086449982e-01
   9.4828185030e+02   1.1569920079e-01   0.0000000000e+00   5.0343629939e-01   0.0000000000e+00   0.0000000000e+00   3.8086449982e-01
   9.4828185030e+02   1.1569920079e-01   0.0000000000e+00   5.0343629939e-01   0.0000000000e+00   0.0000000000e+00   3.8086449982e-01
   9.4828185030e+02   1.1569920079e-01   0.0000000000e+00   5.0343629939e-01   0.0000000000e+00   0.0000000000e+00   3.8086449982e-01
   9.4828185030e+02   1.1569920079e-01   0.0000000000e+00   5.0343629939e-01   0.0000000000e+00   0.0000000000e+00   3.8086449982e-01
   9.4828185030e+02   1.1569920079e-01   0.0000000000e+00   5.0343629939e-01   0.0000000000e+00   0.0000000000e+00   3.8086449982e-01
   9.4828185030e+02   1.1569920079e-01   0.0000000000e+00   5.0343629939e-01   0.0000000000e+00   0.0000000000e+00   3.8086449982e-01
   9.3440145797e+02   1.0923094587e-01   0.0000000000e+00   5.3119708405e-01   0.0000000000e+00   0.0000000000e+00   3.5957197008e-01
   9.3440145797e+02   1.0923094587e-01   0.0000000000e+00   5.3119708405e-01   0.0000000000e+00   0.0000000000e+00   3.5957197008e-01
   9.3440145797e+02   1.0923094587e-01   0.0000000000e+00   5.3119708405e-01   0.0000000000e+00   0.0000000000e+00   3.5957197008e-01
   9.3440145797e+02   1.0923094587e-01   0.0000000000e+00   5.3119708405e-01   0.0000000000e+00   0.0000000000e+00   3.5957197008e-01
   9.3932626381e+02   1.1152590259e-01   0.0000000000e+00   5.2134747238e-01   0.0000000000e+00   0.0000000000e+00   3.6712662503e-01
   9.3932626381e+02   1.1152590259e-01   0.0000000000e+00   5.2134747238e-01   0.0000000000e+00   0.0000000000e+00   3.6712662503e-01
   9.3932626381e+02   1.1152590259e-01   0.0000000000e+00   5.2134747238e-01   0.0000000000e+00   0.0000000000e+00   3.6712662503e-01
   9.3932626381e+02   1.1152590259e-01   0.0000000000e+00   5.2134747238e-01   0.0000000000e+00   0.0000000000e+00   3.6712662503e-01
   9.3389618327e+02   1.0899548815e-01   0.0000000000e+00   5.3220763347e-01   0.0000000000e+00   0.0000000000e+00   3.5879687838e-01
   9.3389618327e+02   1.0899548815e-01   0.0000000000e+00   5.3220763347e-01   0.0000000000e+00   0.0000000000e+00   3.5879687838e-01
   9.3389618327e+02   1.0899548815e-01   0.0000000000e+00   5.3220763347e-01   0.0000000000e+00   0.0000000000e+00   3.5879687838e-01
   9.3389618327e+02   1.0899548815e-01   0.0000000000e+00   5.3220763347e-01   0.0000000000e+00   0.0000000000e+00   3.5879687838e-01
   9.3389618327e+02   1.0899548815e-01   0.0000000000e+00   5.3220763347e-01   0.0000000000e+00   0.0000000000e+00   3.5879687838e-01
   9.3389618327e+02   1.0899548815e-01   0.0000000000e+00   5.3220763347e-01   0.0000000000e+00   0.0000000000e+00   3.5879687838e-01
   9.3389618327e+02   1.0899548815e-01   0.0000000000e+00   5.3220763347e-01   0.0000000000e+00   0.0000000000e+00   3.5879687838e-01
   9.3389618327e+02   1.0899548815e-01   0.0000000000e+00   5.3220763347e-01   0.0000000000e+00   0.0000000000e+00   3.5879687838e-01
   9.2853503526e+02   1.0649719623e-01   0.0000000000e+00   5.4292992947e-01   0.0000000000e+00   0.0000000000e+00   3.5057287430e-01
   9.2853503526e+02   1.0649719623e-01   0.0000000000e+00   5.4292992947e-01   0.0000000000e+00   0.0000000000e+00   3.5057287430e-01
   9.2853503526e+02   1.0649719623e-01   0.0000000000e+00   5.4292992947e-01   0.0000000000e+00   0.0000000000e+00   3.5057287430e-01
   9.2853503526e+02   1.0649719623e-01   0.0000000000e+00   5.4292992947e-01   0.0000000000e+00   0.0000000000e+00   3.5057287430e-01
   9.2853503526e+02   1.0649719623e-01   0.0000000000e+00   5.4292992947e-01   0.0000000000e+00   0.0000000000e+00   3.5057287430e-01
   9.2853503526e+02   1.0649719623e-01   0.0000000000e+00   5.4292992947e-01   0.0000000000e+00   0.0000000000e+00   3.5057287430e-01
   9.2853503526e+02   1.0649719623e-01   0.0000000000e+00   5.4292992947e-01   0.0000000000e+00   0.0000000000e+00   3.5057287430e-01
   9.2853503526e+02   1.0649719623e-01   0.0000000000e+00   5.4292992947e-01   0.0000000000e+00   0.0000000000e+00   3.5057287430e-01
   9.3349203353e+02   1.0880715460e-01   0.0000000000e+00   5.3301593294e-01   0.0000000000e+00   0.0000000000e+00   3.5817691246e-01
   9.3349203353e+02   1.0880715460e-01   0.0000000000e+00   5.3301593294e-01   0.0000000000e+00   0.0000000000e+00   3.5817691246e-01
   9.3349203353e+02   1.0880715460e-01   0.0000000000e+00   5.3301593294e-01   0.0000000000e+00   0.0000000000e+00   3.5817691246e-01
   9.3349203353e+02   1.0880715460e-01   0.0000000000e+00   5.3301593294e-01   0.0000000000e+00   0.0000000000e+00   3.5817691246e-01
   9.3349203353e+02   1.0880715460e-01   0.0000000000e+00   5.3301593294e-01   0.0000000000e+00   0.0000000000e+00   3.5817691246e-01
   9.3349203353e+02   1.0880715460e-01   0.0000000000e+00   5.3301593294e-01   0.0000000000e+00   0.0000000000e+00   3.5817691246e-01
   9.3349203353e+02   1.0880715460e-01   0.0000000000e+00   5.3301593294e-01   0.0000000000e+00   0.0000000000e+00   3.5817691246e-01
   9.3349203353e+02   1.0880715460e-01   0.0000000000e+00   5.3301593294e-01   0.0000000000e+00   0.0000000000e+00   3.5817691246e-01
   9.8784321490e+02   1.3413477415e-01   0.0000000000e+00   4.2431357021e-01   0.0000000000e+00   0.0000000000e+00   4.4155165564e-01
   9.8784321490e+02   1.3413477415e-01   0.0000000000e+00   4.2431357021e-01   0.0000000000e+00   0.0000000000e+00   4.4155165564e-01
   9.8784321490e+02   1.3413477415e-01   0.0000000000e+00   4.2431357021e-01   0.0000000000e+00   0.0000000000e+00   4.4155165564e-01
   9.8784321490e+02   1.3413477415e-01   0.0000000000e+00   4.2431357021e-01   0.0000000000e+00   0.0000000000e+00   4.4155165564e-01
   9.8784321490e+02   1.3413477415e-01   0.0000000000e+00   4.2431357021e-01   0.0000000000e+00   0.0000000000e+00   4.4155165564e-01
   9.8784321490e+02   1.3413477415e-01   0.0000000000e+00   4.2431357021e-01   0.0000000000e+00   0.0000000000e+00   4.4155165564e-01
   9.8784321490e+02   1.3413477415e-01   0.0000000000e+00   4.2431357021e-01   0.0000000000e+00   0.0000000000e+00   4.4155165564e-01
   9.8784321490e+02   1.3413477415e-01   0.0000000000e+00   4.2431357021e-01   0.0000000000e+00   0.0000000000e+00   4.4155165564e-01
   9.9076787077e+02   1.3549766212e-01   0.0000000000e+00   4.1846425846e-01   0.0000000000e+00   0.0000000000e+00   4.4603807942e-01
   9.9076787077e+02   1.3549766212e-01   0.0000000000e+00   4.1846425846e-01   0.0000000000e+00   0.0000000000e+00   4.4603807942e-01
   9.9039677750e+02   1.3532473287e-01   0.0000000000e+00   4.1920644500e-01   0.0000000000e+00   0.0000000000e+00   4.4546882213e-01
   9.9039677750e+02   1.3532473287e-01   0.0000000000e+00   4.1920644500e-01   0.0000000000e+00   0.0000000000e+00   4.4546882213e-01
   9.8784321490e+02   1.3413477415e-01   0.0000000000e+00   4.2431357021e-01   0.0000000000e+00   0.0000000000e+00   4.4155165564e-01
   9.8784321490e+02   1.3413477415e-01   0.0000000000e+00   4.2431357021e-01   0.0000000000e+00   0.0000000000e+00   4.4155165564e-01
   9.8784321490e+02   1.3413477415e-01   0.0000000000e+00   4.2431357021e-01   0.0000000000e+00   0.0000000000e+00   4.4155165564e-01
   9.8784321490e+02   1.3413477415e-01   0.0000000000e+00   4.2431357021e-01   0.0000000000e+00   0.0000000000e+00   4.4155165564e-01
   9.9039677750e+02   1.3532473287e-01   0.0000000000e+00   4.1920644500e-01   0.0000000000e+00   0.0000000000e+00   4.4546882213e-01
   9.9039677750e+02   1.3532473287e-01   0.0000000000e+00   4.1920644500e-01   0.0000000000e+00   0.0000000000e+00   4.4546882213e-01
   9.8784321490e+02   1.3413477415e-01   0.0000000000e+00   4.2431357021e-01   0.0000000000e+00   0.0000000000e+00   4.4155165564e-01
   9.8784321490e+02   1.3413477415e-01   0.0000000000e+00   4.2431357021e-01   0.0000000000e+00   0.0000000000e+00   4.4155165564e-01
   9.8893444956e+02   1.3464328888e-01   0.0000000000e+00   4.2213110088e-01   0.0000000000e+00   0.0000000000e+00   4.4322561024e-01
   9.8893444956e+02   1.3464328888e-01   0.0000000000e+00   4.2213110088e-01   0.0000000000e+00   0.0000000000e+00   4.4322561024e-01
   9.8893444956e+02   1.3464328888e-01   0.0000000000e+00   4.2213110088e-01   0.0000000000e+00   0.0000000000e+00   4.4322561024e-01
   9.8893444956e+02   1.3464328888e-01   0.0000000000e+00   4.2213110088e-01   0.0000000000e+00   0.0000000000e+00   4.4322561024e-01
   9.9087397023e+02   1.3554710441e-01   0.0000000000e+00   4.1825205954e-01   0.0000000000e+00   0.0000000000e+00   4.4620083605e-01
   9.9087397023e+02   1.3554710441e-01   0.0000000000e+00   4.1825205954e-01   0.0000000000e+00   0.0000000000e+00   4.4620083605e-01
   9.9002568423e+02   1.3515180362e-01   0.0000000000e+00   4.1994863155e-01   0.0000000000e+00   0.0000000000e+00   4.4489956484e-01
   9.9002568423e+02   1.3515180362e-01   0.0000000000e+00   4.1994863155e-01   0.0000000000e+00   0.0000000000e+00   4.4489956484e-01
   9.9044982723e+02   1.3534945401e-01   0.0000000000e+00   4.1910034554e-01   0.0000000000e+00   0.0000000000e+00   4.4555020044e-01
   9.9044982723e+02   1.3534945401e-01   0.0000000000e+00   4.1910034554e-01   0.0000000000e+00   0.0000000000e+00   4.4555020044e-01
   9.9044982723e+02   1.3534945401e-01   0.0000000000e+00   4.1910034554e-01   0.0000000000e+00   0.0000000000e+00   4.4555020044e-01
   9.9044982723e+02   1.3534945401e-01   0.0000000000e+00   4.1910034554e-01   0.0000000000e+00   0.0000000000e+00   4.4555020044e-01
   9.5954649291e+02   1.2094851783e-01   0.0000000000e+00   4.8090701419e-01   0.0000000000e+00   0.0000000000e+00   3.9814446799e-01
   9.5954649291e+02   1.2094851783e-01   0.0000000000e+00   4.8090701419e-01   0.0000000000e+00   0.0000000000e+00   3.9814446799e-01
   1.0057612389e+03   1.4248456315e-01   0.0000000000e+00   3.8847752211e-01   0.0000000000e+00   0.0000000000e+00   4.6903791474e-01
   1.0057612389e+03   1.4248456315e-01   0.0000000000e+00   3.8847752211e-01   0.0000000000e+00   0.0000000000e+00   4.6903791474e-01
   9.3643911989e+02   1.1018049516e-01   0.0000000000e+00   5.2712176022e-01   0.0000000000e+00   0.0000000000e+00   3.6269774461e-01
   9.3643911989e+02   1.1018049516e-01   0.0000000000e+00   5.2712176022e-01   0.0000000000e+00   0.0000000000e+00   3.6269774461e-01
   9.3643911989e+02   1.1018049516e-01   0.0000000000e+00   5.2712176022e-01   0.0000000000e+00   0.0000000000e+00   3.6269774461e-01
   9.3643911989e+02   1.1018049516e-01   0.0000000000e+00   5.2712176022e-01   0.0000000000e+00   0.0000000000e+00   3.6269774461e-01