# time = 54.0661
# Grid Poins = 256    variable_0    variable_1    variable_2    variable_3    variable_4    variable_5    variable_6
   9.4992914438e+02   1.1646683889e-01   0.0000000000e+00   5.0014171124e-01   0.0000000000e+00   0.0000000000e+00   3.8339144987e-01
   9.4992914438e+02   1.1646683889e-01   0.0000000000e+00   5.0014171124e-01   0.0000000000e+00   0.0000000000e+00   3.8339144987e-01
   9.4992914438e+02   1.1646683889e-01   0.0000000000e+00   5.0014171124e-01   0.0000000000e+00   0.0000000000e+00   3.8339144987e-01
   9.4992914438e+02   1.1646683889e-01   0.0000000000e+00   5.0014171124e-01   0.0000000000e+00   0.0000000000e+00   3.8339144987e-01
   9.4992914438e+02   1.1646683889e-01   0.0000000000e+00   5.0014171124e-01   0.0000000000e+00   0.0000000000e+00   3.8339144987e-01
   9.4992914438e+02   1.1646683889e-01   0.0000000000e+00   5.0014171124e-01   0.0000000000e+00   0.0000000000e+00   3.8339144987e-01
   9.4992914438e+02   1.1646683889e-01   0.0000000000e+00   5.0014171124e-01   0.0000000000e+00   0.0000000000e+00   3.8339144987e-01
   9.4992914438e+02   1.1646683889e-01   0.0000000000e+00   5.0014171124e-01   0.0000000000e+00   0.0000000000e+00   3.8339144987e-01
   9.4992852976e+02   1.1646655248e-01   0.0000000000e+00   5.0014294048e-01   0.0000000000e+00   0.0000000000e+00   3.8339050704e-01
   9.4992852976e+02   1.1646655248e-01   0.0000000000e+00   5.0014294048e-01   0.0000000000e+00   0.0000000000e+00   3.8339050704e-01
   9.4992852976e+02   1.1646655248e-01   0.0000000000e+00   5.0014294048e-01   0.0000000000e+00   0.0000000000e+00   3.8339050704e-01
   9.4992852976e+02   1.1646655248e-01   0.0000000000e+00   5.0014294048e-01   0.0000000000e+00   0.0000000000e+00   3.8339050704e-01
   9.4992852976e+02   1.1646655248e-01   0.0000000000e+00   5.0014294048e-01   0.0000000000e+00   0.0000000000e+00   3.8339050704e-01
   9.4992852976e+02   1.1646655248e-01   0.0000000000e+00   5.0014294048e-01   0.0000000000e+00   0.0000000000e+00   3.8339050704e-01
   9.4992852976e+02   1.1646655248e-01   0.0000000000e+00   5.0014294048e-01   0.0000000000e+00   0.0000000000e+00   3.8339050704e-01
   9.4992852976e+02   1.1646655248e-01   0.0000000000e+00   5.0014294048e-01   0.0000000000e+00   0.0000000000e+00   3.8339050704e-01
   9.5004439151e+02   1.1652054399e-01   0.0000000000e+00   4.9991121698e-01   0.0000000000e+00   0.0000000000e+00   3.8356823903e-01
   9.5004439151e+02   1.1652054399e-01   0.0000000000e+00   4.9991121698e-01   0.0000000000e+00   0.0000000000e+00   3.8356823903e-01
   9.5004439151e+02   1.1652054399e-01   0.0000000000e+00   4.9991121698e-01   0.0000000000e+00   0.0000000000e+00   3.8356823903e-01
   9.5004439151e+02   1.1652054399e-01   0.0000000000e+00   4.9991121698e-01   0.0000000000e+00   0.0000000000e+00   3.8356823903e-01
   9.5004756184e+02   1.1652202136e-01   0.0000000000e+00   4.9990487631e-01   0.0000000000e+00   0.0000000000e+00   3.8357310233e-01
   9.5004756184e+02   1.1652202136e-01   0.0000000000e+00   4.9990487631e-01   0.0000000000e+00   0.0000000000e+00   3.8357310233e-01
   9.5004756184e+02   1.1652202136e-01   0.0000000000e+00   4.9990487631e-01   0.0000000000e+00   0.0000000000e+00   3.8357310233e-01
   9.5004756184e+02   1.1652202136e-01   0.0000000000e+00   4.9990487631e-01   0.0000000000e+00   0.0000000000e+00   3.8357310233e-01
   9.5004846765e+02   1.1652244347e-01   0.0000000000e+00   4.9990306469e-01   0.0000000000e+00   0.0000000000e+00   3.8357449184e-01
   9.5004846765e+02   1.1652244347e-01   0.0000000000e+00   4.9990306469e-01   0.0000000000e+00   0.0000000000e+00   3.8357449184e-01
   9.5004439151e+02   1.1652054399e-01   0.0000000000e+00   4.9991121698e-01   0.0000000000e+00   0.0000000000e+00   3.8356823903e-01
   9.5004439151e+02   1.1652054399e-01   0.0000000000e+00   4.9991121698e-01   0.0000000000e+00   0.0000000000e+00   3.8356823903e-01
   9.5004439151e+02   1.1652054399e-01   0.0000000000e+00   4.9991121698e-01   0.0000000000e+00   0.0000000000e+00   3.8356823903e-01
   9.5004439151e+02   1.1652054399e-01   0.0000000000e+00   4.9991121698e-01   0.0000000000e+00   0.0000000000e+00   3.8356823903e-01
   9.5004846765e+02   1.1652244347e-01   0.0000000000e+00   4.9990306469e-01   0.0000000000e+00   0.0000000000e+00   3.8357449184e-01
   9.5004846765e+02   1.1652244347e-01   0.0000000000e+00   4.9990306469e-01   0.0000000000e+00   0.0000000000e+00   3.8357449184e-01
   9.4998437493e+02   1.1649257630e-01   0.0000000000e+00   5.0003125014e-01   0.0000000000e+00   0.0000000000e+00   3.8347617357e-01
   9.4998437493e+02   1.1649257630e-01   0.0000000000e+00   5.0003125014e-01   0.0000000000e+00   0.0000000000e+00   3.8347617357e-01
   9.4998437493e+02   1.1649257630e-01   0.0000000000e+00   5.0003125014e-01   0.0000000000e+00   0.0000000000e+00   3.8347617357e-01
   9.4998437493e+02   1.1649257630e-01   0.0000000000e+00   5.0003125014e-01   0.0000000000e+00   0.0000000000e+00   3.8347617357e-01
   9.4998437493e+02   1.1649257630e-01   0.0000000000e+00   5.0003125014e-01   0.0000000000e+00   0.0000000000e+00   3.8347617357e-01
   9.4998437493e+02   1.1649257630e-01   0.0000000000e+00   5.0003125014e-01   0.0000000000e+00   0.0000000000e+00   3.8347617357e-01
   9.4998437493e+02   1.1649257630e-01   0.0000000000e+00   5.0003125014e-01   0.0000000000e+00   0.0000000000e+00   3.8347617357e-01
   9.4998437493e+02   1.1649257630e-01   0.0000000000e+00   5.0003125014e-01   0.0000000000e+00   0.0000000000e+00   3.8347617357e-01
   9.4998437493e+02   1.1649257630e-01   0.0000000000e+00   5.0003125014e-01   0.0000000000e+00   0.0000000000e+00   3.8347617357e-01
   9.4998437493e+02   1.1649257630e-01   0.0000000000e+00   5.0003125014e-01   0.0000000000e+00   0.0000000000e+00   3.8347617357e-01
   9.4998437493e+02   1.1649257630e-01   0.0000000000e+00   5.0003125014e-01   0.0000000000e+00   0.0000000000e+00   3.8347617357e-01
   9.4998437493e+02   1.1649257630e-01   0.0000000000e+00   5.0003125014e-01   0.0000000000e+00   0.0000000000e+00   3.8347617357e-01
   9.4998437493e+02   1.1649257630e-01   0.0000000000e+00   5.0003125014e-01   0.0000000000e+00   0.0000000000e+00   3.8347617357e-01
   9.4998437493e+02   1.1649257630e-01   0.0000000000e+00   5.0003125014e-01   0.0000000000e+00   0.0000000000e+00   3.8347617357e-01
   9.4998437493e+02   1.1649257630e-01   0.0000000000e+00   5.0003125014e-01   0.0000000000e+00   0.0000000000e+00   3.8347617357e-01
   9.4998437493e+02   1.1649257630e-01   0.0000000000e+00   5.0003125014e-01   0.0000000000e+00   0.0000000000e+00   3.8347617357e-01
   9.5001334565e+02   1.1650607664e-01   0.0000000000e+00   4.9997330869e-01   0.0000000000e+00   0.0000000000e+00   3.8352061467e-01
   9.5001334565e+02   1.1650607664e-01   0.0000000000e+00   4.9997330869e-01   0.0000000000e+00   0.0000000000e+00   3.8352061467e-01
   9.5001334565e+02   1.1650607664e-01   0.0000000000e+00   4.9997330869e-01   0.0000000000e+00   0.0000000000e+00   3.8352061467e-01
   9.5001334565e+02   1.1650607664e-01   0.0000000000e+00   4.9997330869e-01   0.0000000000e+00   0.0000000000e+00   3.8352061467e-01
   9.5001212249e+02   1.1650550664e-01   0.0000000000e+00   4.9997575502e-01   0.0000000000e+00   0.0000000000e+00   3.8351873833e-01
   9.5001212249e+02   1.1650550664e-01   0.0000000000e+00   4.9997575502e-01   0.0000000000e+00   0.0000000000e+00   3.8351873833e-01
   9.5001212249e+02   1.1650550664e-01   0.0000000000e+00   4.9997575502e-01   0.0000000000e+00   0.0000000000e+00   3.8351873833e-01
   9.5001212249e+02   1.1650550664e-01   0.0000000000e+00   4.9997575502e-01   0.0000000000e+00   0.0000000000e+00   3.8351873833e-01
   9.5001151091e+02   1.1650522165e-01   0.0000000000e+00   4.9997697819e-01   0.0000000000e+00   0.0000000000e+00   3.8351780017e-01
   9.5001151091e+02   1.1650522165e-01   0.0000000000e+00   4.9997697819e-01   0.0000000000e+00   0.0000000000e+00   3.8351780017e-01
   9.5001151091e+02   1.1650522165e-01   0.0000000000e+00   4.9997697819e-01   0.0000000000e+00   0.0000000000e+00   3.8351780017e-01
   9.5001151091e+02   1.1650522165e-01   0.0000000000e+00   4.9997697819e-01   0.0000000000e+00   0.0000000000e+00   3.8351780017e-01
   9.5001151091e+02   1.1650522165e-01   0.0000000000e+00   4.9997697819e-01   0.0000000000e+00   0.0000000000e+00   3.8351780017e-01
   9.5001151091e+02   1.1650522165e-01   0.0000000000e+00   4.9997697819e-01   0.0000000000e+00   0.0000000000e+00   3.8351780017e-01
   9.5001151091e+02   1.1650522165e-01   0.0000000000e+00   4.9997697819e-01   0.0000000000e+00   0.0000000000e+00   3.8351780017e-01
   9.5001151091e+02   1.1650522165e-01   0.0000000000e+00   4.9997697819e-01   0.0000000000e+00   0.0000000000e+00   3.8351780017e-01
   9.4993145304e+02   1.1646791473e-01   0.0000000000e+00   5.0013709391e-01   0.0000000000e+00   0.0000000000e+00   3.8339499136e-01
   9.4993145304e+02   1.1646791473e-01   0.0000000000e+00   5.0013709391e-01   0.0000000000e+00   0.0000000000e+00   3.8339499136e-01
   9.4993145304e+02   1.1646791473e-01   0.0000000000e+00   5.0013709391e-01   0.0000000000e+00   0.0000000000e+00   3.8339499136e-01
   9.4993145304e+02   1.1646791473e-01   0.0000000000e+00   5.0013709391e-01   0.0000000000e+00   0.0000000000e+00   3.8339499136e-01
   9.4993145304e+02   1.1646791473e-01   0.0000000000e+00   5.0013709391e-01   0.0000000000e+00   0.0000000000e+00   3.8339499136e-01
   9.4993145304e+02   1.1646791473e-01   0.0000000000e+00   5.0013709391e-01   0.0000000000e+00   0.0000000000e+00   3.8339499136e-01
   9.4993145304e+02   1.1646791473e-01   0.0000000000e+00   5.0013709391e-01   0.0000000000e+00   0.0000000000e+00   3.8339499136e-01
   9.4993145304e+02   1.1646791473e-01   0.0000000000e+00   5.0013709391e-01   0.0000000000e+00   0.0000000000e+00   3.8339499136e-01
   9.5007558630e+02   1.1653508074e-01   0.0000000000e+00   4.9984882741e-01   0.0000000000e+00   0.0000000000e+00   3.8361609185e-01
   9.5007558630e+02   1.1653508074e-01   0.0000000000e+00   4.9984882741e-01   0.0000000000e+00   0.0000000000e+00   3.8361609185e-01
   9.5007558630e+02   1.1653508074e-01   0.0000000000e+00   4.9984882741e-01   0.0000000000e+00   0.0000000000e+00   3.8361609185e-01
   9.5007558630e+02   1.1653508074e-01   0.0000000000e+00   4.9984882741e-01   0.0000000000e+00   0.0000000000e+00   3.8361609185e-01
   9.5007405686e+02   1.1653436802e-01   0.0000000000e+00   4.9985188629e-01   0.0000000000e+00   0.0000000000e+00   3.8361374569e-01
   9.5007405686e+02   1.1653436802e-01   0.0000000000e+00   4.9985188629e-01   0.0000000000e+00   0.0000000000e+00   3.8361374569e-01
   9.5007405686e+02   1.1653436802e-01   0.0000000000e+00   4.9985188629e-01   0.0000000000e+00   0.0000000000e+00   3.8361374569e-01
   9.5007405686e+02   1.1653436802e-01   0.0000000000e+00   4.9985188629e-01   0.0000000000e+00   0.0000000000e+00   3.8361374569e-01
   9.4992936817e+02   1.1646694318e-01   0.0000000000e+00   5.0014126365e-01   0.0000000000e+00   0.0000000000e+00   3.8339179317e-01
   9.4992936817e+02   1.1646694318e-01   0.0000000000e+00   5.0014126365e-01   0.0000000000e+00   0.0000000000e+00   3.8339179317e-01
   9.4992936817e+02   1.1646694318e-01   0.0000000000e+00   5.0014126365e-01   0.0000000000e+00   0.0000000000e+00   3.8339179317e-01
   9.4992936817e+02   1.1646694318e-01   0.0000000000e+00   5.0014126365e-01   0.0000000000e+00   0.0000000000e+00   3.8339179317e-01
   9.4992936817e+02   1.1646694318e-01   0.0000000000e+00   5.0014126365e-01   0.0000000000e+00   0.0000000000e+00   3.8339179317e-01
   9.4992936817e+02   1.1646694318e-01   0.0000000000e+00   5.0014126365e-01   0.0000000000e+00   0.0000000000e+00   3.8339179317e-01
   9.4992936817e+02   1.1646694318e-01   0.0000000000e+00   5.0014126365e-01   0.0000000000e+00   0.0000000000e+00   3.8339179317e-01
   9.4992936817e+02   1.1646694318e-01   0.0000000000e+00   5.0014126365e-01   0.0000000000e+00   0.0000000000e+00   3.8339179317e-01
   9.5007405686e+02   1.1653436802e-01   0.0000000000e+00   4.9985188629e-01   0.0000000000e+00   0.0000000000e+00   3.8361374569e-01
   9.5007405686e+02   1.1653436802e-01   0.0000000000e+00   4.9985188629e-01   0.0000000000e+00   0.0000000000e+00   3.8361374569e-01
   9.5007405686e+02   1.1653436802e-01   0.0000000000e+00   4.9985188629e-01   0.0000000000e+00   0.0000000000e+00   3.8361374569e-01
   9.5007405686e+02   1.1653436802e-01   0.0000000000e+00   4.9985188629e-01   0.0000000000e+00   0.0000000000e+00   3.8361374569e-01
   9.5007313919e+02   1.1653394039e-01   0.0000000000e+00   4.9985372162e-01   0.0000000000e+00   0.0000000000e+00   3.8361233799e-01
   9.5007313919e+02   1.1653394039e-01   0.0000000000e+00   4.9985372162e-01   0.0000000000e+00   0.0000000000e+00   3.8361233799e-01
   9.5007436274e+02   1.1653451057e-01   0.0000000000e+00   4.9985127451e-01   0.0000000000e+00   0.0000000000e+00   3.8361421492e-01
   9.5007436274e+02   1.1653451057e-01   0.0000000000e+00   4.9985127451e-01   0.0000000000e+00   0.0000000000e+00   3.8361421492e-01
   9.4998437493e+02   1.1649257630e-01   0.0000000000e+00   5.0003125014e-01   0.0000000000e+00   0.0000000000e+00   3.8347617357e-01
   9.4998437493e+02   1.1649257630e-01   0.0000000000e+00   5.0003125014e-01   0.0000000000e+00   0.0000000000e+00   3.8347617357e-01
   9.4998437493e+02   1.1649257630e-01   0.0000000000e+00   5.0003125014e-01   0.0000000000e+00   0.0000000000e+00   3.8347617357e-01
   9.4998437493e+02   1.1649257630e-01   0.0000000000e+00   5.0003125014e-01   0.0000000000e+00   0.0000000000e+00   3.8347617357e-01
   9.4998437493e+02   1.1649257630e-01   0.0000000000e+00   5.0003125014e-01   0.0000000000e+00   0.0000000000e+00   3.8347617357e-01
   9.4998437493e+02   1.1649257630e-01   0.0000000000e+00   5.0003125014e-01   0.0000000000e+00   0.0000000000e+00   3.8347617357e-01
   9.4998437493e+02   1.1649257630e-01   0.0000000000e+00   5.0003125014e-01   0.0000000000e+00   0.0000000000e+00   3.8347617357e-01
   9.4998437493e+02   1.1649257630e-01   0.0000000000e+00   5.0003125014e-01   0.0000000000e+00   0.0000000000e+00   3.8347617357e-01
   9.4998437493e+02   1.1649257630e-01   0.0000000000e+00   5.0003125014e-01   0.0000000000e+00   0.0000000000e+00   3.8347617357e-01
   9.4998437493e+02   1.1649257630e-01   0.0000000000e+00   5.0003125014e-01   0.0000000000e+00   0.0000000000e+00   3.8347617357e-01
   9.4998437493e+02   1.1649257630e-01   0.0000000000e+00   5.0003125014e-01   0.0000000000e+00   0.0000000000e+00   3.8347617357e-01
   9.4998437493e+02   1.1649257630e-01   0.0000000000e+00   5.0003125014e-01   0.0000000000e+00   0.0000000000e+00   3.8347617357e-01
   9.4998437493e+02   1.1649257630e-01   0.0000000000e+00   5.0003125014e-01   0.0000000000e+00   0.0000000000e+00   3.8347617357e-01
   9.4998437493e+02   1.1649257630e-01   0.0000000000e+00   5.0003125014e-01   0.0000000000e+00   0.0000000000e+00   3.8347617357e-01
   9.4998437493e+02   1.1649257630e-01   0.0000000000e+00   5.0003125014e-01   0.0000000000e+00   0.0000000000e+00   3.8347617357e-01
   9.4998437493e+02   1.1649257630e-01   0.0000000000e+00   5.0003125014e-01   0.0000000000e+00   0.0000000000e+00   3.8347617357e-01
   9.5001140354e+02   1.1650517162e-01   0.0000000000e+00   4.9997719291e-01   0.0000000000e+00   0.0000000000e+00   3.8351763547e-01
   9.5001140354e+02   1.1650517162e-01   0.0000000000e+00   4.9997719291e-01   0.0000000000e+00   0.0000000000e+00   3.8351763547e-01
   9.5001140354e+02   1.1650517162e-01   0.0000000000e+00   4.9997719291e-01   0.0000000000e+00   0.0000000000e+00   3.8351763547e-01
   9.5001140354e+02   1.1650517162e-01   0.0000000000e+00   4.9997719291e-01   0.0000000000e+00   0.0000000000e+00   3.8351763547e-01
   9.5000898611e+02   1.1650404509e-01   0.0000000000e+00   4.9998202778e-01   0.0000000000e+00   0.0000000000e+00   3.8351392713e-01
   9.5000898611e+02   1.1650404509e-01   0.0000000000e+00   4.9998202778e-01   0.0000000000e+00   0.0000000000e+00   3.8351392713e-01
   9.5000898611e+02   1.1650404509e-01   0.0000000000e+00   4.9998202778e-01   0.0000000000e+00   0.0000000000e+00   3.8351392713e-01
   9.5000898611e+02   1.1650404509e-01   0.0000000000e+00   4.9998202778e-01   0.0000000000e+00   0.0000000000e+00   3.8351392713e-01
   9.5001140354e+02   1.1650517162e-01   0.0000000000e+00   4.9997719291e-01   0.0000000000e+00   0.0000000000e+00   3.8351763547e-01
   9.5001140354e+02   1.1650517162e-01   0.0000000000e+00   4.9997719291e-01   0.0000000000e+00   0.0000000000e+00   3.8351763547e-01
   9.5001140354e+02   1.1650517162e-01   0.0000000000e+00   4.9997719291e-01   0.0000000000e+00   0.0000000000e+00   3.8351763547e-01
   9.5001140354e+02   1.1650517162e-01   0.0000000000e+00   4.9997719291e-01   0.0000000000e+00   0.0000000000e+00   3.8351763547e-01
   9.5001035481e+02   1.1650468291e-01   0.0000000000e+00   4.9997929038e-01   0.0000000000e+00   0.0000000000e+00   3.8351602671e-01
   9.5001035481e+02   1.1650468291e-01   0.0000000000e+00   4.9997929038e-01   0.0000000000e+00   0.0000000000e+00   3.8351602671e-01
   9.5001728715e+02   1.1650791337e-01   0.0000000000e+00   4.9996542569e-01   0.0000000000e+00   0.0000000000e+00   3.8352666093e-01
   9.5001728715e+02   1.1650791337e-01   0.0000000000e+00   4.9996542569e-01   0.0000000000e+00   0.0000000000e+00   3.8352666093e-01
   9.5006109048e+02   1.1652832570e-01   0.0000000000e+00   4.9987781904e-01   0.0000000000e+00   0.0000000000e+00   3.8359385526e-01
   9.5006109048e+02   1.1652832570e-01   0.0000000000e+00   4.9987781904e-01   0.0000000000e+00   0.0000000000e+00   3.8359385526e-01
   9.5006109048e+02   1.1652832570e-01   0.0000000000e+00   4.9987781904e-01   0.0000000000e+00   0.0000000000e+00   3.8359385526e-01
   9.5006109048e+02   1.1652832570e-01   0.0000000000e+00   4.9987781904e-01   0.0000000000e+00   0.0000000000e+00   3.8359385526e-01
   9.5006242760e+02   1.1652894880e-01   0.0000000000e+00   4.9987514480e-01   0.0000000000e+00   0.0000000000e+00   3.8359590640e-01
   9.5006242760e+02   1.1652894880e-01   0.0000000000e+00   4.9987514480e-01   0.0000000000e+00   0.0000000000e+00   3.8359590640e-01
   9.5006087936e+02   1.1652822732e-01   0.0000000000e+00   4.9987824129e-01   0.0000000000e+00   0.0000000000e+00   3.8359353140e-01
   9.5006087936e+02   1.1652822732e-01   0.0000000000e+00   4.9987824129e-01   0.0000000000e+00   0.0000000000e+00   3.8359353140e-01
   9.5005929536e+02   1.1652748917e-01   0.0000000000e+00   4.9988140928e-01   0.0000000000e+00   0.0000000000e+00   3.8359110154e-01
   9.5005929536e+02   1.1652748917e-01   0.0000000000e+00   4.9988140928e-01   0.0000000000e+00   0.0000000000e+00   3.8359110154e-01
   9.5005929536e+02   1.1652748917e-01   0.0000000000e+00   4.9988140928e-01   0.0000000000e+00   0.0000000000e+00   3.8359110154e-01
   9.5005929536e+02   1.1652748917e-01   0.0000000000e+00   4.9988140928e-01   0.0000000000e+00   0.0000000000e+00   3.8359110154e-01
   9.5005964611e+02   1.1652765262e-01   0.0000000000e+00   4.9988070779e-01   0.0000000000e+00   0.0000000000e+00   3.8359163959e-01
   9.5005964611e+02   1.1652765262e-01   0.0000000000e+00   4.9988070779e-01   0.0000000000e+00   0.0000000000e+00   3.8359163959e-01
   9.5005964611e+02   1.1652765262e-01   0.0000000000e+00   4.9988070779e-01   0.0000000000e+00   0.0000000000e+00   3.8359163959e-01
   9.5005964611e+02   1.1652765262e-01   0.0000000000e+00   4.9988070779e-01   0.0000000000e+00   0.0000000000e+00   3.8359163959e-01
   9.5005929536e+02   1.1652748917e-01   0.0000000000e+00   4.9988140928e-01   0.0000000000e+00   0.0000000000e+00   3.8359110154e-01
   9.5005929536e+02   1.1652748917e-01   0.0000000000e+00   4.9988140928e-01   0.0000000000e+00   0.0000000000e+00   3.8359110154e-01
   9.5005929536e+02   1.1652748917e-01   0.0000000000e+00   4.9988140928e-01   0.0000000000e+00   0.0000000000e+00   3.8359110154e-01
   9.5005929536e+02   1.1652748917e-01   0.0000000000e+00   4.9988140928e-01   0.0000000000e+00   0.0000000000e+00   3.8359110154e-01
   9.5005894461e+02   1.1652732573e-01   0.0000000000e+00   4.9988211077e-01   0.0000000000e+00   0.0000000000e+00   3.8359056350e-01
   9.5005894461e+02   1.1652732573e-01   0.0000000000e+00   4.9988211077e-01   0.0000000000e+00   0.0000000000e+00   3.8359056350e-01
   9.5005894461e+02   1.1652732573e-01   0.0000000000e+00   4.9988211077e-01   0.0000000000e+00   0.0000000000e+00   3.8359056350e-01
   9.5005894461e+02   1.1652732573e-01   0.0000000000e+00   4.9988211077e-01   0.0000000000e+00   0.0000000000e+00   3.8359056350e-01
   9.5006059786e+02   1.1652809614e-01   0.0000000000e+00   4.9987880429e-01   0.0000000000e+00   0.0000000000e+00   3.8359309958e-01
   9.5006059786e+02   1.1652809614e-01   0.0000000000e+00   4.9987880429e-01   0.0000000000e+00   0.0000000000e+00   3.8359309958e-01
   9.5006059786e+02   1.1652809614e-01   0.0000000000e+00   4.9987880429e-01   0.0000000000e+00   0.0000000000e+00   3.8359309958e-01
   9.5006059786e+02   1.1652809614e-01   0.0000000000e+00   4.9987880429e-01   0.0000000000e+00   0.0000000000e+00   3.8359309958e-01
   9.5006186460e+02   1.1652868644e-01   0.0000000000e+00   4.9987627080e-01   0.0000000000e+00   0.0000000000e+00   3.8359504276e-01
   9.5006186460e+02   1.1652868644e-01   0.0000000000e+00   4.9987627080e-01   0.0000000000e+00   0.0000000000e+00   3.8359504276e-01
   9.5006186460e+02   1.1652868644e-01   0.0000000000e+00   4.9987627080e-01   0.0000000000e+00   0.0000000000e+00   3.8359504276e-01
   9.5006186460e+02   1.1652868644e-01   0.0000000000e+00   4.9987627080e-01   0.0000000000e+00   0.0000000000e+00   3.8359504276e-01
   9.5002522060e+02   1.1651161036e-01   0.0000000000e+00   4.9994955879e-01   0.0000000000e+00   0.0000000000e+00   3.8353883085e-01
   9.5002522060e+02   1.1651161036e-01   0.0000000000e+00   4.9994955879e-01   0.0000000000e+00   0.0000000000e+00   3.8353883085e-01
   9.5002522060e+02   1.1651161036e-01   0.0000000000e+00   4.9994955879e-01   0.0000000000e+00   0.0000000000e+00   3.8353883085e-01
   9.5002522060e+02   1.1651161036e-01   0.0000000000e+00   4.9994955879e-01   0.0000000000e+00   0.0000000000e+00   3.8353883085e-01
   9.5002592292e+02   1.1651193763e-01   0.0000000000e+00   4.9994815417e-01   0.0000000000e+00   0.0000000000e+00   3.8353990820e-01
   9.5002592292e+02   1.1651193763e-01   0.0000000000e+00   4.9994815417e-01   0.0000000000e+00   0.0000000000e+00   3.8353990820e-01
   9.5002451829e+02   1.1651128308e-01   0.0000000000e+00   4.9995096342e-01   0.0000000000e+00   0.0000000000e+00   3.8353775350e-01
   9.5002451829e+02   1.1651128308e-01   0.0000000000e+00   4.9995096342e-01   0.0000000000e+00   0.0000000000e+00   3.8353775350e-01
   9.5002272305e+02   1.1651044650e-01   0.0000000000e+00   4.9995455389e-01   0.0000000000e+00   0.0000000000e+00   3.8353499961e-01
   9.5002272305e+02   1.1651044650e-01   0.0000000000e+00   4.9995455389e-01   0.0000000000e+00   0.0000000000e+00   3.8353499961e-01
   9.5002272305e+02   1.1651044650e-01   0.0000000000e+00   4.9995455389e-01   0.0000000000e+00   0.0000000000e+00   3.8353499961e-01
   9.5002272305e+02   1.1651044650e-01   0.0000000000e+00   4.9995455389e-01   0.0000000000e+00   0.0000000000e+00   3.8353499961e-01
   9.5001875027e+02   1.1650859519e-01   0.0000000000e+00   4.9996249945e-01   0.0000000000e+00   0.0000000000e+00   3.8352890536e-01
   9.5001875027e+02   1.1650859519e-01   0.0000000000e+00   4.9996249945e-01   0.0000000000e+00   0.0000000000e+00   3.8352890536e-01
   9.5001875027e+02   1.1650859519e-01   0.0000000000e+00   4.9996249945e-01   0.0000000000e+00   0.0000000000e+00   3.8352890536e-01
   9.5001875027e+02   1.1650859519e-01   0.0000000000e+00   4.9996249945e-01   0.0000000000e+00   0.0000000000e+00   3.8352890536e-01
   9.5000709272e+02   1.1650316278e-01   0.0000000000e+00   4.9998581455e-01   0.0000000000e+00   0.0000000000e+00   3.8351102267e-01
   9.5000709272e+02   1.1650316278e-01   0.0000000000e+00   4.9998581455e-01   0.0000000000e+00   0.0000000000e+00   3.8351102267e-01
   9.5000709272e+02   1.1650316278e-01   0.0000000000e+00   4.9998581455e-01   0.0000000000e+00   0.0000000000e+00   3.8351102267e-01
   9.5000709272e+02   1.1650316278e-01   0.0000000000e+00   4.9998581455e-01   0.0000000000e+00   0.0000000000e+00   3.8351102267e-01
   9.5000709272e+02   1.1650316278e-01   0.0000000000e+00   4.9998581455e-01   0.0000000000e+00   0.0000000000e+00   3.8351102267e-01
   9.5000709272e+02   1.1650316278e-01   0.0000000000e+00   4.9998581455e-01   0.0000000000e+00   0.0000000000e+00   3.8351102267e-01
   9.5000709272e+02   1.1650316278e-01   0.0000000000e+00   4.9998581455e-01   0.0000000000e+00   0.0000000000e+00   3.8351102267e-01
   9.5000709272e+02   1.1650316278e-01   0.0000000000e+00   4.9998581455e-01   0.0000000000e+00   0.0000000000e+00   3.8351102267e-01
   9.5000709272e+02   1.1650316278e-01   0.0000000000e+00   4.9998581455e-01   0.0000000000e+00   0.0000000000e+00   3.8351102267e-01
   9.5000709272e+02   1.1650316278e-01   0.0000000000e+00   4.9998581455e-01   0.0000000000e+00   0.0000000000e+00   3.8351102267e-01
   9.5000709272e+02   1.1650316278e-01   0.0000000000e+00   4.9998581455e-01   0.0000000000e+00   0.0000000000e+00   3.8351102267e-01
   9.5000709272e+02   1.1650316278e-01   0.0000000000e+00   4.9998581455e-01   0.0000000000e+00   0.0000000000e+00   3.8351102267e-01
   9.5000709272e+02   1.1650316278e-01   0.0000000000e+00   4.9998581455e-01   0.0000000000e+00   0.0000000000e+00   3.8351102267e-01
   9.5000709272e+02   1.1650316278e-01   0.0000000000e+00   4.9998581455e-01   0.0000000000e+00   0.0000000000e+00   3.8351102267e-01
   9.5000709272e+02   1.1650316278e-01   0.0000000000e+00   4.9998581455e-01   0.0000000000e+00   0.0000000000e+00   3.8351102267e-01
   9.5000709272e+02   1.1650316278e-01   0.0000000000e+00   4.9998581455e-01   0.0000000000e+00   0.0000000000e+00   3.8351102267e-01
   9.4991417550e+02   1.1645986340e-01   0.0000000000e+00   5.0017164900e-01   0.0000000000e+00   0.0000000000e+00   3.8336848760e-01
   9.4991417550e+02   1.1645986340e-01   0.0000000000e+00   5.0017164900e-01   0.0000000000e+00   0.0000000000e+00   3.8336848760e-01
   9.4991417550e+02   1.1645986340e-01   0.0000000000e+00   5.0017164900e-01   0.0000000000e+00   0.0000000000e+00   3.8336848760e-01
   9.4991417550e+02   1.1645986340e-01   0.0000000000e+00   5.0017164900e-01   0.0000000000e+00   0.0000000000e+00   3.8336848760e-01
   9.4991417550e+02   1.1645986340e-01   0.0000000000e+00   5.0017164900e-01   0.0000000000e+00   0.0000000000e+00   3.8336848760e-01
   9.4991417550e+02   1.1645986340e-01   0.0000000000e+00   5.0017164900e-01   0.0000000000e+00   0.0000000000e+00   3.8336848760e-01
   9.4991417550e+02   1.1645986340e-01   0.0000000000e+00   5.0017164900e-01   0.0000000000e+00   0.0000000000e+00   3.8336848760e-01
   9.4991417550e+02   1.1645986340e-01   0.0000000000e+00   5.0017164900e-01   0.0000000000e+00   0.0000000000e+00   3.8336848760e-01
   9.4992331151e+02   1.1646412078e-01   0.0000000000e+00   5.0015337698e-01   0.0000000000e+00   0.0000000000e+00   3.8338250225e-01
   9.4992331151e+02   1.1646412078e-01   0.0000000000e+00   5.0015337698e-01   0.0000000000e+00   0.0000000000e+00   3.8338250225e-01
   9.4992331151e+02   1.1646412078e-01   0.0000000000e+00   5.0015337698e-01   0.0000000000e+00   0.0000000000e+00   3.8338250225e-01
   9.4992331151e+02   1.1646412078e-01   0.0000000000e+00   5.0015337698e-01   0.0000000000e+00   0.0000000000e+00   3.8338250225e-01
   9.4992331151e+02   1.1646412078e-01   0.0000000000e+00   5.0015337698e-01   0.0000000000e+00   0.0000000000e+00   3.8338250225e-01
   9.4992331151e+02   1.1646412078e-01   0.0000000000e+00   5.0015337698e-01   0.0000000000e+00   0.0000000000e+00   3.8338250225e-01
   9.4992331151e+02   1.1646412078e-01   0.0000000000e+00   5.0015337698e-01   0.0000000000e+00   0.0000000000e+00   3.8338250225e-01
   9.4992331151e+02   1.1646412078e-01   0.0000000000e+00   5.0015337698e-01   0.0000000000e+00   0.0000000000e+00   3.8338250225e-01
   9.4990501662e+02   1.1645559537e-01   0.0000000000e+00   5.0018996676e-01   0.0000000000e+00   0.0000000000e+00   3.8335443787e-01
   9.4990501662e+02   1.1645559537e-01   0.0000000000e+00   5.0018996676e-01   0.0000000000e+00   0.0000000000e+00   3.8335443787e-01
   9.4990501662e+02   1.1645559537e-01   0.0000000000e+00   5.0018996676e-01   0.0000000000e+00   0.0000000000e+00   3.8335443787e-01
   9.4990501662e+02   1.1645559537e-01   0.0000000000e+00   5.0018996676e-01   0.0000000000e+00   0.0000000000e+00   3.8335443787e-01
   9.4992328865e+02   1.1646411012e-01   0.0000000000e+00   5.0015342271e-01   0.0000000000e+00   0.0000000000e+00   3.8338246717e-01
   9.4992328865e+02   1.1646411012e-01   0.0000000000e+00   5.0015342271e-01   0.0000000000e+00   0.0000000000e+00   3.8338246717e-01
   9.4992328865e+02   1.1646411012e-01   0.0000000000e+00   5.0015342271e-01   0.0000000000e+00   0.0000000000e+00   3.8338246717e-01
   9.4992328865e+02   1.1646411012e-01   0.0000000000e+00   5.0015342271e-01   0.0000000000e+00   0.0000000000e+00   3.8338246717e-01
   9.4992328865e+02   1.1646411012e-01   0.0000000000e+00   5.0015342271e-01   0.0000000000e+00   0.0000000000e+00   3.8338246717e-01
   9.4992328865e+02   1.1646411012e-01   0.0000000000e+00   5.0015342271e-01   0.0000000000e+00   0.0000000000e+00   3.8338246717e-01
   9.4992328865e+02   1.1646411012e-01   0.0000000000e+00   5.0015342271e-01   0.0000000000e+00   0.0000000000e+00   3.8338246717e-01
   9.4992328865e+02   1.1646411012e-01   0.0000000000e+00   5.0015342271e-01   0.0000000000e+00   0.0000000000e+00   3.8338246717e-01
   9.4992328865e+02   1.1646411012e-01   0.0000000000e+00   5.0015342271e-01   0.0000000000e+00   0.0000000000e+00   3.8338246717e-01
   9.4992328865e+02   1.1646411012e-01   0.0000000000e+00   5.0015342271e-01   0.0000000000e+00   0.0000000000e+00   3.8338246717e-01
   9.4992328865e+02   1.1646411012e-01   0.0000000000e+00   5.0015342271e-01   0.0000000000e+00   0.0000000000e+00   3.8338246717e-01
   9.4992328865e+02   1.1646411012e-01   0.0000000000e+00   5.0015342271e-01   0.0000000000e+00   0.0000000000e+00   3.8338246717e-01
   9.5002720700e+02   1.1651253601e-01   0.0000000000e+00   4.9994558601e-01   0.0000000000e+00   0.0000000000e+00   3.8354187798e-01
   9.5002720700e+02   1.1651253601e-01   0.0000000000e+00   4.9994558601e-01   0.0000000000e+00   0.0000000000e+00   3.8354187798e-01
   9.5002720700e+02   1.1651253601e-01   0.0000000000e+00   4.9994558601e-01   0.0000000000e+00   0.0000000000e+00   3.8354187798e-01
   9.5002720700e+02   1.1651253601e-01   0.0000000000e+00   4.9994558601e-01   0.0000000000e+00   0.0000000000e+00   3.8354187798e-01
   9.5002720700e+02   1.1651253601e-01   0.0000000000e+00   4.9994558601e-01   0.0000000000e+00   0.0000000000e+00   3.8354187798e-01
   9.5002720700e+02   1.1651253601e-01   0.0000000000e+00   4.9994558601e-01   0.0000000000e+00   0.0000000000e+00   3.8354187798e-01
   9.5002720700e+02   1.1651253601e-01   0.0000000000e+00   4.9994558601e-01   0.0000000000e+00   0.0000000000e+00   3.8354187798e-01
   9.5002720700e+02   1.1651253601e-01   0.0000000000e+00   4.9994558601e-01   0.0000000000e+00   0.0000000000e+00   3.8354187798e-01
   9.5000823273e+02   1.1650369402e-01   0.0000000000e+00   4.9998353455e-01   0.0000000000e+00   0.0000000000e+00   3.8351277144e-01
   9.5000823273e+02   1.1650369402e-01   0.0000000000e+00   4.9998353455e-01   0.0000000000e+00   0.0000000000e+00   3.8351277144e-01
   9.5000823273e+02   1.1650369402e-01   0.0000000000e+00   4.9998353455e-01   0.0000000000e+00   0.0000000000e+00   3.8351277144e-01
   9.5000823273e+02   1.1650369402e-01   0.0000000000e+00   4.9998353455e-01   0.0000000000e+00   0.0000000000e+00   3.8351277144e-01
   9.5000823273e+02   1.1650369402e-01   0.0000000000e+00   4.9998353455e-01   0.0000000000e+00   0.0000000000e+00   3.8351277144e-01
   9.5000823273e+02   1.1650369402e-01   0.0000000000e+00   4.9998353455e-01   0.0000000000e+00   0.0000000000e+00   3.8351277144e-01
   9.5000823273e+02   1.1650369402e-01   0.0000000000e+00   4.9998353455e-01   0.0000000000e+00   0.0000000000e+00   3.8351277144e-01
   9.5000823273e+02   1.1650369402e-01   0.0000000000e+00   4.9998353455e-01   0.0000000000e+00   0.0000000000e+00   3.8351277144e-01
   9.5000159060e+02   1.1650059879e-01   0.0000000000e+00   4.9999681880e-01   0.0000000000e+00   0.0000000000e+00   3.8350258241e-01
   9.5000159060e+02   1.1650059879e-01   0.0000000000e+00   4.9999681880e-01   0.0000000000e+00   0.0000000000e+00   3.8350258241e-01
   9.5002982283e+02   1.1651375499e-01   0.0000000000e+00   4.9994035433e-01   0.0000000000e+00   0.0000000000e+00   3.8354589067e-01
   9.5002982283e+02   1.1651375499e-01   0.0000000000e+00   4.9994035433e-01   0.0000000000e+00   0.0000000000e+00   3.8354589067e-01
   9.5002840973e+02   1.1651309649e-01   0.0000000000e+00   4.9994318054e-01   0.0000000000e+00   0.0000000000e+00   3.8354372298e-01
   9.5002840973e+02   1.1651309649e-01   0.0000000000e+00   4.9994318054e-01   0.0000000000e+00   0.0000000000e+00   3.8354372298e-01
   9.5002840973e+02   1.1651309649e-01   0.0000000000e+00   4.9994318054e-01   0.0000000000e+00   0.0000000000e+00   3.8354372298e-01
   9.5002840973e+02   1.1651309649e-01   0.0000000000e+00   4.9994318054e-01   0.0000000000e+00   0.0000000000e+00   3.8354372298e-01
   9.5002911628e+02   1.1651342574e-01   0.0000000000e+00   4.9994176743e-01   0.0000000000e+00   0.0000000000e+00   3.8354480682e-01
   9.5002911628e+02   1.1651342574e-01   0.0000000000e+00   4.9994176743e-01   0.0000000000e+00   0.0000000000e+00   3.8354480682e-01
   9.5002911628e+02   1.1651342574e-01   0.0000000000e+00   4.9994176743e-01   0.0000000000e+00   0.0000000000e+00   3.8354480682e-01
   9.5002911628e+02   1.1651342574e-01   0.0000000000e+00   4.9994176743e-01   0.0000000000e+00   0.0000000000e+00   3.8354480682e-01
   9.5001500017e+02   1.1650684764e-01   0.0000000000e+00   4.9996999967e-01   0.0000000000e+00   0.0000000000e+00   3.8352315269e-01
   9.5001500017e+02   1.1650684764e-01   0.0000000000e+00   4.9996999967e-01   0.0000000000e+00   0.0000000000e+00   3.8352315269e-01
   9.5001500017e+02   1.1650684764e-01   0.0000000000e+00   4.9996999967e-01   0.0000000000e+00   0.0000000000e+00   3.8352315269e-01
   9.5001500017e+02   1.1650684764e-01   0.0000000000e+00   4.9996999967e-01   0.0000000000e+00   0.0000000000e+00   3.8352315269e-01