# time = 128.172
# Grid Poins = 256    variable_0    variable_1    variable_2    variable_3    variable_4    variable_5    variable_6
   9.4999999993e+02   1.1649985754e-01   0.0000000000e+00   5.0000000015e-01   0.0000000000e+00   0.0000000000e+00   3.8350014232e-01
   9.4999999993e+02   1.1649985754e-01   0.0000000000e+00   5.0000000015e-01   0.0000000000e+00   0.0000000000e+00   3.8350014232e-01
   9.4999999993e+02   1.1649985754e-01   0.0000000000e+00   5.0000000015e-01   0.0000000000e+00   0.0000000000e+00   3.8350014232e-01
   9.4999999993e+02   1.1649985754e-01   0.0000000000e+00   5.0000000015e-01   0.0000000000e+00   0.0000000000e+00   3.8350014232e-01
   9.4999999987e+02   1.1649985751e-01   0.0000000000e+00   5.0000000026e-01   0.0000000000e+00   0.0000000000e+00   3.8350014223e-01
   9.4999999987e+02   1.1649985751e-01   0.0000000000e+00   5.0000000026e-01   0.0000000000e+00   0.0000000000e+00   3.8350014223e-01
   9.4999999987e+02   1.1649985751e-01   0.0000000000e+00   5.0000000026e-01   0.0000000000e+00   0.0000000000e+00   3.8350014223e-01
   9.4999999987e+02   1.1649985751e-01   0.0000000000e+00   5.0000000026e-01   0.0000000000e+00   0.0000000000e+00   3.8350014223e-01
   9.4999999998e+02   1.1649985756e-01   0.0000000000e+00   5.0000000003e-01   0.0000000000e+00   0.0000000000e+00   3.8350014241e-01
   9.4999999998e+02   1.1649985756e-01   0.0000000000e+00   5.0000000003e-01   0.0000000000e+00   0.0000000000e+00   3.8350014241e-01
   9.4999999998e+02   1.1649985756e-01   0.0000000000e+00   5.0000000003e-01   0.0000000000e+00   0.0000000000e+00   3.8350014241e-01
   9.4999999998e+02   1.1649985756e-01   0.0000000000e+00   5.0000000003e-01   0.0000000000e+00   0.0000000000e+00   3.8350014241e-01
   9.4999999993e+02   1.1649985754e-01   0.0000000000e+00   5.0000000015e-01   0.0000000000e+00   0.0000000000e+00   3.8350014232e-01
   9.4999999993e+02   1.1649985754e-01   0.0000000000e+00   5.0000000015e-01   0.0000000000e+00   0.0000000000e+00   3.8350014232e-01
   9.4999999993e+02   1.1649985754e-01   0.0000000000e+00   5.0000000015e-01   0.0000000000e+00   0.0000000000e+00   3.8350014232e-01
   9.4999999993e+02   1.1649985754e-01   0.0000000000e+00   5.0000000015e-01   0.0000000000e+00   0.0000000000e+00   3.8350014232e-01
   9.5000000021e+02   1.1649985767e-01   0.0000000000e+00   4.9999999958e-01   0.0000000000e+00   0.0000000000e+00   3.8350014276e-01
   9.5000000021e+02   1.1649985767e-01   0.0000000000e+00   4.9999999958e-01   0.0000000000e+00   0.0000000000e+00   3.8350014276e-01
   9.5000000021e+02   1.1649985767e-01   0.0000000000e+00   4.9999999958e-01   0.0000000000e+00   0.0000000000e+00   3.8350014275e-01
   9.5000000021e+02   1.1649985767e-01   0.0000000000e+00   4.9999999958e-01   0.0000000000e+00   0.0000000000e+00   3.8350014275e-01
   9.5000000021e+02   1.1649985767e-01   0.0000000000e+00   4.9999999958e-01   0.0000000000e+00   0.0000000000e+00   3.8350014276e-01
   9.5000000021e+02   1.1649985767e-01   0.0000000000e+00   4.9999999958e-01   0.0000000000e+00   0.0000000000e+00   3.8350014276e-01
   9.5000000021e+02   1.1649985767e-01   0.0000000000e+00   4.9999999958e-01   0.0000000000e+00   0.0000000000e+00   3.8350014275e-01
   9.5000000021e+02   1.1649985767e-01   0.0000000000e+00   4.9999999958e-01   0.0000000000e+00   0.0000000000e+00   3.8350014275e-01
   9.5000000021e+02   1.1649985767e-01   0.0000000000e+00   4.9999999957e-01   0.0000000000e+00   0.0000000000e+00   3.8350014276e-01
   9.5000000021e+02   1.1649985767e-01   0.0000000000e+00   4.9999999957e-01   0.0000000000e+00   0.0000000000e+00   3.8350014276e-01
   9.5000000021e+02   1.1649985767e-01   0.0000000000e+00   4.9999999958e-01   0.0000000000e+00   0.0000000000e+00   3.8350014275e-01
   9.5000000021e+02   1.1649985767e-01   0.0000000000e+00   4.9999999958e-01   0.0000000000e+00   0.0000000000e+00   3.8350014275e-01
   9.5000000021e+02   1.1649985767e-01   0.0000000000e+00   4.9999999958e-01   0.0000000000e+00   0.0000000000e+00   3.8350014275e-01
   9.5000000021e+02   1.1649985767e-01   0.0000000000e+00   4.9999999958e-01   0.0000000000e+00   0.0000000000e+00   3.8350014275e-01
   9.5000000021e+02   1.1649985767e-01   0.0000000000e+00   4.9999999958e-01   0.0000000000e+00   0.0000000000e+00   3.8350014275e-01
   9.5000000021e+02   1.1649985767e-01   0.0000000000e+00   4.9999999958e-01   0.0000000000e+00   0.0000000000e+00   3.8350014275e-01
   9.4999999986e+02   1.1649985751e-01   0.0000000000e+00   5.0000000027e-01   0.0000000000e+00   0.0000000000e+00   3.8350014222e-01
   9.4999999986e+02   1.1649985751e-01   0.0000000000e+00   5.0000000027e-01   0.0000000000e+00   0.0000000000e+00   3.8350014222e-01
   9.4999999986e+02   1.1649985751e-01   0.0000000000e+00   5.0000000027e-01   0.0000000000e+00   0.0000000000e+00   3.8350014222e-01
   9.4999999986e+02   1.1649985751e-01   0.0000000000e+00   5.0000000027e-01   0.0000000000e+00   0.0000000000e+00   3.8350014222e-01
   9.4999999986e+02   1.1649985751e-01   0.0000000000e+00   5.0000000027e-01   0.0000000000e+00   0.0000000000e+00   3.8350014222e-01
   9.4999999986e+02   1.1649985751e-01   0.0000000000e+00   5.0000000027e-01   0.0000000000e+00   0.0000000000e+00   3.8350014222e-01
   9.4999999986e+02   1.1649985751e-01   0.0000000000e+00   5.0000000027e-01   0.0000000000e+00   0.0000000000e+00   3.8350014222e-01
   9.4999999986e+02   1.1649985751e-01   0.0000000000e+00   5.0000000027e-01   0.0000000000e+00   0.0000000000e+00   3.8350014222e-01
   9.4999999987e+02   1.1649985751e-01   0.0000000000e+00   5.0000000027e-01   0.0000000000e+00   0.0000000000e+00   3.8350014222e-01
   9.4999999987e+02   1.1649985751e-01   0.0000000000e+00   5.0000000027e-01   0.0000000000e+00   0.0000000000e+00   3.8350014222e-01
   9.4999999989e+02   1.1649985752e-01   0.0000000000e+00   5.0000000022e-01   0.0000000000e+00   0.0000000000e+00   3.8350014226e-01
   9.4999999989e+02   1.1649985752e-01   0.0000000000e+00   5.0000000022e-01   0.0000000000e+00   0.0000000000e+00   3.8350014226e-01
   9.4999999989e+02   1.1649985752e-01   0.0000000000e+00   5.0000000022e-01   0.0000000000e+00   0.0000000000e+00   3.8350014226e-01
   9.4999999989e+02   1.1649985752e-01   0.0000000000e+00   5.0000000022e-01   0.0000000000e+00   0.0000000000e+00   3.8350014226e-01
   9.4999999987e+02   1.1649985751e-01   0.0000000000e+00   5.0000000027e-01   0.0000000000e+00   0.0000000000e+00   3.8350014222e-01
   9.4999999987e+02   1.1649985751e-01   0.0000000000e+00   5.0000000027e-01   0.0000000000e+00   0.0000000000e+00   3.8350014222e-01
   9.4999999978e+02   1.1649985747e-01   0.0000000000e+00   5.0000000043e-01   0.0000000000e+00   0.0000000000e+00   3.8350014210e-01
   9.4999999978e+02   1.1649985747e-01   0.0000000000e+00   5.0000000043e-01   0.0000000000e+00   0.0000000000e+00   3.8350014210e-01
   9.4999999986e+02   1.1649985750e-01   0.0000000000e+00   5.0000000029e-01   0.0000000000e+00   0.0000000000e+00   3.8350014221e-01
   9.4999999986e+02   1.1649985750e-01   0.0000000000e+00   5.0000000029e-01   0.0000000000e+00   0.0000000000e+00   3.8350014221e-01
   9.4999999975e+02   1.1649985745e-01   0.0000000000e+00   5.0000000051e-01   0.0000000000e+00   0.0000000000e+00   3.8350014204e-01
   9.4999999975e+02   1.1649985745e-01   0.0000000000e+00   5.0000000051e-01   0.0000000000e+00   0.0000000000e+00   3.8350014204e-01
   9.4999999975e+02   1.1649985745e-01   0.0000000000e+00   5.0000000051e-01   0.0000000000e+00   0.0000000000e+00   3.8350014204e-01
   9.4999999975e+02   1.1649985745e-01   0.0000000000e+00   5.0000000051e-01   0.0000000000e+00   0.0000000000e+00   3.8350014204e-01
   9.4999999966e+02   1.1649985741e-01   0.0000000000e+00   5.0000000068e-01   0.0000000000e+00   0.0000000000e+00   3.8350014191e-01
   9.4999999966e+02   1.1649985741e-01   0.0000000000e+00   5.0000000068e-01   0.0000000000e+00   0.0000000000e+00   3.8350014191e-01
   9.4999999966e+02   1.1649985741e-01   0.0000000000e+00   5.0000000068e-01   0.0000000000e+00   0.0000000000e+00   3.8350014191e-01
   9.4999999966e+02   1.1649985741e-01   0.0000000000e+00   5.0000000068e-01   0.0000000000e+00   0.0000000000e+00   3.8350014191e-01
   9.4999999991e+02   1.1649985753e-01   0.0000000000e+00   5.0000000018e-01   0.0000000000e+00   0.0000000000e+00   3.8350014229e-01
   9.4999999991e+02   1.1649985753e-01   0.0000000000e+00   5.0000000018e-01   0.0000000000e+00   0.0000000000e+00   3.8350014229e-01
   9.4999999991e+02   1.1649985753e-01   0.0000000000e+00   5.0000000018e-01   0.0000000000e+00   0.0000000000e+00   3.8350014229e-01
   9.4999999991e+02   1.1649985753e-01   0.0000000000e+00   5.0000000018e-01   0.0000000000e+00   0.0000000000e+00   3.8350014229e-01
   9.4999999983e+02   1.1649985749e-01   0.0000000000e+00   5.0000000033e-01   0.0000000000e+00   0.0000000000e+00   3.8350014217e-01
   9.4999999983e+02   1.1649985749e-01   0.0000000000e+00   5.0000000033e-01   0.0000000000e+00   0.0000000000e+00   3.8350014217e-01
   9.4999999983e+02   1.1649985749e-01   0.0000000000e+00   5.0000000033e-01   0.0000000000e+00   0.0000000000e+00   3.8350014217e-01
   9.4999999983e+02   1.1649985749e-01   0.0000000000e+00   5.0000000033e-01   0.0000000000e+00   0.0000000000e+00   3.8350014217e-01
   9.5000000001e+02   1.1649985757e-01   0.0000000000e+00   4.9999999998e-01   0.0000000000e+00   0.0000000000e+00   3.8350014244e-01
   9.5000000001e+02   1.1649985757e-01   0.0000000000e+00   4.9999999998e-01   0.0000000000e+00   0.0000000000e+00   3.8350014244e-01
   9.4999999966e+02   1.1649985741e-01   0.0000000000e+00   5.0000000068e-01   0.0000000000e+00   0.0000000000e+00   3.8350014191e-01
   9.4999999966e+02   1.1649985741e-01   0.0000000000e+00   5.0000000068e-01   0.0000000000e+00   0.0000000000e+00   3.8350014191e-01
   9.5000000012e+02   1.1649985762e-01   0.0000000000e+00   4.9999999977e-01   0.0000000000e+00   0.0000000000e+00   3.8350014261e-01
   9.5000000012e+02   1.1649985762e-01   0.0000000000e+00   4.9999999977e-01   0.0000000000e+00   0.0000000000e+00   3.8350014261e-01
   9.5000000012e+02   1.1649985762e-01   0.0000000000e+00   4.9999999977e-01   0.0000000000e+00   0.0000000000e+00   3.8350014261e-01
   9.5000000012e+02   1.1649985762e-01   0.0000000000e+00   4.9999999977e-01   0.0000000000e+00   0.0000000000e+00   3.8350014261e-01
   9.5000000012e+02   1.1649985762e-01   0.0000000000e+00   4.9999999977e-01   0.0000000000e+00   0.0000000000e+00   3.8350014261e-01
   9.5000000012e+02   1.1649985762e-01   0.0000000000e+00   4.9999999977e-01   0.0000000000e+00   0.0000000000e+00   3.8350014261e-01
   9.5000000012e+02   1.1649985762e-01   0.0000000000e+00   4.9999999977e-01   0.0000000000e+00   0.0000000000e+00   3.8350014261e-01
   9.5000000012e+02   1.1649985762e-01   0.0000000000e+00   4.9999999977e-01   0.0000000000e+00   0.0000000000e+00   3.8350014261e-01
   9.5000000012e+02   1.1649985762e-01   0.0000000000e+00   4.9999999977e-01   0.0000000000e+00   0.0000000000e+00   3.8350014261e-01
   9.5000000012e+02   1.1649985762e-01   0.0000000000e+00   4.9999999977e-01   0.0000000000e+00   0.0000000000e+00   3.8350014261e-01
   9.5000000012e+02   1.1649985762e-01   0.0000000000e+00   4.9999999977e-01   0.0000000000e+00   0.0000000000e+00   3.8350014261e-01
   9.5000000012e+02   1.1649985762e-01   0.0000000000e+00   4.9999999977e-01   0.0000000000e+00   0.0000000000e+00   3.8350014261e-01
   9.4999999966e+02   1.1649985741e-01   0.0000000000e+00   5.0000000068e-01   0.0000000000e+00   0.0000000000e+00   3.8350014191e-01
   9.4999999966e+02   1.1649985741e-01   0.0000000000e+00   5.0000000068e-01   0.0000000000e+00   0.0000000000e+00   3.8350014191e-01
   9.4999999978e+02   1.1649985747e-01   0.0000000000e+00   5.0000000045e-01   0.0000000000e+00   0.0000000000e+00   3.8350014209e-01
   9.4999999978e+02   1.1649985747e-01   0.0000000000e+00   5.0000000045e-01   0.0000000000e+00   0.0000000000e+00   3.8350014209e-01
   9.5000000012e+02   1.1649985762e-01   0.0000000000e+00   4.9999999977e-01   0.0000000000e+00   0.0000000000e+00   3.8350014261e-01
   9.5000000012e+02   1.1649985762e-01   0.0000000000e+00   4.9999999977e-01   0.0000000000e+00   0.0000000000e+00   3.8350014261e-01
   9.5000000012e+02   1.1649985762e-01   0.0000000000e+00   4.9999999977e-01   0.0000000000e+00   0.0000000000e+00   3.8350014261e-01
   9.5000000012e+02   1.1649985762e-01   0.0000000000e+00   4.9999999977e-01   0.0000000000e+00   0.0000000000e+00   3.8350014261e-01
   9.4999999972e+02   1.1649985744e-01   0.0000000000e+00   5.0000000056e-01   0.0000000000e+00   0.0000000000e+00   3.8350014200e-01
   9.4999999972e+02   1.1649985744e-01   0.0000000000e+00   5.0000000056e-01   0.0000000000e+00   0.0000000000e+00   3.8350014200e-01
   9.4999999972e+02   1.1649985744e-01   0.0000000000e+00   5.0000000056e-01   0.0000000000e+00   0.0000000000e+00   3.8350014200e-01
   9.4999999972e+02   1.1649985744e-01   0.0000000000e+00   5.0000000056e-01   0.0000000000e+00   0.0000000000e+00   3.8350014200e-01
   9.4999999999e+02   1.1649985756e-01   0.0000000000e+00   5.0000000002e-01   0.0000000000e+00   0.0000000000e+00   3.8350014241e-01
   9.4999999999e+02   1.1649985756e-01   0.0000000000e+00   5.0000000002e-01   0.0000000000e+00   0.0000000000e+00   3.8350014241e-01
   9.4999999999e+02   1.1649985756e-01   0.0000000000e+00   5.0000000002e-01   0.0000000000e+00   0.0000000000e+00   3.8350014241e-01
   9.4999999999e+02   1.1649985756e-01   0.0000000000e+00   5.0000000002e-01   0.0000000000e+00   0.0000000000e+00   3.8350014241e-01
   9.4999999999e+02   1.1649985756e-01   0.0000000000e+00   5.0000000002e-01   0.0000000000e+00   0.0000000000e+00   3.8350014241e-01
   9.4999999999e+02   1.1649985756e-01   0.0000000000e+00   5.0000000002e-01   0.0000000000e+00   0.0000000000e+00   3.8350014241e-01
   9.4999999999e+02   1.1649985756e-01   0.0000000000e+00   5.0000000002e-01   0.0000000000e+00   0.0000000000e+00   3.8350014241e-01
   9.4999999999e+02   1.1649985756e-01   0.0000000000e+00   5.0000000002e-01   0.0000000000e+00   0.0000000000e+00   3.8350014241e-01
   9.4999999972e+02   1.1649985744e-01   0.0000000000e+00   5.0000000056e-01   0.0000000000e+00   0.0000000000e+00   3.8350014200e-01
   9.4999999972e+02   1.1649985744e-01   0.0000000000e+00   5.0000000056e-01   0.0000000000e+00   0.0000000000e+00   3.8350014200e-01
   9.4999999972e+02   1.1649985744e-01   0.0000000000e+00   5.0000000056e-01   0.0000000000e+00   0.0000000000e+00   3.8350014200e-01
   9.4999999972e+02   1.1649985744e-01   0.0000000000e+00   5.0000000056e-01   0.0000000000e+00   0.0000000000e+00   3.8350014200e-01
   9.5000000012e+02   1.1649985763e-01   0.0000000000e+00   4.9999999976e-01   0.0000000000e+00   0.0000000000e+00   3.8350014261e-01
   9.5000000012e+02   1.1649985763e-01   0.0000000000e+00   4.9999999976e-01   0.0000000000e+00   0.0000000000e+00   3.8350014261e-01
   9.5000000012e+02   1.1649985763e-01   0.0000000000e+00   4.9999999976e-01   0.0000000000e+00   0.0000000000e+00   3.8350014261e-01
   9.5000000012e+02   1.1649985763e-01   0.0000000000e+00   4.9999999976e-01   0.0000000000e+00   0.0000000000e+00   3.8350014261e-01
   9.5000000010e+02   1.1649985761e-01   0.0000000000e+00   4.9999999981e-01   0.0000000000e+00   0.0000000000e+00   3.8350014258e-01
   9.5000000010e+02   1.1649985761e-01   0.0000000000e+00   4.9999999981e-01   0.0000000000e+00   0.0000000000e+00   3.8350014258e-01
   9.5000000009e+02   1.1649985761e-01   0.0000000000e+00   4.9999999981e-01   0.0000000000e+00   0.0000000000e+00   3.8350014257e-01
   9.5000000009e+02   1.1649985761e-01   0.0000000000e+00   4.9999999981e-01   0.0000000000e+00   0.0000000000e+00   3.8350014257e-01
   9.5000000009e+02   1.1649985761e-01   0.0000000000e+00   4.9999999981e-01   0.0000000000e+00   0.0000000000e+00   3.8350014257e-01
   9.5000000009e+02   1.1649985761e-01   0.0000000000e+00   4.9999999981e-01   0.0000000000e+00   0.0000000000e+00   3.8350014257e-01
   9.5000000010e+02   1.1649985761e-01   0.0000000000e+00   4.9999999981e-01   0.0000000000e+00   0.0000000000e+00   3.8350014258e-01
   9.5000000010e+02   1.1649985761e-01   0.0000000000e+00   4.9999999981e-01   0.0000000000e+00   0.0000000000e+00   3.8350014258e-01
   9.4999999980e+02   1.1649985748e-01   0.0000000000e+00   5.0000000039e-01   0.0000000000e+00   0.0000000000e+00   3.8350014213e-01
   9.4999999980e+02   1.1649985748e-01   0.0000000000e+00   5.0000000039e-01   0.0000000000e+00   0.0000000000e+00   3.8350014213e-01
   9.4999999980e+02   1.1649985748e-01   0.0000000000e+00   5.0000000039e-01   0.0000000000e+00   0.0000000000e+00   3.8350014213e-01
   9.4999999980e+02   1.1649985748e-01   0.0000000000e+00   5.0000000039e-01   0.0000000000e+00   0.0000000000e+00   3.8350014213e-01
   9.4999999975e+02   1.1649985745e-01   0.0000000000e+00   5.0000000051e-01   0.0000000000e+00   0.0000000000e+00   3.8350014204e-01
   9.4999999975e+02   1.1649985745e-01   0.0000000000e+00   5.0000000051e-01   0.0000000000e+00   0.0000000000e+00   3.8350014204e-01
   9.4999999975e+02   1.1649985745e-01   0.0000000000e+00   5.0000000051e-01   0.0000000000e+00   0.0000000000e+00   3.8350014204e-01
   9.4999999975e+02   1.1649985745e-01   0.0000000000e+00   5.0000000051e-01   0.0000000000e+00   0.0000000000e+00   3.8350014204e-01
   9.5000000001e+02   1.1649985758e-01   0.0000000000e+00   4.9999999997e-01   0.0000000000e+00   0.0000000000e+00   3.8350014245e-01
   9.5000000001e+02   1.1649985758e-01   0.0000000000e+00   4.9999999997e-01   0.0000000000e+00   0.0000000000e+00   3.8350014245e-01
   9.5000000008e+02   1.1649985761e-01   0.0000000000e+00   4.9999999985e-01   0.0000000000e+00   0.0000000000e+00   3.8350014255e-01
   9.5000000008e+02   1.1649985761e-01   0.0000000000e+00   4.9999999985e-01   0.0000000000e+00   0.0000000000e+00   3.8350014255e-01
   9.5000000004e+02   1.1649985759e-01   0.0000000000e+00   4.9999999991e-01   0.0000000000e+00   0.0000000000e+00   3.8350014250e-01
   9.5000000004e+02   1.1649985759e-01   0.0000000000e+00   4.9999999991e-01   0.0000000000e+00   0.0000000000e+00   3.8350014250e-01
   9.5000000004e+02   1.1649985759e-01   0.0000000000e+00   4.9999999991e-01   0.0000000000e+00   0.0000000000e+00   3.8350014250e-01
   9.5000000004e+02   1.1649985759e-01   0.0000000000e+00   4.9999999991e-01   0.0000000000e+00   0.0000000000e+00   3.8350014250e-01
   9.5000000005e+02   1.1649985759e-01   0.0000000000e+00   4.9999999991e-01   0.0000000000e+00   0.0000000000e+00   3.8350014250e-01
   9.5000000005e+02   1.1649985759e-01   0.0000000000e+00   4.9999999991e-01   0.0000000000e+00   0.0000000000e+00   3.8350014250e-01
   9.5000000005e+02   1.1649985759e-01   0.0000000000e+00   4.9999999991e-01   0.0000000000e+00   0.0000000000e+00   3.8350014250e-01
   9.5000000005e+02   1.1649985759e-01   0.0000000000e+00   4.9999999991e-01   0.0000000000e+00   0.0000000000e+00   3.8350014250e-01
   9.5000000006e+02   1.1649985760e-01   0.0000000000e+00   4.9999999988e-01   0.0000000000e+00   0.0000000000e+00   3.8350014252e-01
   9.5000000006e+02   1.1649985760e-01   0.0000000000e+00   4.9999999988e-01   0.0000000000e+00   0.0000000000e+00   3.8350014252e-01
   9.4999999999e+02   1.1649985757e-01   0.0000000000e+00   5.0000000002e-01   0.0000000000e+00   0.0000000000e+00   3.8350014242e-01
   9.4999999999e+02   1.1649985757e-01   0.0000000000e+00   5.0000000002e-01   0.0000000000e+00   0.0000000000e+00   3.8350014242e-01
   9.5000000007e+02   1.1649985760e-01   0.0000000000e+00   4.9999999986e-01   0.0000000000e+00   0.0000000000e+00   3.8350014254e-01
   9.5000000007e+02   1.1649985760e-01   0.0000000000e+00   4.9999999986e-01   0.0000000000e+00   0.0000000000e+00   3.8350014254e-01
   9.4999999992e+02   1.1649985753e-01   0.0000000000e+00   5.0000000016e-01   0.0000000000e+00   0.0000000000e+00   3.8350014231e-01
   9.4999999992e+02   1.1649985753e-01   0.0000000000e+00   5.0000000016e-01   0.0000000000e+00   0.0000000000e+00   3.8350014231e-01
   9.4999999992e+02   1.1649985753e-01   0.0000000000e+00   5.0000000016e-01   0.0000000000e+00   0.0000000000e+00   3.8350014231e-01
   9.4999999992e+02   1.1649985753e-01   0.0000000000e+00   5.0000000016e-01   0.0000000000e+00   0.0000000000e+00   3.8350014231e-01
   9.5000000007e+02   1.1649985760e-01   0.0000000000e+00   4.9999999986e-01   0.0000000000e+00   0.0000000000e+00   3.8350014254e-01
   9.5000000007e+02   1.1649985760e-01   0.0000000000e+00   4.9999999986e-01   0.0000000000e+00   0.0000000000e+00   3.8350014254e-01
   9.5000000009e+02   1.1649985761e-01   0.0000000000e+00   4.9999999982e-01   0.0000000000e+00   0.0000000000e+00   3.8350014257e-01
   9.5000000009e+02   1.1649985761e-01   0.0000000000e+00   4.9999999982e-01   0.0000000000e+00   0.0000000000e+00   3.8350014257e-01
   9.5000000009e+02   1.1649985761e-01   0.0000000000e+00   4.9999999982e-01   0.0000000000e+00   0.0000000000e+00   3.8350014257e-01
   9.5000000009e+02   1.1649985761e-01   0.0000000000e+00   4.9999999982e-01   0.0000000000e+00   0.0000000000e+00   3.8350014257e-01
   9.5000000007e+02   1.1649985760e-01   0.0000000000e+00   4.9999999986e-01   0.0000000000e+00   0.0000000000e+00   3.8350014254e-01
   9.5000000007e+02   1.1649985760e-01   0.0000000000e+00   4.9999999986e-01   0.0000000000e+00   0.0000000000e+00   3.8350014254e-01
   9.5000000007e+02   1.1649985760e-01   0.0000000000e+00   4.9999999986e-01   0.0000000000e+00   0.0000000000e+00   3.8350014254e-01
   9.5000000007e+02   1.1649985760e-01   0.0000000000e+00   4.9999999986e-01   0.0000000000e+00   0.0000000000e+00   3.8350014254e-01
   9.5000000010e+02   1.1649985761e-01   0.0000000000e+00   4.9999999981e-01   0.0000000000e+00   0.0000000000e+00   3.8350014258e-01
   9.5000000010e+02   1.1649985761e-01   0.0000000000e+00   4.9999999981e-01   0.0000000000e+00   0.0000000000e+00   3.8350014258e-01
   9.5000000010e+02   1.1649985761e-01   0.0000000000e+00   4.9999999981e-01   0.0000000000e+00   0.0000000000e+00   3.8350014258e-01
   9.5000000010e+02   1.1649985761e-01   0.0000000000e+00   4.9999999981e-01   0.0000000000e+00   0.0000000000e+00   3.8350014258e-01
   9.5000000010e+02   1.1649985761e-01   0.0000000000e+00   4.9999999981e-01   0.0000000000e+00   0.0000000000e+00   3.8350014258e-01
   9.5000000010e+02   1.1649985761e-01   0.0000000000e+00   4.9999999981e-01   0.0000000000e+00   0.0000000000e+00   3.8350014258e-01
   9.5000000010e+02   1.1649985761e-01   0.0000000000e+00   4.9999999981e-01   0.0000000000e+00   0.0000000000e+00   3.8350014258e-01
   9.5000000010e+02   1.1649985761e-01   0.0000000000e+00   4.9999999981e-01   0.0000000000e+00   0.0000000000e+00   3.8350014258e-01
   9.4999999988e+02   1.1649985751e-01   0.0000000000e+00   5.0000000024e-01   0.0000000000e+00   0.0000000000e+00   3.8350014225e-01
   9.4999999988e+02   1.1649985751e-01   0.0000000000e+00   5.0000000024e-01   0.0000000000e+00   0.0000000000e+00   3.8350014225e-01
   9.4999999988e+02   1.1649985751e-01   0.0000000000e+00   5.0000000024e-01   0.0000000000e+00   0.0000000000e+00   3.8350014225e-01
   9.4999999988e+02   1.1649985751e-01   0.0000000000e+00   5.0000000024e-01   0.0000000000e+00   0.0000000000e+00   3.8350014225e-01
   9.4999999988e+02   1.1649985751e-01   0.0000000000e+00   5.0000000024e-01   0.0000000000e+00   0.0000000000e+00   3.8350014225e-01
   9.4999999988e+02   1.1649985751e-01   0.0000000000e+00   5.0000000024e-01   0.0000000000e+00   0.0000000000e+00   3.8350014225e-01
   9.4999999988e+02   1.1649985751e-01   0.0000000000e+00   5.0000000024e-01   0.0000000000e+00   0.0000000000e+00   3.8350014225e-01
   9.4999999988e+02   1.1649985751e-01   0.0000000000e+00   5.0000000024e-01   0.0000000000e+00   0.0000000000e+00   3.8350014225e-01
   9.5000000009e+02   1.1649985761e-01   0.0000000000e+00   4.9999999981e-01   0.0000000000e+00   0.0000000000e+00   3.8350014257e-01
   9.5000000009e+02   1.1649985761e-01   0.0000000000e+00   4.9999999981e-01   0.0000000000e+00   0.0000000000e+00   3.8350014257e-01
   9.5000000010e+02   1.1649985761e-01   0.0000000000e+00   4.9999999981e-01   0.0000000000e+00   0.0000000000e+00   3.8350014258e-01
   9.5000000010e+02   1.1649985761e-01   0.0000000000e+00   4.9999999981e-01   0.0000000000e+00   0.0000000000e+00   3.8350014258e-01
   9.5000000010e+02   1.1649985761e-01   0.0000000000e+00   4.9999999981e-01   0.0000000000e+00   0.0000000000e+00   3.8350014258e-01
   9.5000000010e+02   1.1649985761e-01   0.0000000000e+00   4.9999999981e-01   0.0000000000e+00   0.0000000000e+00   3.8350014258e-01
   9.5000000009e+02   1.1649985761e-01   0.0000000000e+00   4.9999999981e-01   0.0000000000e+00   0.0000000000e+00   3.8350014257e-01
   9.5000000009e+02   1.1649985761e-01   0.0000000000e+00   4.9999999981e-01   0.0000000000e+00   0.0000000000e+00   3.8350014257e-01
   9.4999999999e+02   1.1649985756e-01   0.0000000000e+00   5.0000000003e-01   0.0000000000e+00   0.0000000000e+00   3.8350014241e-01
   9.4999999999e+02   1.1649985756e-01   0.0000000000e+00   5.0000000003e-01   0.0000000000e+00   0.0000000000e+00   3.8350014241e-01
   9.4999999999e+02   1.1649985756e-01   0.0000000000e+00   5.0000000003e-01   0.0000000000e+00   0.0000000000e+00   3.8350014241e-01
   9.4999999999e+02   1.1649985756e-01   0.0000000000e+00   5.0000000003e-01   0.0000000000e+00   0.0000000000e+00   3.8350014241e-01
   9.4999999999e+02   1.1649985756e-01   0.0000000000e+00   5.0000000003e-01   0.0000000000e+00   0.0000000000e+00   3.8350014241e-01
   9.4999999999e+02   1.1649985756e-01   0.0000000000e+00   5.0000000003e-01   0.0000000000e+00   0.0000000000e+00   3.8350014241e-01
   9.4999999999e+02   1.1649985756e-01   0.0000000000e+00   5.0000000003e-01   0.0000000000e+00   0.0000000000e+00   3.8350014241e-01
   9.4999999999e+02   1.1649985756e-01   0.0000000000e+00   5.0000000003e-01   0.0000000000e+00   0.0000000000e+00   3.8350014241e-01
   9.4999999987e+02   1.1649985751e-01   0.0000000000e+00   5.0000000026e-01   0.0000000000e+00   0.0000000000e+00   3.8350014223e-01
   9.4999999987e+02   1.1649985751e-01   0.0000000000e+00   5.0000000026e-01   0.0000000000e+00   0.0000000000e+00   3.8350014223e-01
   9.5000000010e+02   1.1649985761e-01   0.0000000000e+00   4.9999999981e-01   0.0000000000e+00   0.0000000000e+00   3.8350014258e-01
   9.5000000010e+02   1.1649985761e-01   0.0000000000e+00   4.9999999981e-01   0.0000000000e+00   0.0000000000e+00   3.8350014258e-01
   9.5000000010e+02   1.1649985761e-01   0.0000000000e+00   4.9999999981e-01   0.0000000000e+00   0.0000000000e+00   3.8350014258e-01
   9.5000000010e+02   1.1649985761e-01   0.0000000000e+00   4.9999999981e-01   0.0000000000e+00   0.0000000000e+00   3.8350014258e-01
   9.5000000014e+02   1.1649985764e-01   0.0000000000e+00   4.9999999972e-01   0.0000000000e+00   0.0000000000e+00   3.8350014265e-01
   9.5000000014e+02   1.1649985764e-01   0.0000000000e+00   4.9999999972e-01   0.0000000000e+00   0.0000000000e+00   3.8350014265e-01
   9.5000000004e+02   1.1649985759e-01   0.0000000000e+00   4.9999999992e-01   0.0000000000e+00   0.0000000000e+00   3.8350014249e-01
   9.5000000004e+02   1.1649985759e-01   0.0000000000e+00   4.9999999992e-01   0.0000000000e+00   0.0000000000e+00   3.8350014249e-01
   9.5000000004e+02   1.1649985759e-01   0.0000000000e+00   4.9999999992e-01   0.0000000000e+00   0.0000000000e+00   3.8350014249e-01
   9.5000000004e+02   1.1649985759e-01   0.0000000000e+00   4.9999999992e-01   0.0000000000e+00   0.0000000000e+00   3.8350014249e-01
   9.5000000010e+02   1.1649985761e-01   0.0000000000e+00   4.9999999981e-01   0.0000000000e+00   0.0000000000e+00   3.8350014258e-01
   9.5000000010e+02   1.1649985761e-01   0.0000000000e+00   4.9999999981e-01   0.0000000000e+00   0.0000000000e+00   3.8350014258e-01
   9.5000000010e+02   1.1649985761e-01   0.0000000000e+00   4.9999999981e-01   0.0000000000e+00   0.0000000000e+00   3.8350014258e-01
   9.5000000010e+02   1.1649985761e-01   0.0000000000e+00   4.9999999981e-01   0.0000000000e+00   0.0000000000e+00   3.8350014258e-01
   9.5000000016e+02   1.1649985764e-01   0.0000000000e+00   4.9999999969e-01   0.0000000000e+00   0.0000000000e+00   3.8350014267e-01
   9.5000000016e+02   1.1649985764e-01   0.0000000000e+00   4.9999999969e-01   0.0000000000e+00   0.0000000000e+00   3.8350014267e-01
   9.5000000016e+02   1.1649985764e-01   0.0000000000e+00   4.9999999969e-01   0.0000000000e+00   0.0000000000e+00   3.8350014267e-01
   9.5000000016e+02   1.1649985764e-01   0.0000000000e+00   4.9999999969e-01   0.0000000000e+00   0.0000000000e+00   3.8350014267e-01
   9.5000000016e+02   1.1649985765e-01   0.0000000000e+00   4.9999999968e-01   0.0000000000e+00   0.0000000000e+00   3.8350014268e-01
   9.5000000016e+02   1.1649985765e-01   0.0000000000e+00   4.9999999968e-01   0.0000000000e+00   0.0000000000e+00   3.8350014268e-01
   9.5000000016e+02   1.1649985765e-01   0.0000000000e+00   4.9999999968e-01   0.0000000000e+00   0.0000000000e+00   3.8350014268e-01
   9.5000000016e+02   1.1649985765e-01   0.0000000000e+00   4.9999999968e-01   0.0000000000e+00   0.0000000000e+00   3.8350014268e-01
   9.5000000016e+02   1.1649985764e-01   0.0000000000e+00   4.9999999969e-01   0.0000000000e+00   0.0000000000e+00   3.8350014267e-01
   9.5000000016e+02   1.1649985764e-01   0.0000000000e+00   4.9999999969e-01   0.0000000000e+00   0.0000000000e+00   3.8350014267e-01
   9.5000000016e+02   1.1649985764e-01   0.0000000000e+00   4.9999999969e-01   0.0000000000e+00   0.0000000000e+00   3.8350014267e-01
   9.5000000016e+02   1.1649985764e-01   0.0000000000e+00   4.9999999969e-01   0.0000000000e+00   0.0000000000e+00   3.8350014267e-01
   9.5000000016e+02   1.1649985764e-01   0.0000000000e+00   4.9999999969e-01   0.0000000000e+00   0.0000000000e+00   3.8350014267e-01
   9.5000000016e+02   1.1649985764e-01   0.0000000000e+00   4.9999999969e-01   0.0000000000e+00   0.0000000000e+00   3.8350014267e-01
   9.5000000016e+02   1.1649985764e-01   0.0000000000e+00   4.9999999969e-01   0.0000000000e+00   0.0000000000e+00   3.8350014267e-01
   9.5000000016e+02   1.1649985764e-01   0.0000000000e+00   4.9999999969e-01   0.0000000000e+00   0.0000000000e+00   3.8350014267e-01
   9.5000000012e+02   1.1649985762e-01   0.0000000000e+00   4.9999999977e-01   0.0000000000e+00   0.0000000000e+00   3.8350014261e-01
   9.5000000012e+02   1.1649985762e-01   0.0000000000e+00   4.9999999977e-01   0.0000000000e+00   0.0000000000e+00   3.8350014261e-01
   9.5000000012e+02   1.1649985762e-01   0.0000000000e+00   4.9999999977e-01   0.0000000000e+00   0.0000000000e+00   3.8350014261e-01
   9.5000000012e+02   1.1649985762e-01   0.0000000000e+00   4.9999999977e-01   0.0000000000e+00   0.0000000000e+00   3.8350014261e-01
   9.5000000001e+02   1.1649985757e-01   0.0000000000e+00   4.9999999998e-01   0.0000000000e+00   0.0000000000e+00   3.8350014244e-01
   9.5000000001e+02   1.1649985757e-01   0.0000000000e+00   4.9999999998e-01   0.0000000000e+00   0.0000000000e+00   3.8350014244e-01
   9.5000000001e+02   1.1649985757e-01   0.0000000000e+00   4.9999999998e-01   0.0000000000e+00   0.0000000000e+00   3.8350014244e-01
   9.5000000001e+02   1.1649985757e-01   0.0000000000e+00   4.9999999998e-01   0.0000000000e+00   0.0000000000e+00   3.8350014244e-01
   9.5000000006e+02   1.1649985760e-01   0.0000000000e+00   4.9999999987e-01   0.0000000000e+00   0.0000000000e+00   3.8350014253e-01
   9.5000000006e+02   1.1649985760e-01   0.0000000000e+00   4.9999999987e-01   0.0000000000e+00   0.0000000000e+00   3.8350014253e-01
   9.5000000006e+02   1.1649985760e-01   0.0000000000e+00   4.9999999987e-01   0.0000000000e+00   0.0000000000e+00   3.8350014253e-01
   9.5000000006e+02   1.1649985760e-01   0.0000000000e+00   4.9999999987e-01   0.0000000000e+00   0.0000000000e+00   3.8350014253e-01
   9.5000000006e+02   1.1649985760e-01   0.0000000000e+00   4.9999999987e-01   0.0000000000e+00   0.0000000000e+00   3.8350014253e-01
   9.5000000006e+02   1.1649985760e-01   0.0000000000e+00   4.9999999987e-01   0.0000000000e+00   0.0000000000e+00   3.8350014253e-01
   9.5000000006e+02   1.1649985760e-01   0.0000000000e+00   4.9999999987e-01   0.0000000000e+00   0.0000000000e+00   3.8350014253e-01
   9.5000000006e+02   1.1649985760e-01   0.0000000000e+00   4.9999999987e-01   0.0000000000e+00   0.0000000000e+00   3.8350014253e-01
   9.5000000005e+02   1.1649985759e-01   0.0000000000e+00   4.9999999990e-01   0.0000000000e+00   0.0000000000e+00   3.8350014251e-01
   9.5000000005e+02   1.1649985759e-01   0.0000000000e+00   4.9999999990e-01   0.0000000000e+00   0.0000000000e+00   3.8350014251e-01
   9.5000000001e+02   1.1649985757e-01   0.0000000000e+00   4.9999999999e-01   0.0000000000e+00   0.0000000000e+00   3.8350014244e-01
   9.5000000001e+02   1.1649985757e-01   0.0000000000e+00   4.9999999999e-01   0.0000000000e+00   0.0000000000e+00   3.8350014244e-01
   9.5000000005e+02   1.1649985759e-01   0.0000000000e+00   4.9999999990e-01   0.0000000000e+00   0.0000000000e+00   3.8350014251e-01
   9.5000000005e+02   1.1649985759e-01   0.0000000000e+00   4.9999999990e-01   0.0000000000e+00   0.0000000000e+00   3.8350014251e-01
   9.5000000010e+02   1.1649985761e-01   0.0000000000e+00   4.9999999981e-01   0.0000000000e+00   0.0000000000e+00   3.8350014258e-01
   9.5000000010e+02   1.1649985761e-01   0.0000000000e+00   4.9999999981e-01   0.0000000000e+00   0.0000000000e+00   3.8350014258e-01
   9.5000000003e+02   1.1649985759e-01   0.0000000000e+00   4.9999999993e-01   0.0000000000e+00   0.0000000000e+00   3.8350014248e-01
   9.5000000003e+02   1.1649985759e-01   0.0000000000e+00   4.9999999993e-01   0.0000000000e+00   0.0000000000e+00   3.8350014248e-01
   9.5000000003e+02   1.1649985759e-01   0.0000000000e+00   4.9999999993e-01   0.0000000000e+00   0.0000000000e+00   3.8350014248e-01
   9.5000000003e+02   1.1649985759e-01   0.0000000000e+00   4.9999999993e-01   0.0000000000e+00   0.0000000000e+00   3.8350014248e-01
   9.5000000003e+02   1.1649985759e-01   0.0000000000e+00   4.9999999993e-01   0.0000000000e+00   0.0000000000e+00   3.8350014248e-01
   9.5000000003e+02   1.1649985759e-01   0.0000000000e+00   4.9999999993e-01   0.0000000000e+00   0.0000000000e+00   3.8350014248e-01
   9.5000000003e+02   1.1649985759e-01   0.0000000000e+00   4.9999999993e-01   0.0000000000e+00   0.0000000000e+00   3.8350014248e-01
   9.5000000003e+02   1.1649985759e-01   0.0000000000e+00   4.9999999993e-01   0.0000000000e+00   0.0000000000e+00   3.8350014248e-01