# time = 48.7521
# Grid Poins = 256    variable_0    variable_1    variable_2    variable_3    variable_4    variable_5    variable_6
   9.4984775096e+02   1.1642890960e-01   0.0000000000e+00   5.0030449809e-01   0.0000000000e+00   0.0000000000e+00   3.8326659231e-01
   9.4984775096e+02   1.1642890960e-01   0.0000000000e+00   5.0030449809e-01   0.0000000000e+00   0.0000000000e+00   3.8326659231e-01
   9.4984775096e+02   1.1642890960e-01   0.0000000000e+00   5.0030449809e-01   0.0000000000e+00   0.0000000000e+00   3.8326659231e-01
   9.4984775096e+02   1.1642890960e-01   0.0000000000e+00   5.0030449809e-01   0.0000000000e+00   0.0000000000e+00   3.8326659231e-01
   9.4985482866e+02   1.1643220781e-01   0.0000000000e+00   5.0029034269e-01   0.0000000000e+00   0.0000000000e+00   3.8327744951e-01
   9.4985482866e+02   1.1643220781e-01   0.0000000000e+00   5.0029034269e-01   0.0000000000e+00   0.0000000000e+00   3.8327744951e-01
   9.4985482866e+02   1.1643220781e-01   0.0000000000e+00   5.0029034269e-01   0.0000000000e+00   0.0000000000e+00   3.8327744951e-01
   9.4985482866e+02   1.1643220781e-01   0.0000000000e+00   5.0029034269e-01   0.0000000000e+00   0.0000000000e+00   3.8327744951e-01
   9.4985128981e+02   1.1643055870e-01   0.0000000000e+00   5.0029742039e-01   0.0000000000e+00   0.0000000000e+00   3.8327202091e-01
   9.4985128981e+02   1.1643055870e-01   0.0000000000e+00   5.0029742039e-01   0.0000000000e+00   0.0000000000e+00   3.8327202091e-01
   9.4985128981e+02   1.1643055870e-01   0.0000000000e+00   5.0029742039e-01   0.0000000000e+00   0.0000000000e+00   3.8327202091e-01
   9.4985128981e+02   1.1643055870e-01   0.0000000000e+00   5.0029742039e-01   0.0000000000e+00   0.0000000000e+00   3.8327202091e-01
   9.4985128981e+02   1.1643055870e-01   0.0000000000e+00   5.0029742039e-01   0.0000000000e+00   0.0000000000e+00   3.8327202091e-01
   9.4985128981e+02   1.1643055870e-01   0.0000000000e+00   5.0029742039e-01   0.0000000000e+00   0.0000000000e+00   3.8327202091e-01
   9.4985128981e+02   1.1643055870e-01   0.0000000000e+00   5.0029742039e-01   0.0000000000e+00   0.0000000000e+00   3.8327202091e-01
   9.4985128981e+02   1.1643055870e-01   0.0000000000e+00   5.0029742039e-01   0.0000000000e+00   0.0000000000e+00   3.8327202091e-01
   9.4997556717e+02   1.1648847188e-01   0.0000000000e+00   5.0004886567e-01   0.0000000000e+00   0.0000000000e+00   3.8346266245e-01
   9.4997556717e+02   1.1648847188e-01   0.0000000000e+00   5.0004886567e-01   0.0000000000e+00   0.0000000000e+00   3.8346266245e-01
   9.4997556717e+02   1.1648847188e-01   0.0000000000e+00   5.0004886567e-01   0.0000000000e+00   0.0000000000e+00   3.8346266245e-01
   9.4997556717e+02   1.1648847188e-01   0.0000000000e+00   5.0004886567e-01   0.0000000000e+00   0.0000000000e+00   3.8346266245e-01
   9.4997556717e+02   1.1648847188e-01   0.0000000000e+00   5.0004886567e-01   0.0000000000e+00   0.0000000000e+00   3.8346266245e-01
   9.4997556717e+02   1.1648847188e-01   0.0000000000e+00   5.0004886567e-01   0.0000000000e+00   0.0000000000e+00   3.8346266245e-01
   9.4997556717e+02   1.1648847188e-01   0.0000000000e+00   5.0004886567e-01   0.0000000000e+00   0.0000000000e+00   3.8346266245e-01
   9.4997556717e+02   1.1648847188e-01   0.0000000000e+00   5.0004886567e-01   0.0000000000e+00   0.0000000000e+00   3.8346266245e-01
   9.5000782864e+02   1.1650350571e-01   0.0000000000e+00   4.9998434272e-01   0.0000000000e+00   0.0000000000e+00   3.8351215157e-01
   9.5000782864e+02   1.1650350571e-01   0.0000000000e+00   4.9998434272e-01   0.0000000000e+00   0.0000000000e+00   3.8351215157e-01
   9.5000782864e+02   1.1650350571e-01   0.0000000000e+00   4.9998434272e-01   0.0000000000e+00   0.0000000000e+00   3.8351215157e-01
   9.5000782864e+02   1.1650350571e-01   0.0000000000e+00   4.9998434272e-01   0.0000000000e+00   0.0000000000e+00   3.8351215157e-01
   9.4997032643e+02   1.1648602970e-01   0.0000000000e+00   5.0005934714e-01   0.0000000000e+00   0.0000000000e+00   3.8345462316e-01
   9.4997032643e+02   1.1648602970e-01   0.0000000000e+00   5.0005934714e-01   0.0000000000e+00   0.0000000000e+00   3.8345462316e-01
   9.4997032643e+02   1.1648602970e-01   0.0000000000e+00   5.0005934714e-01   0.0000000000e+00   0.0000000000e+00   3.8345462316e-01
   9.4997032643e+02   1.1648602970e-01   0.0000000000e+00   5.0005934714e-01   0.0000000000e+00   0.0000000000e+00   3.8345462316e-01
   9.4995250991e+02   1.1647772722e-01   0.0000000000e+00   5.0009498018e-01   0.0000000000e+00   0.0000000000e+00   3.8342729261e-01
   9.4995250991e+02   1.1647772722e-01   0.0000000000e+00   5.0009498018e-01   0.0000000000e+00   0.0000000000e+00   3.8342729261e-01
   9.5000546708e+02   1.1650240522e-01   0.0000000000e+00   4.9998906585e-01   0.0000000000e+00   0.0000000000e+00   3.8350852893e-01
   9.5000546708e+02   1.1650240522e-01   0.0000000000e+00   4.9998906585e-01   0.0000000000e+00   0.0000000000e+00   3.8350852893e-01
   9.4995250991e+02   1.1647772722e-01   0.0000000000e+00   5.0009498018e-01   0.0000000000e+00   0.0000000000e+00   3.8342729261e-01
   9.4995250991e+02   1.1647772722e-01   0.0000000000e+00   5.0009498018e-01   0.0000000000e+00   0.0000000000e+00   3.8342729261e-01
   9.5000546708e+02   1.1650240522e-01   0.0000000000e+00   4.9998906585e-01   0.0000000000e+00   0.0000000000e+00   3.8350852893e-01
   9.5000546708e+02   1.1650240522e-01   0.0000000000e+00   4.9998906585e-01   0.0000000000e+00   0.0000000000e+00   3.8350852893e-01
   9.4984723858e+02   1.1642867083e-01   0.0000000000e+00   5.0030552285e-01   0.0000000000e+00   0.0000000000e+00   3.8326580632e-01
   9.4984723858e+02   1.1642867083e-01   0.0000000000e+00   5.0030552285e-01   0.0000000000e+00   0.0000000000e+00   3.8326580632e-01
   9.4984814925e+02   1.1642909521e-01   0.0000000000e+00   5.0030370151e-01   0.0000000000e+00   0.0000000000e+00   3.8326720329e-01
   9.4984814925e+02   1.1642909521e-01   0.0000000000e+00   5.0030370151e-01   0.0000000000e+00   0.0000000000e+00   3.8326720329e-01
   9.4984678324e+02   1.1642845865e-01   0.0000000000e+00   5.0030643352e-01   0.0000000000e+00   0.0000000000e+00   3.8326510783e-01
   9.4984678324e+02   1.1642845865e-01   0.0000000000e+00   5.0030643352e-01   0.0000000000e+00   0.0000000000e+00   3.8326510783e-01
   9.4984678324e+02   1.1642845865e-01   0.0000000000e+00   5.0030643352e-01   0.0000000000e+00   0.0000000000e+00   3.8326510783e-01
   9.4984678324e+02   1.1642845865e-01   0.0000000000e+00   5.0030643352e-01   0.0000000000e+00   0.0000000000e+00   3.8326510783e-01
   9.4984177455e+02   1.1642612460e-01   0.0000000000e+00   5.0031645091e-01   0.0000000000e+00   0.0000000000e+00   3.8325742449e-01
   9.4984177455e+02   1.1642612460e-01   0.0000000000e+00   5.0031645091e-01   0.0000000000e+00   0.0000000000e+00   3.8325742449e-01
   9.4984541723e+02   1.1642782209e-01   0.0000000000e+00   5.0030916554e-01   0.0000000000e+00   0.0000000000e+00   3.8326301238e-01
   9.4984541723e+02   1.1642782209e-01   0.0000000000e+00   5.0030916554e-01   0.0000000000e+00   0.0000000000e+00   3.8326301238e-01
   9.4997855270e+02   1.1648986314e-01   0.0000000000e+00   5.0004289460e-01   0.0000000000e+00   0.0000000000e+00   3.8346724226e-01
   9.4997855270e+02   1.1648986314e-01   0.0000000000e+00   5.0004289460e-01   0.0000000000e+00   0.0000000000e+00   3.8346724226e-01
   9.4997855270e+02   1.1648986314e-01   0.0000000000e+00   5.0004289460e-01   0.0000000000e+00   0.0000000000e+00   3.8346724226e-01
   9.4997855270e+02   1.1648986314e-01   0.0000000000e+00   5.0004289460e-01   0.0000000000e+00   0.0000000000e+00   3.8346724226e-01
   9.4997942429e+02   1.1649026930e-01   0.0000000000e+00   5.0004115143e-01   0.0000000000e+00   0.0000000000e+00   3.8346857927e-01
   9.4997942429e+02   1.1649026930e-01   0.0000000000e+00   5.0004115143e-01   0.0000000000e+00   0.0000000000e+00   3.8346857927e-01
   9.4997942429e+02   1.1649026930e-01   0.0000000000e+00   5.0004115143e-01   0.0000000000e+00   0.0000000000e+00   3.8346857927e-01
   9.4997942429e+02   1.1649026930e-01   0.0000000000e+00   5.0004115143e-01   0.0000000000e+00   0.0000000000e+00   3.8346857927e-01
   9.4984359589e+02   1.1642697334e-01   0.0000000000e+00   5.0031280822e-01   0.0000000000e+00   0.0000000000e+00   3.8326021843e-01
   9.4984359589e+02   1.1642697334e-01   0.0000000000e+00   5.0031280822e-01   0.0000000000e+00   0.0000000000e+00   3.8326021843e-01
   9.4984359589e+02   1.1642697334e-01   0.0000000000e+00   5.0031280822e-01   0.0000000000e+00   0.0000000000e+00   3.8326021843e-01
   9.4984359589e+02   1.1642697334e-01   0.0000000000e+00   5.0031280822e-01   0.0000000000e+00   0.0000000000e+00   3.8326021843e-01
   9.5005545966e+02   1.1652570174e-01   0.0000000000e+00   4.9988908069e-01   0.0000000000e+00   0.0000000000e+00   3.8358521757e-01
   9.5005545966e+02   1.1652570174e-01   0.0000000000e+00   4.9988908069e-01   0.0000000000e+00   0.0000000000e+00   3.8358521757e-01
   9.5014398129e+02   1.1656695277e-01   0.0000000000e+00   4.9971203742e-01   0.0000000000e+00   0.0000000000e+00   3.8372100981e-01
   9.5014398129e+02   1.1656695277e-01   0.0000000000e+00   4.9971203742e-01   0.0000000000e+00   0.0000000000e+00   3.8372100981e-01
   9.5009143634e+02   1.1654246685e-01   0.0000000000e+00   4.9981712733e-01   0.0000000000e+00   0.0000000000e+00   3.8364040582e-01
   9.5009143634e+02   1.1654246685e-01   0.0000000000e+00   4.9981712733e-01   0.0000000000e+00   0.0000000000e+00   3.8364040582e-01
   9.5009143634e+02   1.1654246685e-01   0.0000000000e+00   4.9981712733e-01   0.0000000000e+00   0.0000000000e+00   3.8364040582e-01
   9.5009143634e+02   1.1654246685e-01   0.0000000000e+00   4.9981712733e-01   0.0000000000e+00   0.0000000000e+00   3.8364040582e-01
   9.5008715293e+02   1.1654047078e-01   0.0000000000e+00   4.9982569414e-01   0.0000000000e+00   0.0000000000e+00   3.8363383507e-01
   9.5008715293e+02   1.1654047078e-01   0.0000000000e+00   4.9982569414e-01   0.0000000000e+00   0.0000000000e+00   3.8363383507e-01
   9.5008715293e+02   1.1654047078e-01   0.0000000000e+00   4.9982569414e-01   0.0000000000e+00   0.0000000000e+00   3.8363383507e-01
   9.5008715293e+02   1.1654047078e-01   0.0000000000e+00   4.9982569414e-01   0.0000000000e+00   0.0000000000e+00   3.8363383507e-01
   9.5008715293e+02   1.1654047078e-01   0.0000000000e+00   4.9982569414e-01   0.0000000000e+00   0.0000000000e+00   3.8363383507e-01
   9.5008715293e+02   1.1654047078e-01   0.0000000000e+00   4.9982569414e-01   0.0000000000e+00   0.0000000000e+00   3.8363383507e-01
   9.5008715293e+02   1.1654047078e-01   0.0000000000e+00   4.9982569414e-01   0.0000000000e+00   0.0000000000e+00   3.8363383507e-01
   9.5008715293e+02   1.1654047078e-01   0.0000000000e+00   4.9982569414e-01   0.0000000000e+00   0.0000000000e+00   3.8363383507e-01
   9.5005545966e+02   1.1652570174e-01   0.0000000000e+00   4.9988908069e-01   0.0000000000e+00   0.0000000000e+00   3.8358521757e-01
   9.5005545966e+02   1.1652570174e-01   0.0000000000e+00   4.9988908069e-01   0.0000000000e+00   0.0000000000e+00   3.8358521757e-01
   9.5005545966e+02   1.1652570174e-01   0.0000000000e+00   4.9988908069e-01   0.0000000000e+00   0.0000000000e+00   3.8358521757e-01
   9.5005545966e+02   1.1652570174e-01   0.0000000000e+00   4.9988908069e-01   0.0000000000e+00   0.0000000000e+00   3.8358521757e-01
   9.5014398129e+02   1.1656695277e-01   0.0000000000e+00   4.9971203742e-01   0.0000000000e+00   0.0000000000e+00   3.8372100981e-01
   9.5014398129e+02   1.1656695277e-01   0.0000000000e+00   4.9971203742e-01   0.0000000000e+00   0.0000000000e+00   3.8372100981e-01
   9.5014398129e+02   1.1656695277e-01   0.0000000000e+00   4.9971203742e-01   0.0000000000e+00   0.0000000000e+00   3.8372100981e-01
   9.5014398129e+02   1.1656695277e-01   0.0000000000e+00   4.9971203742e-01   0.0000000000e+00   0.0000000000e+00   3.8372100981e-01
   9.5011112743e+02   1.1655164289e-01   0.0000000000e+00   4.9977774514e-01   0.0000000000e+00   0.0000000000e+00   3.8367061197e-01
   9.5011112743e+02   1.1655164289e-01   0.0000000000e+00   4.9977774514e-01   0.0000000000e+00   0.0000000000e+00   3.8367061197e-01
   9.5005545966e+02   1.1652570174e-01   0.0000000000e+00   4.9988908069e-01   0.0000000000e+00   0.0000000000e+00   3.8358521757e-01
   9.5005545966e+02   1.1652570174e-01   0.0000000000e+00   4.9988908069e-01   0.0000000000e+00   0.0000000000e+00   3.8358521757e-01
   9.5011112743e+02   1.1655164289e-01   0.0000000000e+00   4.9977774514e-01   0.0000000000e+00   0.0000000000e+00   3.8367061197e-01
   9.5011112743e+02   1.1655164289e-01   0.0000000000e+00   4.9977774514e-01   0.0000000000e+00   0.0000000000e+00   3.8367061197e-01
   9.5005545966e+02   1.1652570174e-01   0.0000000000e+00   4.9988908069e-01   0.0000000000e+00   0.0000000000e+00   3.8358521757e-01
   9.5005545966e+02   1.1652570174e-01   0.0000000000e+00   4.9988908069e-01   0.0000000000e+00   0.0000000000e+00   3.8358521757e-01
   9.5011434866e+02   1.1655314398e-01   0.0000000000e+00   4.9977130267e-01   0.0000000000e+00   0.0000000000e+00   3.8367555335e-01
   9.5011434866e+02   1.1655314398e-01   0.0000000000e+00   4.9977130267e-01   0.0000000000e+00   0.0000000000e+00   3.8367555335e-01
   9.5011434866e+02   1.1655314398e-01   0.0000000000e+00   4.9977130267e-01   0.0000000000e+00   0.0000000000e+00   3.8367555335e-01
   9.5011434866e+02   1.1655314398e-01   0.0000000000e+00   4.9977130267e-01   0.0000000000e+00   0.0000000000e+00   3.8367555335e-01
   9.5011434866e+02   1.1655314398e-01   0.0000000000e+00   4.9977130267e-01   0.0000000000e+00   0.0000000000e+00   3.8367555335e-01
   9.5011434866e+02   1.1655314398e-01   0.0000000000e+00   4.9977130267e-01   0.0000000000e+00   0.0000000000e+00   3.8367555335e-01
   9.5011434866e+02   1.1655314398e-01   0.0000000000e+00   4.9977130267e-01   0.0000000000e+00   0.0000000000e+00   3.8367555335e-01
   9.5011434866e+02   1.1655314398e-01   0.0000000000e+00   4.9977130267e-01   0.0000000000e+00   0.0000000000e+00   3.8367555335e-01
   9.5011434866e+02   1.1655314398e-01   0.0000000000e+00   4.9977130267e-01   0.0000000000e+00   0.0000000000e+00   3.8367555335e-01
   9.5011434866e+02   1.1655314398e-01   0.0000000000e+00   4.9977130267e-01   0.0000000000e+00   0.0000000000e+00   3.8367555335e-01
   9.5011434866e+02   1.1655314398e-01   0.0000000000e+00   4.9977130267e-01   0.0000000000e+00   0.0000000000e+00   3.8367555335e-01
   9.5011434866e+02   1.1655314398e-01   0.0000000000e+00   4.9977130267e-01   0.0000000000e+00   0.0000000000e+00   3.8367555335e-01
   9.5011434866e+02   1.1655314398e-01   0.0000000000e+00   4.9977130267e-01   0.0000000000e+00   0.0000000000e+00   3.8367555335e-01
   9.5011434866e+02   1.1655314398e-01   0.0000000000e+00   4.9977130267e-01   0.0000000000e+00   0.0000000000e+00   3.8367555335e-01
   9.5011434866e+02   1.1655314398e-01   0.0000000000e+00   4.9977130267e-01   0.0000000000e+00   0.0000000000e+00   3.8367555335e-01
   9.5011434866e+02   1.1655314398e-01   0.0000000000e+00   4.9977130267e-01   0.0000000000e+00   0.0000000000e+00   3.8367555335e-01
   9.5011084530e+02   1.1655151142e-01   0.0000000000e+00   4.9977830940e-01   0.0000000000e+00   0.0000000000e+00   3.8367017918e-01
   9.5011084530e+02   1.1655151142e-01   0.0000000000e+00   4.9977830940e-01   0.0000000000e+00   0.0000000000e+00   3.8367017918e-01
   9.5013461286e+02   1.1656258709e-01   0.0000000000e+00   4.9973077428e-01   0.0000000000e+00   0.0000000000e+00   3.8370663864e-01
   9.5013461286e+02   1.1656258709e-01   0.0000000000e+00   4.9973077428e-01   0.0000000000e+00   0.0000000000e+00   3.8370663864e-01
   9.5008906294e+02   1.1654136085e-01   0.0000000000e+00   4.9982187411e-01   0.0000000000e+00   0.0000000000e+00   3.8363676504e-01
   9.5008906294e+02   1.1654136085e-01   0.0000000000e+00   4.9982187411e-01   0.0000000000e+00   0.0000000000e+00   3.8363676504e-01
   9.5008906294e+02   1.1654136085e-01   0.0000000000e+00   4.9982187411e-01   0.0000000000e+00   0.0000000000e+00   3.8363676504e-01
   9.5008906294e+02   1.1654136085e-01   0.0000000000e+00   4.9982187411e-01   0.0000000000e+00   0.0000000000e+00   3.8363676504e-01
   9.5009302337e+02   1.1654320641e-01   0.0000000000e+00   4.9981395326e-01   0.0000000000e+00   0.0000000000e+00   3.8364284033e-01
   9.5009302337e+02   1.1654320641e-01   0.0000000000e+00   4.9981395326e-01   0.0000000000e+00   0.0000000000e+00   3.8364284033e-01
   9.5011084530e+02   1.1655151142e-01   0.0000000000e+00   4.9977830940e-01   0.0000000000e+00   0.0000000000e+00   3.8367017918e-01
   9.5011084530e+02   1.1655151142e-01   0.0000000000e+00   4.9977830940e-01   0.0000000000e+00   0.0000000000e+00   3.8367017918e-01
   9.5013461286e+02   1.1656258709e-01   0.0000000000e+00   4.9973077428e-01   0.0000000000e+00   0.0000000000e+00   3.8370663864e-01
   9.5013461286e+02   1.1656258709e-01   0.0000000000e+00   4.9973077428e-01   0.0000000000e+00   0.0000000000e+00   3.8370663864e-01
   9.5009302337e+02   1.1654320641e-01   0.0000000000e+00   4.9981395326e-01   0.0000000000e+00   0.0000000000e+00   3.8364284033e-01
   9.5009302337e+02   1.1654320641e-01   0.0000000000e+00   4.9981395326e-01   0.0000000000e+00   0.0000000000e+00   3.8364284033e-01
   9.5011002253e+02   1.1655112801e-01   0.0000000000e+00   4.9977995494e-01   0.0000000000e+00   0.0000000000e+00   3.8366891705e-01
   9.5011002253e+02   1.1655112801e-01   0.0000000000e+00   4.9977995494e-01   0.0000000000e+00   0.0000000000e+00   3.8366891705e-01
   9.5011002253e+02   1.1655112801e-01   0.0000000000e+00   4.9977995494e-01   0.0000000000e+00   0.0000000000e+00   3.8366891705e-01
   9.5011002253e+02   1.1655112801e-01   0.0000000000e+00   4.9977995494e-01   0.0000000000e+00   0.0000000000e+00   3.8366891705e-01
   9.5013254748e+02   1.1656162462e-01   0.0000000000e+00   4.9973490504e-01   0.0000000000e+00   0.0000000000e+00   3.8370347034e-01
   9.5013254748e+02   1.1656162462e-01   0.0000000000e+00   4.9973490504e-01   0.0000000000e+00   0.0000000000e+00   3.8370347034e-01
   9.5013254748e+02   1.1656162462e-01   0.0000000000e+00   4.9973490504e-01   0.0000000000e+00   0.0000000000e+00   3.8370347034e-01
   9.5013254748e+02   1.1656162462e-01   0.0000000000e+00   4.9973490504e-01   0.0000000000e+00   0.0000000000e+00   3.8370347034e-01
   9.5011273202e+02   1.1655239063e-01   0.0000000000e+00   4.9977453597e-01   0.0000000000e+00   0.0000000000e+00   3.8367307341e-01
   9.5011273202e+02   1.1655239063e-01   0.0000000000e+00   4.9977453597e-01   0.0000000000e+00   0.0000000000e+00   3.8367307341e-01
   9.5013254748e+02   1.1656162462e-01   0.0000000000e+00   4.9973490504e-01   0.0000000000e+00   0.0000000000e+00   3.8370347034e-01
   9.5013254748e+02   1.1656162462e-01   0.0000000000e+00   4.9973490504e-01   0.0000000000e+00   0.0000000000e+00   3.8370347034e-01
   9.5011273202e+02   1.1655239063e-01   0.0000000000e+00   4.9977453597e-01   0.0000000000e+00   0.0000000000e+00   3.8367307341e-01
   9.5011273202e+02   1.1655239063e-01   0.0000000000e+00   4.9977453597e-01   0.0000000000e+00   0.0000000000e+00   3.8367307341e-01
   9.5013254748e+02   1.1656162462e-01   0.0000000000e+00   4.9973490504e-01   0.0000000000e+00   0.0000000000e+00   3.8370347034e-01
   9.5013254748e+02   1.1656162462e-01   0.0000000000e+00   4.9973490504e-01   0.0000000000e+00   0.0000000000e+00   3.8370347034e-01
   9.5008914900e+02   1.1654140095e-01   0.0000000000e+00   4.9982170200e-01   0.0000000000e+00   0.0000000000e+00   3.8363689705e-01
   9.5008914900e+02   1.1654140095e-01   0.0000000000e+00   4.9982170200e-01   0.0000000000e+00   0.0000000000e+00   3.8363689705e-01
   9.5013254748e+02   1.1656162462e-01   0.0000000000e+00   4.9973490504e-01   0.0000000000e+00   0.0000000000e+00   3.8370347034e-01
   9.5013254748e+02   1.1656162462e-01   0.0000000000e+00   4.9973490504e-01   0.0000000000e+00   0.0000000000e+00   3.8370347034e-01
   9.5011408676e+02   1.1655302194e-01   0.0000000000e+00   4.9977182648e-01   0.0000000000e+00   0.0000000000e+00   3.8367515158e-01
   9.5011408676e+02   1.1655302194e-01   0.0000000000e+00   4.9977182648e-01   0.0000000000e+00   0.0000000000e+00   3.8367515158e-01
   9.5013254748e+02   1.1656162462e-01   0.0000000000e+00   4.9973490504e-01   0.0000000000e+00   0.0000000000e+00   3.8370347034e-01
   9.5013254748e+02   1.1656162462e-01   0.0000000000e+00   4.9973490504e-01   0.0000000000e+00   0.0000000000e+00   3.8370347034e-01
   9.5011084824e+02   1.1655151279e-01   0.0000000000e+00   4.9977830352e-01   0.0000000000e+00   0.0000000000e+00   3.8367018369e-01
   9.5011084824e+02   1.1655151279e-01   0.0000000000e+00   4.9977830352e-01   0.0000000000e+00   0.0000000000e+00   3.8367018369e-01
   9.5011084824e+02   1.1655151279e-01   0.0000000000e+00   4.9977830352e-01   0.0000000000e+00   0.0000000000e+00   3.8367018369e-01
   9.5011084824e+02   1.1655151279e-01   0.0000000000e+00   4.9977830352e-01   0.0000000000e+00   0.0000000000e+00   3.8367018369e-01
   9.5012331712e+02   1.1655732328e-01   0.0000000000e+00   4.9975336576e-01   0.0000000000e+00   0.0000000000e+00   3.8368931096e-01
   9.5012331712e+02   1.1655732328e-01   0.0000000000e+00   4.9975336576e-01   0.0000000000e+00   0.0000000000e+00   3.8368931096e-01
   9.5012331712e+02   1.1655732328e-01   0.0000000000e+00   4.9975336576e-01   0.0000000000e+00   0.0000000000e+00   3.8368931096e-01
   9.5012331712e+02   1.1655732328e-01   0.0000000000e+00   4.9975336576e-01   0.0000000000e+00   0.0000000000e+00   3.8368931096e-01
   9.5000205440e+02   1.1650081492e-01   0.0000000000e+00   4.9999589120e-01   0.0000000000e+00   0.0000000000e+00   3.8350329388e-01
   9.5000205440e+02   1.1650081492e-01   0.0000000000e+00   4.9999589120e-01   0.0000000000e+00   0.0000000000e+00   3.8350329388e-01
   9.5000205440e+02   1.1650081492e-01   0.0000000000e+00   4.9999589120e-01   0.0000000000e+00   0.0000000000e+00   3.8350329388e-01
   9.5000205440e+02   1.1650081492e-01   0.0000000000e+00   4.9999589120e-01   0.0000000000e+00   0.0000000000e+00   3.8350329388e-01
   9.5003604533e+02   1.1651665467e-01   0.0000000000e+00   4.9992790934e-01   0.0000000000e+00   0.0000000000e+00   3.8355543598e-01
   9.5003604533e+02   1.1651665467e-01   0.0000000000e+00   4.9992790934e-01   0.0000000000e+00   0.0000000000e+00   3.8355543598e-01
   9.5003604533e+02   1.1651665467e-01   0.0000000000e+00   4.9992790934e-01   0.0000000000e+00   0.0000000000e+00   3.8355543598e-01
   9.5003604533e+02   1.1651665467e-01   0.0000000000e+00   4.9992790934e-01   0.0000000000e+00   0.0000000000e+00   3.8355543598e-01
   9.5001089135e+02   1.1650493293e-01   0.0000000000e+00   4.9997821729e-01   0.0000000000e+00   0.0000000000e+00   3.8351684977e-01
   9.5001089135e+02   1.1650493293e-01   0.0000000000e+00   4.9997821729e-01   0.0000000000e+00   0.0000000000e+00   3.8351684977e-01
   9.5001089135e+02   1.1650493293e-01   0.0000000000e+00   4.9997821729e-01   0.0000000000e+00   0.0000000000e+00   3.8351684977e-01
   9.5001089135e+02   1.1650493293e-01   0.0000000000e+00   4.9997821729e-01   0.0000000000e+00   0.0000000000e+00   3.8351684977e-01
   9.5000006338e+02   1.1649988711e-01   0.0000000000e+00   4.9999987323e-01   0.0000000000e+00   0.0000000000e+00   3.8350023966e-01
   9.5000006338e+02   1.1649988711e-01   0.0000000000e+00   4.9999987323e-01   0.0000000000e+00   0.0000000000e+00   3.8350023966e-01
   9.5000006338e+02   1.1649988711e-01   0.0000000000e+00   4.9999987323e-01   0.0000000000e+00   0.0000000000e+00   3.8350023966e-01
   9.5000006338e+02   1.1649988711e-01   0.0000000000e+00   4.9999987323e-01   0.0000000000e+00   0.0000000000e+00   3.8350023966e-01
   9.4998505893e+02   1.1649289504e-01   0.0000000000e+00   5.0002988214e-01   0.0000000000e+00   0.0000000000e+00   3.8347722282e-01
   9.4998505893e+02   1.1649289504e-01   0.0000000000e+00   5.0002988214e-01   0.0000000000e+00   0.0000000000e+00   3.8347722282e-01
   9.4998505893e+02   1.1649289504e-01   0.0000000000e+00   5.0002988214e-01   0.0000000000e+00   0.0000000000e+00   3.8347722282e-01
   9.4998505893e+02   1.1649289504e-01   0.0000000000e+00   5.0002988214e-01   0.0000000000e+00   0.0000000000e+00   3.8347722282e-01
   9.4998505893e+02   1.1649289504e-01   0.0000000000e+00   5.0002988214e-01   0.0000000000e+00   0.0000000000e+00   3.8347722282e-01
   9.4998505893e+02   1.1649289504e-01   0.0000000000e+00   5.0002988214e-01   0.0000000000e+00   0.0000000000e+00   3.8347722282e-01
   9.4998505893e+02   1.1649289504e-01   0.0000000000e+00   5.0002988214e-01   0.0000000000e+00   0.0000000000e+00   3.8347722282e-01
   9.4998505893e+02   1.1649289504e-01   0.0000000000e+00   5.0002988214e-01   0.0000000000e+00   0.0000000000e+00   3.8347722282e-01
   9.5001057606e+02   1.1650478601e-01   0.0000000000e+00   4.9997884788e-01   0.0000000000e+00   0.0000000000e+00   3.8351636611e-01
   9.5001057606e+02   1.1650478601e-01   0.0000000000e+00   4.9997884788e-01   0.0000000000e+00   0.0000000000e+00   3.8351636611e-01
   9.4997872274e+02   1.1648994238e-01   0.0000000000e+00   5.0004255452e-01   0.0000000000e+00   0.0000000000e+00   3.8346750310e-01
   9.4997872274e+02   1.1648994238e-01   0.0000000000e+00   5.0004255452e-01   0.0000000000e+00   0.0000000000e+00   3.8346750310e-01
   9.4999464940e+02   1.1649736419e-01   0.0000000000e+00   5.0001070120e-01   0.0000000000e+00   0.0000000000e+00   3.8349193461e-01
   9.4999464940e+02   1.1649736419e-01   0.0000000000e+00   5.0001070120e-01   0.0000000000e+00   0.0000000000e+00   3.8349193461e-01
   9.4999464940e+02   1.1649736419e-01   0.0000000000e+00   5.0001070120e-01   0.0000000000e+00   0.0000000000e+00   3.8349193461e-01
   9.4999464940e+02   1.1649736419e-01   0.0000000000e+00   5.0001070120e-01   0.0000000000e+00   0.0000000000e+00   3.8349193461e-01
   9.4982821738e+02   1.1641980697e-01   0.0000000000e+00   5.0034356524e-01   0.0000000000e+00   0.0000000000e+00   3.8323662779e-01
   9.4982821738e+02   1.1641980697e-01   0.0000000000e+00   5.0034356524e-01   0.0000000000e+00   0.0000000000e+00   3.8323662779e-01
   9.4982821738e+02   1.1641980697e-01   0.0000000000e+00   5.0034356524e-01   0.0000000000e+00   0.0000000000e+00   3.8323662779e-01
   9.4982821738e+02   1.1641980697e-01   0.0000000000e+00   5.0034356524e-01   0.0000000000e+00   0.0000000000e+00   3.8323662779e-01
   9.4991720149e+02   1.1646127351e-01   0.0000000000e+00   5.0016559701e-01   0.0000000000e+00   0.0000000000e+00   3.8337312947e-01
   9.4991720149e+02   1.1646127351e-01   0.0000000000e+00   5.0016559701e-01   0.0000000000e+00   0.0000000000e+00   3.8337312947e-01
   9.4991720149e+02   1.1646127351e-01   0.0000000000e+00   5.0016559701e-01   0.0000000000e+00   0.0000000000e+00   3.8337312947e-01
   9.4991720149e+02   1.1646127351e-01   0.0000000000e+00   5.0016559701e-01   0.0000000000e+00   0.0000000000e+00   3.8337312947e-01
   9.4987334962e+02   1.1644083856e-01   0.0000000000e+00   5.0025330076e-01   0.0000000000e+00   0.0000000000e+00   3.8330586067e-01
   9.4987334962e+02   1.1644083856e-01   0.0000000000e+00   5.0025330076e-01   0.0000000000e+00   0.0000000000e+00   3.8330586067e-01
   9.4991887710e+02   1.1646205434e-01   0.0000000000e+00   5.0016224581e-01   0.0000000000e+00   0.0000000000e+00   3.8337569985e-01
   9.4991887710e+02   1.1646205434e-01   0.0000000000e+00   5.0016224581e-01   0.0000000000e+00   0.0000000000e+00   3.8337569985e-01
   9.4985058588e+02   1.1643023067e-01   0.0000000000e+00   5.0029882824e-01   0.0000000000e+00   0.0000000000e+00   3.8327094108e-01
   9.4985058588e+02   1.1643023067e-01   0.0000000000e+00   5.0029882824e-01   0.0000000000e+00   0.0000000000e+00   3.8327094108e-01
   9.4985058588e+02   1.1643023067e-01   0.0000000000e+00   5.0029882824e-01   0.0000000000e+00   0.0000000000e+00   3.8327094108e-01
   9.4985058588e+02   1.1643023067e-01   0.0000000000e+00   5.0029882824e-01   0.0000000000e+00   0.0000000000e+00   3.8327094108e-01
   9.4993325620e+02   1.1646875500e-01   0.0000000000e+00   5.0013348761e-01   0.0000000000e+00   0.0000000000e+00   3.8339775740e-01
   9.4993325620e+02   1.1646875500e-01   0.0000000000e+00   5.0013348761e-01   0.0000000000e+00   0.0000000000e+00   3.8339775740e-01
   9.4982811857e+02   1.1641976092e-01   0.0000000000e+00   5.0034376286e-01   0.0000000000e+00   0.0000000000e+00   3.8323647622e-01
   9.4982811857e+02   1.1641976092e-01   0.0000000000e+00   5.0034376286e-01   0.0000000000e+00   0.0000000000e+00   3.8323647622e-01
   9.4988068738e+02   1.1644425796e-01   0.0000000000e+00   5.0023862524e-01   0.0000000000e+00   0.0000000000e+00   3.8331711681e-01
   9.4988068738e+02   1.1644425796e-01   0.0000000000e+00   5.0023862524e-01   0.0000000000e+00   0.0000000000e+00   3.8331711681e-01
   9.4988068738e+02   1.1644425796e-01   0.0000000000e+00   5.0023862524e-01   0.0000000000e+00   0.0000000000e+00   3.8331711681e-01
   9.4988068738e+02   1.1644425796e-01   0.0000000000e+00   5.0023862524e-01   0.0000000000e+00   0.0000000000e+00   3.8331711681e-01
   9.4988078619e+02   1.1644430400e-01   0.0000000000e+00   5.0023842762e-01   0.0000000000e+00   0.0000000000e+00   3.8331726838e-01
   9.4988078619e+02   1.1644430400e-01   0.0000000000e+00   5.0023842762e-01   0.0000000000e+00   0.0000000000e+00   3.8331726838e-01
   9.4988078619e+02   1.1644430400e-01   0.0000000000e+00   5.0023842762e-01   0.0000000000e+00   0.0000000000e+00   3.8331726838e-01
   9.4988078619e+02   1.1644430400e-01   0.0000000000e+00   5.0023842762e-01   0.0000000000e+00   0.0000000000e+00   3.8331726838e-01
   9.4988078619e+02   1.1644430400e-01   0.0000000000e+00   5.0023842762e-01   0.0000000000e+00   0.0000000000e+00   3.8331726838e-01
   9.4988078619e+02   1.1644430400e-01   0.0000000000e+00   5.0023842762e-01   0.0000000000e+00   0.0000000000e+00   3.8331726838e-01
   9.4988078619e+02   1.1644430400e-01   0.0000000000e+00   5.0023842762e-01   0.0000000000e+00   0.0000000000e+00   3.8331726838e-01
   9.4988078619e+02   1.1644430400e-01   0.0000000000e+00   5.0023842762e-01   0.0000000000e+00   0.0000000000e+00   3.8331726838e-01
   9.4985535961e+02   1.1643245523e-01   0.0000000000e+00   5.0028928078e-01   0.0000000000e+00   0.0000000000e+00   3.8327826399e-01
   9.4985535961e+02   1.1643245523e-01   0.0000000000e+00   5.0028928078e-01   0.0000000000e+00   0.0000000000e+00   3.8327826399e-01
   9.5005624606e+02   1.1652606820e-01   0.0000000000e+00   4.9988750789e-01   0.0000000000e+00   0.0000000000e+00   3.8358642391e-01
   9.5005624606e+02   1.1652606820e-01   0.0000000000e+00   4.9988750789e-01   0.0000000000e+00   0.0000000000e+00   3.8358642391e-01
   9.5005624606e+02   1.1652606820e-01   0.0000000000e+00   4.9988750789e-01   0.0000000000e+00   0.0000000000e+00   3.8358642391e-01
   9.5005624606e+02   1.1652606820e-01   0.0000000000e+00   4.9988750789e-01   0.0000000000e+00   0.0000000000e+00   3.8358642391e-01
   9.4985535961e+02   1.1643245523e-01   0.0000000000e+00   5.0028928078e-01   0.0000000000e+00   0.0000000000e+00   3.8327826399e-01
   9.4985535961e+02   1.1643245523e-01   0.0000000000e+00   5.0028928078e-01   0.0000000000e+00   0.0000000000e+00   3.8327826399e-01
   9.4991803929e+02   1.1646166393e-01   0.0000000000e+00   5.0016392141e-01   0.0000000000e+00   0.0000000000e+00   3.8337441466e-01
   9.4991803929e+02   1.1646166393e-01   0.0000000000e+00   5.0016392141e-01   0.0000000000e+00   0.0000000000e+00   3.8337441466e-01
   9.4991803929e+02   1.1646166393e-01   0.0000000000e+00   5.0016392141e-01   0.0000000000e+00   0.0000000000e+00   3.8337441466e-01
   9.4991803929e+02   1.1646166393e-01   0.0000000000e+00   5.0016392141e-01   0.0000000000e+00   0.0000000000e+00   3.8337441466e-01
   9.4991803929e+02   1.1646166393e-01   0.0000000000e+00   5.0016392141e-01   0.0000000000e+00   0.0000000000e+00   3.8337441466e-01
   9.4991803929e+02   1.1646166393e-01   0.0000000000e+00   5.0016392141e-01   0.0000000000e+00   0.0000000000e+00   3.8337441466e-01
   9.4991803929e+02   1.1646166393e-01   0.0000000000e+00   5.0016392141e-01   0.0000000000e+00   0.0000000000e+00   3.8337441466e-01
   9.4991803929e+02   1.1646166393e-01   0.0000000000e+00   5.0016392141e-01   0.0000000000e+00   0.0000000000e+00   3.8337441466e-01
   9.5005624606e+02   1.1652606820e-01   0.0000000000e+00   4.9988750789e-01   0.0000000000e+00   0.0000000000e+00   3.8358642391e-01
   9.5005624606e+02   1.1652606820e-01   0.0000000000e+00   4.9988750789e-01   0.0000000000e+00   0.0000000000e+00   3.8358642391e-01
   9.5005624606e+02   1.1652606820e-01   0.0000000000e+00   4.9988750789e-01   0.0000000000e+00   0.0000000000e+00   3.8358642391e-01
   9.5005624606e+02   1.1652606820e-01   0.0000000000e+00   4.9988750789e-01   0.0000000000e+00   0.0000000000e+00   3.8358642391e-01
   9.5005624606e+02   1.1652606820e-01   0.0000000000e+00   4.9988750789e-01   0.0000000000e+00   0.0000000000e+00   3.8358642391e-01
   9.5005624606e+02   1.1652606820e-01   0.0000000000e+00   4.9988750789e-01   0.0000000000e+00   0.0000000000e+00   3.8358642391e-01
   9.5005624606e+02   1.1652606820e-01   0.0000000000e+00   4.9988750789e-01   0.0000000000e+00   0.0000000000e+00   3.8358642391e-01
   9.5005624606e+02   1.1652606820e-01   0.0000000000e+00   4.9988750789e-01   0.0000000000e+00   0.0000000000e+00   3.8358642391e-01
   9.4995580283e+02   1.1647926172e-01   0.0000000000e+00   5.0008839433e-01   0.0000000000e+00   0.0000000000e+00   3.8343234395e-01
   9.4995580283e+02   1.1647926172e-01   0.0000000000e+00   5.0008839433e-01   0.0000000000e+00   0.0000000000e+00   3.8343234395e-01
   9.4995580283e+02   1.1647926172e-01   0.0000000000e+00   5.0008839433e-01   0.0000000000e+00   0.0000000000e+00   3.8343234395e-01
   9.4995580283e+02   1.1647926172e-01   0.0000000000e+00   5.0008839433e-01   0.0000000000e+00   0.0000000000e+00   3.8343234395e-01
   9.4985535961e+02   1.1643245523e-01   0.0000000000e+00   5.0028928078e-01   0.0000000000e+00   0.0000000000e+00   3.8327826399e-01
   9.4985535961e+02   1.1643245523e-01   0.0000000000e+00   5.0028928078e-01   0.0000000000e+00   0.0000000000e+00   3.8327826399e-01
   9.5005624606e+02   1.1652606820e-01   0.0000000000e+00   4.9988750789e-01   0.0000000000e+00   0.0000000000e+00   3.8358642391e-01
   9.5005624606e+02   1.1652606820e-01   0.0000000000e+00   4.9988750789e-01   0.0000000000e+00   0.0000000000e+00   3.8358642391e-01