# time = 106.477
# Grid Poins = 256    variable_0    variable_1    variable_2    variable_3    variable_4    variable_5    variable_6
   9.5000000436e+02   1.1649985960e-01   0.0000000000e+00   4.9999999129e-01   0.0000000000e+00   0.0000000000e+00   3.8350014911e-01
   9.5000000436e+02   1.1649985960e-01   0.0000000000e+00   4.9999999129e-01   0.0000000000e+00   0.0000000000e+00   3.8350014911e-01
   9.5000000436e+02   1.1649985960e-01   0.0000000000e+00   4.9999999129e-01   0.0000000000e+00   0.0000000000e+00   3.8350014911e-01
   9.5000000436e+02   1.1649985960e-01   0.0000000000e+00   4.9999999129e-01   0.0000000000e+00   0.0000000000e+00   3.8350014911e-01
   9.5000000333e+02   1.1649985912e-01   0.0000000000e+00   4.9999999333e-01   0.0000000000e+00   0.0000000000e+00   3.8350014754e-01
   9.5000000333e+02   1.1649985912e-01   0.0000000000e+00   4.9999999333e-01   0.0000000000e+00   0.0000000000e+00   3.8350014754e-01
   9.5000000333e+02   1.1649985912e-01   0.0000000000e+00   4.9999999333e-01   0.0000000000e+00   0.0000000000e+00   3.8350014754e-01
   9.5000000333e+02   1.1649985912e-01   0.0000000000e+00   4.9999999333e-01   0.0000000000e+00   0.0000000000e+00   3.8350014754e-01
   9.5000000497e+02   1.1649985989e-01   0.0000000000e+00   4.9999999006e-01   0.0000000000e+00   0.0000000000e+00   3.8350015006e-01
   9.5000000497e+02   1.1649985989e-01   0.0000000000e+00   4.9999999006e-01   0.0000000000e+00   0.0000000000e+00   3.8350015006e-01
   9.5000000395e+02   1.1649985941e-01   0.0000000000e+00   4.9999999210e-01   0.0000000000e+00   0.0000000000e+00   3.8350014849e-01
   9.5000000395e+02   1.1649985941e-01   0.0000000000e+00   4.9999999210e-01   0.0000000000e+00   0.0000000000e+00   3.8350014849e-01
   9.5000000446e+02   1.1649985965e-01   0.0000000000e+00   4.9999999108e-01   0.0000000000e+00   0.0000000000e+00   3.8350014927e-01
   9.5000000446e+02   1.1649985965e-01   0.0000000000e+00   4.9999999108e-01   0.0000000000e+00   0.0000000000e+00   3.8350014927e-01
   9.5000000446e+02   1.1649985965e-01   0.0000000000e+00   4.9999999108e-01   0.0000000000e+00   0.0000000000e+00   3.8350014927e-01
   9.5000000446e+02   1.1649985965e-01   0.0000000000e+00   4.9999999108e-01   0.0000000000e+00   0.0000000000e+00   3.8350014927e-01
   9.5000000321e+02   1.1649985906e-01   0.0000000000e+00   4.9999999359e-01   0.0000000000e+00   0.0000000000e+00   3.8350014735e-01
   9.5000000321e+02   1.1649985906e-01   0.0000000000e+00   4.9999999359e-01   0.0000000000e+00   0.0000000000e+00   3.8350014735e-01
   9.5000000321e+02   1.1649985906e-01   0.0000000000e+00   4.9999999359e-01   0.0000000000e+00   0.0000000000e+00   3.8350014735e-01
   9.5000000321e+02   1.1649985906e-01   0.0000000000e+00   4.9999999359e-01   0.0000000000e+00   0.0000000000e+00   3.8350014735e-01
   9.5000000321e+02   1.1649985906e-01   0.0000000000e+00   4.9999999359e-01   0.0000000000e+00   0.0000000000e+00   3.8350014735e-01
   9.5000000321e+02   1.1649985906e-01   0.0000000000e+00   4.9999999359e-01   0.0000000000e+00   0.0000000000e+00   3.8350014735e-01
   9.5000000321e+02   1.1649985906e-01   0.0000000000e+00   4.9999999359e-01   0.0000000000e+00   0.0000000000e+00   3.8350014735e-01
   9.5000000321e+02   1.1649985906e-01   0.0000000000e+00   4.9999999359e-01   0.0000000000e+00   0.0000000000e+00   3.8350014735e-01
   9.5000000321e+02   1.1649985906e-01   0.0000000000e+00   4.9999999359e-01   0.0000000000e+00   0.0000000000e+00   3.8350014735e-01
   9.5000000321e+02   1.1649985906e-01   0.0000000000e+00   4.9999999359e-01   0.0000000000e+00   0.0000000000e+00   3.8350014735e-01
   9.5000000321e+02   1.1649985906e-01   0.0000000000e+00   4.9999999359e-01   0.0000000000e+00   0.0000000000e+00   3.8350014735e-01
   9.5000000321e+02   1.1649985906e-01   0.0000000000e+00   4.9999999359e-01   0.0000000000e+00   0.0000000000e+00   3.8350014735e-01
   9.5000000321e+02   1.1649985906e-01   0.0000000000e+00   4.9999999359e-01   0.0000000000e+00   0.0000000000e+00   3.8350014735e-01
   9.5000000321e+02   1.1649985906e-01   0.0000000000e+00   4.9999999359e-01   0.0000000000e+00   0.0000000000e+00   3.8350014735e-01
   9.5000000321e+02   1.1649985906e-01   0.0000000000e+00   4.9999999359e-01   0.0000000000e+00   0.0000000000e+00   3.8350014735e-01
   9.5000000321e+02   1.1649985906e-01   0.0000000000e+00   4.9999999359e-01   0.0000000000e+00   0.0000000000e+00   3.8350014735e-01
   9.5000000331e+02   1.1649985911e-01   0.0000000000e+00   4.9999999339e-01   0.0000000000e+00   0.0000000000e+00   3.8350014750e-01
   9.5000000331e+02   1.1649985911e-01   0.0000000000e+00   4.9999999339e-01   0.0000000000e+00   0.0000000000e+00   3.8350014750e-01
   9.5000000304e+02   1.1649985899e-01   0.0000000000e+00   4.9999999392e-01   0.0000000000e+00   0.0000000000e+00   3.8350014709e-01
   9.5000000304e+02   1.1649985899e-01   0.0000000000e+00   4.9999999392e-01   0.0000000000e+00   0.0000000000e+00   3.8350014709e-01
   9.5000000317e+02   1.1649985905e-01   0.0000000000e+00   4.9999999365e-01   0.0000000000e+00   0.0000000000e+00   3.8350014730e-01
   9.5000000317e+02   1.1649985905e-01   0.0000000000e+00   4.9999999365e-01   0.0000000000e+00   0.0000000000e+00   3.8350014730e-01
   9.5000000317e+02   1.1649985905e-01   0.0000000000e+00   4.9999999365e-01   0.0000000000e+00   0.0000000000e+00   3.8350014730e-01
   9.5000000317e+02   1.1649985905e-01   0.0000000000e+00   4.9999999365e-01   0.0000000000e+00   0.0000000000e+00   3.8350014730e-01
   9.5000000322e+02   1.1649985907e-01   0.0000000000e+00   4.9999999356e-01   0.0000000000e+00   0.0000000000e+00   3.8350014737e-01
   9.5000000322e+02   1.1649985907e-01   0.0000000000e+00   4.9999999356e-01   0.0000000000e+00   0.0000000000e+00   3.8350014737e-01
   9.5000000331e+02   1.1649985911e-01   0.0000000000e+00   4.9999999339e-01   0.0000000000e+00   0.0000000000e+00   3.8350014750e-01
   9.5000000331e+02   1.1649985911e-01   0.0000000000e+00   4.9999999339e-01   0.0000000000e+00   0.0000000000e+00   3.8350014750e-01
   9.5000000317e+02   1.1649985905e-01   0.0000000000e+00   4.9999999365e-01   0.0000000000e+00   0.0000000000e+00   3.8350014730e-01
   9.5000000317e+02   1.1649985905e-01   0.0000000000e+00   4.9999999365e-01   0.0000000000e+00   0.0000000000e+00   3.8350014730e-01
   9.5000000317e+02   1.1649985905e-01   0.0000000000e+00   4.9999999365e-01   0.0000000000e+00   0.0000000000e+00   3.8350014730e-01
   9.5000000317e+02   1.1649985905e-01   0.0000000000e+00   4.9999999365e-01   0.0000000000e+00   0.0000000000e+00   3.8350014730e-01
   9.5000000460e+02   1.1649985971e-01   0.0000000000e+00   4.9999999080e-01   0.0000000000e+00   0.0000000000e+00   3.8350014948e-01
   9.5000000460e+02   1.1649985971e-01   0.0000000000e+00   4.9999999080e-01   0.0000000000e+00   0.0000000000e+00   3.8350014948e-01
   9.5000000460e+02   1.1649985971e-01   0.0000000000e+00   4.9999999080e-01   0.0000000000e+00   0.0000000000e+00   3.8350014948e-01
   9.5000000460e+02   1.1649985971e-01   0.0000000000e+00   4.9999999080e-01   0.0000000000e+00   0.0000000000e+00   3.8350014948e-01
   9.5000000460e+02   1.1649985971e-01   0.0000000000e+00   4.9999999080e-01   0.0000000000e+00   0.0000000000e+00   3.8350014948e-01
   9.5000000460e+02   1.1649985971e-01   0.0000000000e+00   4.9999999080e-01   0.0000000000e+00   0.0000000000e+00   3.8350014948e-01
   9.5000000460e+02   1.1649985971e-01   0.0000000000e+00   4.9999999080e-01   0.0000000000e+00   0.0000000000e+00   3.8350014948e-01
   9.5000000460e+02   1.1649985971e-01   0.0000000000e+00   4.9999999080e-01   0.0000000000e+00   0.0000000000e+00   3.8350014948e-01
   9.5000000460e+02   1.1649985971e-01   0.0000000000e+00   4.9999999080e-01   0.0000000000e+00   0.0000000000e+00   3.8350014948e-01
   9.5000000460e+02   1.1649985971e-01   0.0000000000e+00   4.9999999080e-01   0.0000000000e+00   0.0000000000e+00   3.8350014948e-01
   9.5000000460e+02   1.1649985971e-01   0.0000000000e+00   4.9999999080e-01   0.0000000000e+00   0.0000000000e+00   3.8350014948e-01
   9.5000000460e+02   1.1649985971e-01   0.0000000000e+00   4.9999999080e-01   0.0000000000e+00   0.0000000000e+00   3.8350014948e-01
   9.5000000460e+02   1.1649985971e-01   0.0000000000e+00   4.9999999080e-01   0.0000000000e+00   0.0000000000e+00   3.8350014948e-01
   9.5000000460e+02   1.1649985971e-01   0.0000000000e+00   4.9999999080e-01   0.0000000000e+00   0.0000000000e+00   3.8350014948e-01
   9.5000000460e+02   1.1649985971e-01   0.0000000000e+00   4.9999999080e-01   0.0000000000e+00   0.0000000000e+00   3.8350014948e-01
   9.5000000460e+02   1.1649985971e-01   0.0000000000e+00   4.9999999080e-01   0.0000000000e+00   0.0000000000e+00   3.8350014948e-01
   9.4999999128e+02   1.1649985351e-01   0.0000000000e+00   5.0000001745e-01   0.0000000000e+00   0.0000000000e+00   3.8350012905e-01
   9.4999999128e+02   1.1649985351e-01   0.0000000000e+00   5.0000001745e-01   0.0000000000e+00   0.0000000000e+00   3.8350012905e-01
   9.4999999128e+02   1.1649985351e-01   0.0000000000e+00   5.0000001745e-01   0.0000000000e+00   0.0000000000e+00   3.8350012905e-01
   9.4999999128e+02   1.1649985351e-01   0.0000000000e+00   5.0000001745e-01   0.0000000000e+00   0.0000000000e+00   3.8350012905e-01
   9.4999999264e+02   1.1649985414e-01   0.0000000000e+00   5.0000001472e-01   0.0000000000e+00   0.0000000000e+00   3.8350013114e-01
   9.4999999264e+02   1.1649985414e-01   0.0000000000e+00   5.0000001472e-01   0.0000000000e+00   0.0000000000e+00   3.8350013114e-01
   9.4999999264e+02   1.1649985414e-01   0.0000000000e+00   5.0000001472e-01   0.0000000000e+00   0.0000000000e+00   3.8350013114e-01
   9.4999999264e+02   1.1649985414e-01   0.0000000000e+00   5.0000001472e-01   0.0000000000e+00   0.0000000000e+00   3.8350013114e-01
   9.4999999264e+02   1.1649985414e-01   0.0000000000e+00   5.0000001472e-01   0.0000000000e+00   0.0000000000e+00   3.8350013114e-01
   9.4999999264e+02   1.1649985414e-01   0.0000000000e+00   5.0000001472e-01   0.0000000000e+00   0.0000000000e+00   3.8350013114e-01
   9.4999999264e+02   1.1649985414e-01   0.0000000000e+00   5.0000001472e-01   0.0000000000e+00   0.0000000000e+00   3.8350013114e-01
   9.4999999264e+02   1.1649985414e-01   0.0000000000e+00   5.0000001472e-01   0.0000000000e+00   0.0000000000e+00   3.8350013114e-01
   9.4999999568e+02   1.1649985555e-01   0.0000000000e+00   5.0000000865e-01   0.0000000000e+00   0.0000000000e+00   3.8350013580e-01
   9.4999999568e+02   1.1649985555e-01   0.0000000000e+00   5.0000000865e-01   0.0000000000e+00   0.0000000000e+00   3.8350013580e-01
   9.4999999568e+02   1.1649985555e-01   0.0000000000e+00   5.0000000865e-01   0.0000000000e+00   0.0000000000e+00   3.8350013580e-01
   9.4999999568e+02   1.1649985555e-01   0.0000000000e+00   5.0000000865e-01   0.0000000000e+00   0.0000000000e+00   3.8350013580e-01
   9.4999998862e+02   1.1649985227e-01   0.0000000000e+00   5.0000002275e-01   0.0000000000e+00   0.0000000000e+00   3.8350012498e-01
   9.4999998862e+02   1.1649985227e-01   0.0000000000e+00   5.0000002275e-01   0.0000000000e+00   0.0000000000e+00   3.8350012498e-01
   9.4999998862e+02   1.1649985227e-01   0.0000000000e+00   5.0000002275e-01   0.0000000000e+00   0.0000000000e+00   3.8350012498e-01
   9.4999998862e+02   1.1649985227e-01   0.0000000000e+00   5.0000002275e-01   0.0000000000e+00   0.0000000000e+00   3.8350012498e-01
   9.4999999249e+02   1.1649985407e-01   0.0000000000e+00   5.0000001502e-01   0.0000000000e+00   0.0000000000e+00   3.8350013091e-01
   9.4999999249e+02   1.1649985407e-01   0.0000000000e+00   5.0000001502e-01   0.0000000000e+00   0.0000000000e+00   3.8350013091e-01
   9.4999999249e+02   1.1649985407e-01   0.0000000000e+00   5.0000001502e-01   0.0000000000e+00   0.0000000000e+00   3.8350013091e-01
   9.4999999249e+02   1.1649985407e-01   0.0000000000e+00   5.0000001502e-01   0.0000000000e+00   0.0000000000e+00   3.8350013091e-01
   9.4999999612e+02   1.1649985576e-01   0.0000000000e+00   5.0000000777e-01   0.0000000000e+00   0.0000000000e+00   3.8350013647e-01
   9.4999999612e+02   1.1649985576e-01   0.0000000000e+00   5.0000000777e-01   0.0000000000e+00   0.0000000000e+00   3.8350013647e-01
   9.4999999612e+02   1.1649985576e-01   0.0000000000e+00   5.0000000777e-01   0.0000000000e+00   0.0000000000e+00   3.8350013647e-01
   9.4999999612e+02   1.1649985576e-01   0.0000000000e+00   5.0000000777e-01   0.0000000000e+00   0.0000000000e+00   3.8350013647e-01
   9.4999999246e+02   1.1649985406e-01   0.0000000000e+00   5.0000001508e-01   0.0000000000e+00   0.0000000000e+00   3.8350013087e-01
   9.4999999246e+02   1.1649985406e-01   0.0000000000e+00   5.0000001508e-01   0.0000000000e+00   0.0000000000e+00   3.8350013087e-01
   9.4999999246e+02   1.1649985406e-01   0.0000000000e+00   5.0000001508e-01   0.0000000000e+00   0.0000000000e+00   3.8350013087e-01
   9.4999999246e+02   1.1649985406e-01   0.0000000000e+00   5.0000001508e-01   0.0000000000e+00   0.0000000000e+00   3.8350013087e-01
   9.5000001459e+02   1.1649986437e-01   0.0000000000e+00   4.9999997082e-01   0.0000000000e+00   0.0000000000e+00   3.8350016481e-01
   9.5000001459e+02   1.1649986437e-01   0.0000000000e+00   4.9999997082e-01   0.0000000000e+00   0.0000000000e+00   3.8350016481e-01
   9.5000001459e+02   1.1649986437e-01   0.0000000000e+00   4.9999997082e-01   0.0000000000e+00   0.0000000000e+00   3.8350016481e-01
   9.5000001459e+02   1.1649986437e-01   0.0000000000e+00   4.9999997082e-01   0.0000000000e+00   0.0000000000e+00   3.8350016481e-01
   9.5000000715e+02   1.1649986090e-01   0.0000000000e+00   4.9999998569e-01   0.0000000000e+00   0.0000000000e+00   3.8350015340e-01
   9.5000000715e+02   1.1649986090e-01   0.0000000000e+00   4.9999998569e-01   0.0000000000e+00   0.0000000000e+00   3.8350015340e-01
   9.5000000715e+02   1.1649986090e-01   0.0000000000e+00   4.9999998569e-01   0.0000000000e+00   0.0000000000e+00   3.8350015340e-01
   9.5000000715e+02   1.1649986090e-01   0.0000000000e+00   4.9999998569e-01   0.0000000000e+00   0.0000000000e+00   3.8350015340e-01
   9.5000000715e+02   1.1649986090e-01   0.0000000000e+00   4.9999998569e-01   0.0000000000e+00   0.0000000000e+00   3.8350015340e-01
   9.5000000715e+02   1.1649986090e-01   0.0000000000e+00   4.9999998569e-01   0.0000000000e+00   0.0000000000e+00   3.8350015340e-01
   9.5000000715e+02   1.1649986090e-01   0.0000000000e+00   4.9999998569e-01   0.0000000000e+00   0.0000000000e+00   3.8350015340e-01
   9.5000000715e+02   1.1649986090e-01   0.0000000000e+00   4.9999998569e-01   0.0000000000e+00   0.0000000000e+00   3.8350015340e-01
   9.4999999639e+02   1.1649985589e-01   0.0000000000e+00   5.0000000721e-01   0.0000000000e+00   0.0000000000e+00   3.8350013690e-01
   9.4999999639e+02   1.1649985589e-01   0.0000000000e+00   5.0000000721e-01   0.0000000000e+00   0.0000000000e+00   3.8350013690e-01
   9.4999999639e+02   1.1649985589e-01   0.0000000000e+00   5.0000000721e-01   0.0000000000e+00   0.0000000000e+00   3.8350013690e-01
   9.4999999639e+02   1.1649985589e-01   0.0000000000e+00   5.0000000721e-01   0.0000000000e+00   0.0000000000e+00   3.8350013690e-01
   9.5000001270e+02   1.1649986349e-01   0.0000000000e+00   4.9999997459e-01   0.0000000000e+00   0.0000000000e+00   3.8350016192e-01
   9.5000001270e+02   1.1649986349e-01   0.0000000000e+00   4.9999997459e-01   0.0000000000e+00   0.0000000000e+00   3.8350016192e-01
   9.5000001270e+02   1.1649986349e-01   0.0000000000e+00   4.9999997459e-01   0.0000000000e+00   0.0000000000e+00   3.8350016192e-01
   9.5000001270e+02   1.1649986349e-01   0.0000000000e+00   4.9999997459e-01   0.0000000000e+00   0.0000000000e+00   3.8350016192e-01
   9.5000000366e+02   1.1649985927e-01   0.0000000000e+00   4.9999999268e-01   0.0000000000e+00   0.0000000000e+00   3.8350014804e-01
   9.5000000366e+02   1.1649985927e-01   0.0000000000e+00   4.9999999268e-01   0.0000000000e+00   0.0000000000e+00   3.8350014804e-01
   9.5000000366e+02   1.1649985927e-01   0.0000000000e+00   4.9999999268e-01   0.0000000000e+00   0.0000000000e+00   3.8350014804e-01
   9.5000000366e+02   1.1649985927e-01   0.0000000000e+00   4.9999999268e-01   0.0000000000e+00   0.0000000000e+00   3.8350014804e-01
   9.5000000997e+02   1.1649986222e-01   0.0000000000e+00   4.9999998006e-01   0.0000000000e+00   0.0000000000e+00   3.8350015772e-01
   9.5000000997e+02   1.1649986222e-01   0.0000000000e+00   4.9999998006e-01   0.0000000000e+00   0.0000000000e+00   3.8350015772e-01
   9.5000000997e+02   1.1649986222e-01   0.0000000000e+00   4.9999998006e-01   0.0000000000e+00   0.0000000000e+00   3.8350015772e-01
   9.5000000997e+02   1.1649986222e-01   0.0000000000e+00   4.9999998006e-01   0.0000000000e+00   0.0000000000e+00   3.8350015772e-01
   9.5000000001e+02   1.1649985757e-01   0.0000000000e+00   4.9999999998e-01   0.0000000000e+00   0.0000000000e+00   3.8350014244e-01
   9.5000000001e+02   1.1649985757e-01   0.0000000000e+00   4.9999999998e-01   0.0000000000e+00   0.0000000000e+00   3.8350014244e-01
   9.5000001270e+02   1.1649986349e-01   0.0000000000e+00   4.9999997459e-01   0.0000000000e+00   0.0000000000e+00   3.8350016192e-01
   9.5000001270e+02   1.1649986349e-01   0.0000000000e+00   4.9999997459e-01   0.0000000000e+00   0.0000000000e+00   3.8350016192e-01
   9.5000000147e+02   1.1649985825e-01   0.0000000000e+00   4.9999999707e-01   0.0000000000e+00   0.0000000000e+00   3.8350014468e-01
   9.5000000147e+02   1.1649985825e-01   0.0000000000e+00   4.9999999707e-01   0.0000000000e+00   0.0000000000e+00   3.8350014468e-01
   9.5000000147e+02   1.1649985825e-01   0.0000000000e+00   4.9999999707e-01   0.0000000000e+00   0.0000000000e+00   3.8350014468e-01
   9.5000000147e+02   1.1649985825e-01   0.0000000000e+00   4.9999999707e-01   0.0000000000e+00   0.0000000000e+00   3.8350014468e-01
   9.5000000147e+02   1.1649985825e-01   0.0000000000e+00   4.9999999707e-01   0.0000000000e+00   0.0000000000e+00   3.8350014468e-01
   9.5000000147e+02   1.1649985825e-01   0.0000000000e+00   4.9999999707e-01   0.0000000000e+00   0.0000000000e+00   3.8350014468e-01
   9.5000000147e+02   1.1649985825e-01   0.0000000000e+00   4.9999999707e-01   0.0000000000e+00   0.0000000000e+00   3.8350014468e-01
   9.5000000147e+02   1.1649985825e-01   0.0000000000e+00   4.9999999707e-01   0.0000000000e+00   0.0000000000e+00   3.8350014468e-01
   9.5000000510e+02   1.1649985995e-01   0.0000000000e+00   4.9999998980e-01   0.0000000000e+00   0.0000000000e+00   3.8350015026e-01
   9.5000000510e+02   1.1649985995e-01   0.0000000000e+00   4.9999998980e-01   0.0000000000e+00   0.0000000000e+00   3.8350015026e-01
   9.5000000510e+02   1.1649985995e-01   0.0000000000e+00   4.9999998980e-01   0.0000000000e+00   0.0000000000e+00   3.8350015026e-01
   9.5000000510e+02   1.1649985995e-01   0.0000000000e+00   4.9999998980e-01   0.0000000000e+00   0.0000000000e+00   3.8350015026e-01
   9.5000000467e+02   1.1649985975e-01   0.0000000000e+00   4.9999999065e-01   0.0000000000e+00   0.0000000000e+00   3.8350014960e-01
   9.5000000467e+02   1.1649985975e-01   0.0000000000e+00   4.9999999065e-01   0.0000000000e+00   0.0000000000e+00   3.8350014960e-01
   9.5000000467e+02   1.1649985975e-01   0.0000000000e+00   4.9999999065e-01   0.0000000000e+00   0.0000000000e+00   3.8350014960e-01
   9.5000000467e+02   1.1649985975e-01   0.0000000000e+00   4.9999999065e-01   0.0000000000e+00   0.0000000000e+00   3.8350014960e-01
   9.4999999323e+02   1.1649985441e-01   0.0000000000e+00   5.0000001355e-01   0.0000000000e+00   0.0000000000e+00   3.8350013204e-01
   9.4999999323e+02   1.1649985441e-01   0.0000000000e+00   5.0000001355e-01   0.0000000000e+00   0.0000000000e+00   3.8350013204e-01
   9.4999999323e+02   1.1649985441e-01   0.0000000000e+00   5.0000001355e-01   0.0000000000e+00   0.0000000000e+00   3.8350013204e-01
   9.4999999323e+02   1.1649985441e-01   0.0000000000e+00   5.0000001355e-01   0.0000000000e+00   0.0000000000e+00   3.8350013204e-01
   9.4999999137e+02   1.1649985355e-01   0.0000000000e+00   5.0000001727e-01   0.0000000000e+00   0.0000000000e+00   3.8350012919e-01
   9.4999999137e+02   1.1649985355e-01   0.0000000000e+00   5.0000001727e-01   0.0000000000e+00   0.0000000000e+00   3.8350012919e-01
   9.4999999137e+02   1.1649985355e-01   0.0000000000e+00   5.0000001727e-01   0.0000000000e+00   0.0000000000e+00   3.8350012919e-01
   9.4999999137e+02   1.1649985355e-01   0.0000000000e+00   5.0000001727e-01   0.0000000000e+00   0.0000000000e+00   3.8350012919e-01
   9.4999999323e+02   1.1649985441e-01   0.0000000000e+00   5.0000001355e-01   0.0000000000e+00   0.0000000000e+00   3.8350013204e-01
   9.4999999323e+02   1.1649985441e-01   0.0000000000e+00   5.0000001355e-01   0.0000000000e+00   0.0000000000e+00   3.8350013204e-01
   9.4999999323e+02   1.1649985441e-01   0.0000000000e+00   5.0000001355e-01   0.0000000000e+00   0.0000000000e+00   3.8350013204e-01
   9.4999999323e+02   1.1649985441e-01   0.0000000000e+00   5.0000001355e-01   0.0000000000e+00   0.0000000000e+00   3.8350013204e-01
   9.4999999384e+02   1.1649985470e-01   0.0000000000e+00   5.0000001231e-01   0.0000000000e+00   0.0000000000e+00   3.8350013299e-01
   9.4999999384e+02   1.1649985470e-01   0.0000000000e+00   5.0000001231e-01   0.0000000000e+00   0.0000000000e+00   3.8350013299e-01
   9.4999999384e+02   1.1649985470e-01   0.0000000000e+00   5.0000001231e-01   0.0000000000e+00   0.0000000000e+00   3.8350013299e-01
   9.4999999384e+02   1.1649985470e-01   0.0000000000e+00   5.0000001231e-01   0.0000000000e+00   0.0000000000e+00   3.8350013299e-01
   9.4999998953e+02   1.1649985269e-01   0.0000000000e+00   5.0000002093e-01   0.0000000000e+00   0.0000000000e+00   3.8350012638e-01
   9.4999998953e+02   1.1649985269e-01   0.0000000000e+00   5.0000002093e-01   0.0000000000e+00   0.0000000000e+00   3.8350012638e-01
   9.4999999408e+02   1.1649985481e-01   0.0000000000e+00   5.0000001183e-01   0.0000000000e+00   0.0000000000e+00   3.8350013336e-01
   9.4999999408e+02   1.1649985481e-01   0.0000000000e+00   5.0000001183e-01   0.0000000000e+00   0.0000000000e+00   3.8350013336e-01
   9.4999999636e+02   1.1649985587e-01   0.0000000000e+00   5.0000000728e-01   0.0000000000e+00   0.0000000000e+00   3.8350013685e-01
   9.4999999636e+02   1.1649985587e-01   0.0000000000e+00   5.0000000728e-01   0.0000000000e+00   0.0000000000e+00   3.8350013685e-01
   9.4999999636e+02   1.1649985587e-01   0.0000000000e+00   5.0000000728e-01   0.0000000000e+00   0.0000000000e+00   3.8350013685e-01
   9.4999999636e+02   1.1649985587e-01   0.0000000000e+00   5.0000000728e-01   0.0000000000e+00   0.0000000000e+00   3.8350013685e-01
   9.4999999887e+02   1.1649985704e-01   0.0000000000e+00   5.0000000227e-01   0.0000000000e+00   0.0000000000e+00   3.8350014069e-01
   9.4999999887e+02   1.1649985704e-01   0.0000000000e+00   5.0000000227e-01   0.0000000000e+00   0.0000000000e+00   3.8350014069e-01
   9.4999999887e+02   1.1649985704e-01   0.0000000000e+00   5.0000000227e-01   0.0000000000e+00   0.0000000000e+00   3.8350014069e-01
   9.4999999887e+02   1.1649985704e-01   0.0000000000e+00   5.0000000227e-01   0.0000000000e+00   0.0000000000e+00   3.8350014069e-01
   9.4999998976e+02   1.1649985280e-01   0.0000000000e+00   5.0000002047e-01   0.0000000000e+00   0.0000000000e+00   3.8350012673e-01
   9.4999998976e+02   1.1649985280e-01   0.0000000000e+00   5.0000002047e-01   0.0000000000e+00   0.0000000000e+00   3.8350012673e-01
   9.4999998976e+02   1.1649985280e-01   0.0000000000e+00   5.0000002047e-01   0.0000000000e+00   0.0000000000e+00   3.8350012673e-01
   9.4999998976e+02   1.1649985280e-01   0.0000000000e+00   5.0000002047e-01   0.0000000000e+00   0.0000000000e+00   3.8350012673e-01
   9.4999999539e+02   1.1649985542e-01   0.0000000000e+00   5.0000000921e-01   0.0000000000e+00   0.0000000000e+00   3.8350013536e-01
   9.4999999539e+02   1.1649985542e-01   0.0000000000e+00   5.0000000921e-01   0.0000000000e+00   0.0000000000e+00   3.8350013536e-01
   9.5000000774e+02   1.1649986118e-01   0.0000000000e+00   4.9999998453e-01   0.0000000000e+00   0.0000000000e+00   3.8350015430e-01
   9.5000000774e+02   1.1649986118e-01   0.0000000000e+00   4.9999998453e-01   0.0000000000e+00   0.0000000000e+00   3.8350015430e-01
   9.4999999539e+02   1.1649985542e-01   0.0000000000e+00   5.0000000921e-01   0.0000000000e+00   0.0000000000e+00   3.8350013536e-01
   9.4999999539e+02   1.1649985542e-01   0.0000000000e+00   5.0000000921e-01   0.0000000000e+00   0.0000000000e+00   3.8350013536e-01
   9.5000000774e+02   1.1649986118e-01   0.0000000000e+00   4.9999998453e-01   0.0000000000e+00   0.0000000000e+00   3.8350015430e-01
   9.5000000774e+02   1.1649986118e-01   0.0000000000e+00   4.9999998453e-01   0.0000000000e+00   0.0000000000e+00   3.8350015430e-01
   9.4999998999e+02   1.1649985291e-01   0.0000000000e+00   5.0000002001e-01   0.0000000000e+00   0.0000000000e+00   3.8350012708e-01
   9.4999998999e+02   1.1649985291e-01   0.0000000000e+00   5.0000002001e-01   0.0000000000e+00   0.0000000000e+00   3.8350012708e-01
   9.4999998999e+02   1.1649985291e-01   0.0000000000e+00   5.0000002001e-01   0.0000000000e+00   0.0000000000e+00   3.8350012708e-01
   9.4999998999e+02   1.1649985291e-01   0.0000000000e+00   5.0000002001e-01   0.0000000000e+00   0.0000000000e+00   3.8350012708e-01
   9.4999999539e+02   1.1649985542e-01   0.0000000000e+00   5.0000000921e-01   0.0000000000e+00   0.0000000000e+00   3.8350013536e-01
   9.4999999539e+02   1.1649985542e-01   0.0000000000e+00   5.0000000921e-01   0.0000000000e+00   0.0000000000e+00   3.8350013536e-01
   9.4999999539e+02   1.1649985542e-01   0.0000000000e+00   5.0000000921e-01   0.0000000000e+00   0.0000000000e+00   3.8350013536e-01
   9.4999999539e+02   1.1649985542e-01   0.0000000000e+00   5.0000000921e-01   0.0000000000e+00   0.0000000000e+00   3.8350013536e-01
   9.4999999752e+02   1.1649985641e-01   0.0000000000e+00   5.0000000496e-01   0.0000000000e+00   0.0000000000e+00   3.8350013863e-01
   9.4999999752e+02   1.1649985641e-01   0.0000000000e+00   5.0000000496e-01   0.0000000000e+00   0.0000000000e+00   3.8350013863e-01
   9.4999999752e+02   1.1649985641e-01   0.0000000000e+00   5.0000000496e-01   0.0000000000e+00   0.0000000000e+00   3.8350013863e-01
   9.4999999752e+02   1.1649985641e-01   0.0000000000e+00   5.0000000496e-01   0.0000000000e+00   0.0000000000e+00   3.8350013863e-01
   9.4999999969e+02   1.1649985742e-01   0.0000000000e+00   5.0000000063e-01   0.0000000000e+00   0.0000000000e+00   3.8350014195e-01
   9.4999999969e+02   1.1649985742e-01   0.0000000000e+00   5.0000000063e-01   0.0000000000e+00   0.0000000000e+00   3.8350014195e-01
   9.4999999969e+02   1.1649985742e-01   0.0000000000e+00   5.0000000063e-01   0.0000000000e+00   0.0000000000e+00   3.8350014195e-01
   9.4999999969e+02   1.1649985742e-01   0.0000000000e+00   5.0000000063e-01   0.0000000000e+00   0.0000000000e+00   3.8350014195e-01
   9.4999999752e+02   1.1649985641e-01   0.0000000000e+00   5.0000000496e-01   0.0000000000e+00   0.0000000000e+00   3.8350013863e-01
   9.4999999752e+02   1.1649985641e-01   0.0000000000e+00   5.0000000496e-01   0.0000000000e+00   0.0000000000e+00   3.8350013863e-01
   9.4999999752e+02   1.1649985641e-01   0.0000000000e+00   5.0000000496e-01   0.0000000000e+00   0.0000000000e+00   3.8350013863e-01
   9.4999999752e+02   1.1649985641e-01   0.0000000000e+00   5.0000000496e-01   0.0000000000e+00   0.0000000000e+00   3.8350013863e-01
   9.4999999969e+02   1.1649985742e-01   0.0000000000e+00   5.0000000063e-01   0.0000000000e+00   0.0000000000e+00   3.8350014195e-01
   9.4999999969e+02   1.1649985742e-01   0.0000000000e+00   5.0000000063e-01   0.0000000000e+00   0.0000000000e+00   3.8350014195e-01
   9.4999999969e+02   1.1649985742e-01   0.0000000000e+00   5.0000000063e-01   0.0000000000e+00   0.0000000000e+00   3.8350014195e-01
   9.4999999969e+02   1.1649985742e-01   0.0000000000e+00   5.0000000063e-01   0.0000000000e+00   0.0000000000e+00   3.8350014195e-01
   9.4999999572e+02   1.1649985558e-01   0.0000000000e+00   5.0000000856e-01   0.0000000000e+00   0.0000000000e+00   3.8350013587e-01
   9.4999999572e+02   1.1649985558e-01   0.0000000000e+00   5.0000000856e-01   0.0000000000e+00   0.0000000000e+00   3.8350013587e-01
   9.4999999572e+02   1.1649985558e-01   0.0000000000e+00   5.0000000856e-01   0.0000000000e+00   0.0000000000e+00   3.8350013587e-01
   9.4999999572e+02   1.1649985558e-01   0.0000000000e+00   5.0000000856e-01   0.0000000000e+00   0.0000000000e+00   3.8350013587e-01
   9.4999999572e+02   1.1649985558e-01   0.0000000000e+00   5.0000000856e-01   0.0000000000e+00   0.0000000000e+00   3.8350013587e-01
   9.4999999572e+02   1.1649985558e-01   0.0000000000e+00   5.0000000856e-01   0.0000000000e+00   0.0000000000e+00   3.8350013587e-01
   9.4999999572e+02   1.1649985558e-01   0.0000000000e+00   5.0000000856e-01   0.0000000000e+00   0.0000000000e+00   3.8350013587e-01
   9.4999999572e+02   1.1649985558e-01   0.0000000000e+00   5.0000000856e-01   0.0000000000e+00   0.0000000000e+00   3.8350013587e-01
   9.5000000011e+02   1.1649985762e-01   0.0000000000e+00   4.9999999979e-01   0.0000000000e+00   0.0000000000e+00   3.8350014259e-01
   9.5000000011e+02   1.1649985762e-01   0.0000000000e+00   4.9999999979e-01   0.0000000000e+00   0.0000000000e+00   3.8350014259e-01
   9.4999999718e+02   1.1649985626e-01   0.0000000000e+00   5.0000000563e-01   0.0000000000e+00   0.0000000000e+00   3.8350013811e-01
   9.4999999718e+02   1.1649985626e-01   0.0000000000e+00   5.0000000563e-01   0.0000000000e+00   0.0000000000e+00   3.8350013811e-01
   9.4999999865e+02   1.1649985694e-01   0.0000000000e+00   5.0000000271e-01   0.0000000000e+00   0.0000000000e+00   3.8350014035e-01
   9.4999999865e+02   1.1649985694e-01   0.0000000000e+00   5.0000000271e-01   0.0000000000e+00   0.0000000000e+00   3.8350014035e-01
   9.4999999865e+02   1.1649985694e-01   0.0000000000e+00   5.0000000271e-01   0.0000000000e+00   0.0000000000e+00   3.8350014035e-01
   9.4999999865e+02   1.1649985694e-01   0.0000000000e+00   5.0000000271e-01   0.0000000000e+00   0.0000000000e+00   3.8350014035e-01
   9.4999999949e+02   1.1649985733e-01   0.0000000000e+00   5.0000000102e-01   0.0000000000e+00   0.0000000000e+00   3.8350014165e-01
   9.4999999949e+02   1.1649985733e-01   0.0000000000e+00   5.0000000102e-01   0.0000000000e+00   0.0000000000e+00   3.8350014165e-01
   9.4999999949e+02   1.1649985733e-01   0.0000000000e+00   5.0000000102e-01   0.0000000000e+00   0.0000000000e+00   3.8350014165e-01
   9.4999999949e+02   1.1649985733e-01   0.0000000000e+00   5.0000000102e-01   0.0000000000e+00   0.0000000000e+00   3.8350014165e-01
   9.4999999949e+02   1.1649985733e-01   0.0000000000e+00   5.0000000102e-01   0.0000000000e+00   0.0000000000e+00   3.8350014165e-01
   9.4999999949e+02   1.1649985733e-01   0.0000000000e+00   5.0000000102e-01   0.0000000000e+00   0.0000000000e+00   3.8350014165e-01
   9.4999999949e+02   1.1649985733e-01   0.0000000000e+00   5.0000000102e-01   0.0000000000e+00   0.0000000000e+00   3.8350014165e-01
   9.4999999949e+02   1.1649985733e-01   0.0000000000e+00   5.0000000102e-01   0.0000000000e+00   0.0000000000e+00   3.8350014165e-01
   9.4999999949e+02   1.1649985733e-01   0.0000000000e+00   5.0000000102e-01   0.0000000000e+00   0.0000000000e+00   3.8350014165e-01
   9.4999999949e+02   1.1649985733e-01   0.0000000000e+00   5.0000000102e-01   0.0000000000e+00   0.0000000000e+00   3.8350014165e-01
   9.4999999949e+02   1.1649985733e-01   0.0000000000e+00   5.0000000102e-01   0.0000000000e+00   0.0000000000e+00   3.8350014165e-01
   9.4999999949e+02   1.1649985733e-01   0.0000000000e+00   5.0000000102e-01   0.0000000000e+00   0.0000000000e+00   3.8350014165e-01
   9.4999999949e+02   1.1649985733e-01   0.0000000000e+00   5.0000000102e-01   0.0000000000e+00   0.0000000000e+00   3.8350014165e-01
   9.4999999949e+02   1.1649985733e-01   0.0000000000e+00   5.0000000102e-01   0.0000000000e+00   0.0000000000e+00   3.8350014165e-01
   9.4999999949e+02   1.1649985733e-01   0.0000000000e+00   5.0000000102e-01   0.0000000000e+00   0.0000000000e+00   3.8350014165e-01
   9.4999999949e+02   1.1649985733e-01   0.0000000000e+00   5.0000000102e-01   0.0000000000e+00   0.0000000000e+00   3.8350014165e-01
   9.5000000347e+02   1.1649985919e-01   0.0000000000e+00   4.9999999306e-01   0.0000000000e+00   0.0000000000e+00   3.8350014776e-01
   9.5000000347e+02   1.1649985919e-01   0.0000000000e+00   4.9999999306e-01   0.0000000000e+00   0.0000000000e+00   3.8350014776e-01
   9.5000000217e+02   1.1649985858e-01   0.0000000000e+00   4.9999999566e-01   0.0000000000e+00   0.0000000000e+00   3.8350014576e-01
   9.5000000217e+02   1.1649985858e-01   0.0000000000e+00   4.9999999566e-01   0.0000000000e+00   0.0000000000e+00   3.8350014576e-01
   9.5000000347e+02   1.1649985919e-01   0.0000000000e+00   4.9999999306e-01   0.0000000000e+00   0.0000000000e+00   3.8350014776e-01
   9.5000000347e+02   1.1649985919e-01   0.0000000000e+00   4.9999999306e-01   0.0000000000e+00   0.0000000000e+00   3.8350014776e-01
   9.5000000477e+02   1.1649985979e-01   0.0000000000e+00   4.9999999045e-01   0.0000000000e+00   0.0000000000e+00   3.8350014975e-01
   9.5000000477e+02   1.1649985979e-01   0.0000000000e+00   4.9999999045e-01   0.0000000000e+00   0.0000000000e+00   3.8350014975e-01
   9.5000000217e+02   1.1649985858e-01   0.0000000000e+00   4.9999999566e-01   0.0000000000e+00   0.0000000000e+00   3.8350014576e-01
   9.5000000217e+02   1.1649985858e-01   0.0000000000e+00   4.9999999566e-01   0.0000000000e+00   0.0000000000e+00   3.8350014576e-01
   9.5000000217e+02   1.1649985858e-01   0.0000000000e+00   4.9999999566e-01   0.0000000000e+00   0.0000000000e+00   3.8350014576e-01
   9.5000000217e+02   1.1649985858e-01   0.0000000000e+00   4.9999999566e-01   0.0000000000e+00   0.0000000000e+00   3.8350014576e-01
   9.4999999957e+02   1.1649985737e-01   0.0000000000e+00   5.0000000087e-01   0.0000000000e+00   0.0000000000e+00   3.8350014177e-01
   9.4999999957e+02   1.1649985737e-01   0.0000000000e+00   5.0000000087e-01   0.0000000000e+00   0.0000000000e+00   3.8350014177e-01
   9.4999999957e+02   1.1649985737e-01   0.0000000000e+00   5.0000000087e-01   0.0000000000e+00   0.0000000000e+00   3.8350014177e-01
   9.4999999957e+02   1.1649985737e-01   0.0000000000e+00   5.0000000087e-01   0.0000000000e+00   0.0000000000e+00   3.8350014177e-01