# time = 34.6266
# Grid Poins = 256    variable_0    variable_1    variable_2    variable_3    variable_4    variable_5    variable_6
   9.4989823040e+02   1.1645243300e-01   0.0000000000e+00   5.0020353919e-01   0.0000000000e+00   0.0000000000e+00   3.8334402781e-01
   9.4989823040e+02   1.1645243300e-01   0.0000000000e+00   5.0020353919e-01   0.0000000000e+00   0.0000000000e+00   3.8334402781e-01
   9.4989823040e+02   1.1645243300e-01   0.0000000000e+00   5.0020353919e-01   0.0000000000e+00   0.0000000000e+00   3.8334402781e-01
   9.4989823040e+02   1.1645243300e-01   0.0000000000e+00   5.0020353919e-01   0.0000000000e+00   0.0000000000e+00   3.8334402781e-01
   9.4973758654e+02   1.1637757305e-01   0.0000000000e+00   5.0052482692e-01   0.0000000000e+00   0.0000000000e+00   3.8309760003e-01
   9.4973758654e+02   1.1637757305e-01   0.0000000000e+00   5.0052482692e-01   0.0000000000e+00   0.0000000000e+00   3.8309760003e-01
   9.4973758654e+02   1.1637757305e-01   0.0000000000e+00   5.0052482692e-01   0.0000000000e+00   0.0000000000e+00   3.8309760003e-01
   9.4973758654e+02   1.1637757305e-01   0.0000000000e+00   5.0052482692e-01   0.0000000000e+00   0.0000000000e+00   3.8309760003e-01
   9.4937097357e+02   1.1620673161e-01   0.0000000000e+00   5.0125805285e-01   0.0000000000e+00   0.0000000000e+00   3.8253521553e-01
   9.4937097357e+02   1.1620673161e-01   0.0000000000e+00   5.0125805285e-01   0.0000000000e+00   0.0000000000e+00   3.8253521553e-01
   9.4969226130e+02   1.1635645151e-01   0.0000000000e+00   5.0061547740e-01   0.0000000000e+00   0.0000000000e+00   3.8302807109e-01
   9.4969226130e+02   1.1635645151e-01   0.0000000000e+00   5.0061547740e-01   0.0000000000e+00   0.0000000000e+00   3.8302807109e-01
   9.4969226130e+02   1.1635645151e-01   0.0000000000e+00   5.0061547740e-01   0.0000000000e+00   0.0000000000e+00   3.8302807109e-01
   9.4969226130e+02   1.1635645151e-01   0.0000000000e+00   5.0061547740e-01   0.0000000000e+00   0.0000000000e+00   3.8302807109e-01
   9.4969226130e+02   1.1635645151e-01   0.0000000000e+00   5.0061547740e-01   0.0000000000e+00   0.0000000000e+00   3.8302807109e-01
   9.4969226130e+02   1.1635645151e-01   0.0000000000e+00   5.0061547740e-01   0.0000000000e+00   0.0000000000e+00   3.8302807109e-01
   9.4936668111e+02   1.1620473133e-01   0.0000000000e+00   5.0126663778e-01   0.0000000000e+00   0.0000000000e+00   3.8252863089e-01
   9.4936668111e+02   1.1620473133e-01   0.0000000000e+00   5.0126663778e-01   0.0000000000e+00   0.0000000000e+00   3.8252863089e-01
   9.5000326919e+02   1.1650138101e-01   0.0000000000e+00   4.9999346163e-01   0.0000000000e+00   0.0000000000e+00   3.8350515736e-01
   9.5000326919e+02   1.1650138101e-01   0.0000000000e+00   4.9999346163e-01   0.0000000000e+00   0.0000000000e+00   3.8350515736e-01
   9.5000326919e+02   1.1650138101e-01   0.0000000000e+00   4.9999346163e-01   0.0000000000e+00   0.0000000000e+00   3.8350515736e-01
   9.5000326919e+02   1.1650138101e-01   0.0000000000e+00   4.9999346163e-01   0.0000000000e+00   0.0000000000e+00   3.8350515736e-01
   9.4936668111e+02   1.1620473133e-01   0.0000000000e+00   5.0126663778e-01   0.0000000000e+00   0.0000000000e+00   3.8252863089e-01
   9.4936668111e+02   1.1620473133e-01   0.0000000000e+00   5.0126663778e-01   0.0000000000e+00   0.0000000000e+00   3.8252863089e-01
   9.4969226130e+02   1.1635645151e-01   0.0000000000e+00   5.0061547740e-01   0.0000000000e+00   0.0000000000e+00   3.8302807109e-01
   9.4969226130e+02   1.1635645151e-01   0.0000000000e+00   5.0061547740e-01   0.0000000000e+00   0.0000000000e+00   3.8302807109e-01
   9.4969226130e+02   1.1635645151e-01   0.0000000000e+00   5.0061547740e-01   0.0000000000e+00   0.0000000000e+00   3.8302807109e-01
   9.4969226130e+02   1.1635645151e-01   0.0000000000e+00   5.0061547740e-01   0.0000000000e+00   0.0000000000e+00   3.8302807109e-01
   9.4970177107e+02   1.1636088306e-01   0.0000000000e+00   5.0059645786e-01   0.0000000000e+00   0.0000000000e+00   3.8304265908e-01
   9.4970177107e+02   1.1636088306e-01   0.0000000000e+00   5.0059645786e-01   0.0000000000e+00   0.0000000000e+00   3.8304265908e-01
   9.4968275153e+02   1.1635201996e-01   0.0000000000e+00   5.0063449695e-01   0.0000000000e+00   0.0000000000e+00   3.8301348309e-01
   9.4968275153e+02   1.1635201996e-01   0.0000000000e+00   5.0063449695e-01   0.0000000000e+00   0.0000000000e+00   3.8301348309e-01
   9.5053877343e+02   1.1675092568e-01   0.0000000000e+00   4.9892245314e-01   0.0000000000e+00   0.0000000000e+00   3.8432662118e-01
   9.5053877343e+02   1.1675092568e-01   0.0000000000e+00   4.9892245314e-01   0.0000000000e+00   0.0000000000e+00   3.8432662118e-01
   9.5053877343e+02   1.1675092568e-01   0.0000000000e+00   4.9892245314e-01   0.0000000000e+00   0.0000000000e+00   3.8432662118e-01
   9.5053877343e+02   1.1675092568e-01   0.0000000000e+00   4.9892245314e-01   0.0000000000e+00   0.0000000000e+00   3.8432662118e-01
   9.4956869526e+02   1.1629886981e-01   0.0000000000e+00   5.0086260947e-01   0.0000000000e+00   0.0000000000e+00   3.8283852072e-01
   9.4956869526e+02   1.1629886981e-01   0.0000000000e+00   5.0086260947e-01   0.0000000000e+00   0.0000000000e+00   3.8283852072e-01
   9.4956869526e+02   1.1629886981e-01   0.0000000000e+00   5.0086260947e-01   0.0000000000e+00   0.0000000000e+00   3.8283852072e-01
   9.4956869526e+02   1.1629886981e-01   0.0000000000e+00   5.0086260947e-01   0.0000000000e+00   0.0000000000e+00   3.8283852072e-01
   9.4929853950e+02   1.1617297737e-01   0.0000000000e+00   5.0140292101e-01   0.0000000000e+00   0.0000000000e+00   3.8242410162e-01
   9.4929853950e+02   1.1617297737e-01   0.0000000000e+00   5.0140292101e-01   0.0000000000e+00   0.0000000000e+00   3.8242410162e-01
   9.4929853950e+02   1.1617297737e-01   0.0000000000e+00   5.0140292101e-01   0.0000000000e+00   0.0000000000e+00   3.8242410162e-01
   9.4929853950e+02   1.1617297737e-01   0.0000000000e+00   5.0140292101e-01   0.0000000000e+00   0.0000000000e+00   3.8242410162e-01
   9.4947864334e+02   1.1625690566e-01   0.0000000000e+00   5.0104271332e-01   0.0000000000e+00   0.0000000000e+00   3.8270038102e-01
   9.4947864334e+02   1.1625690566e-01   0.0000000000e+00   5.0104271332e-01   0.0000000000e+00   0.0000000000e+00   3.8270038102e-01
   9.4947864334e+02   1.1625690566e-01   0.0000000000e+00   5.0104271332e-01   0.0000000000e+00   0.0000000000e+00   3.8270038102e-01
   9.4947864334e+02   1.1625690566e-01   0.0000000000e+00   5.0104271332e-01   0.0000000000e+00   0.0000000000e+00   3.8270038102e-01
   9.4987363050e+02   1.1644096946e-01   0.0000000000e+00   5.0025273900e-01   0.0000000000e+00   0.0000000000e+00   3.8330629155e-01
   9.4987363050e+02   1.1644096946e-01   0.0000000000e+00   5.0025273900e-01   0.0000000000e+00   0.0000000000e+00   3.8330629155e-01
   9.4987363050e+02   1.1644096946e-01   0.0000000000e+00   5.0025273900e-01   0.0000000000e+00   0.0000000000e+00   3.8330629155e-01
   9.4987363050e+02   1.1644096946e-01   0.0000000000e+00   5.0025273900e-01   0.0000000000e+00   0.0000000000e+00   3.8330629155e-01
   9.4927690311e+02   1.1616289483e-01   0.0000000000e+00   5.0144619377e-01   0.0000000000e+00   0.0000000000e+00   3.8239091139e-01
   9.4927690311e+02   1.1616289483e-01   0.0000000000e+00   5.0144619377e-01   0.0000000000e+00   0.0000000000e+00   3.8239091139e-01
   9.4927690311e+02   1.1616289483e-01   0.0000000000e+00   5.0144619377e-01   0.0000000000e+00   0.0000000000e+00   3.8239091139e-01
   9.4927690311e+02   1.1616289483e-01   0.0000000000e+00   5.0144619377e-01   0.0000000000e+00   0.0000000000e+00   3.8239091139e-01
   9.4957526681e+02   1.1630193214e-01   0.0000000000e+00   5.0084946639e-01   0.0000000000e+00   0.0000000000e+00   3.8284860147e-01
   9.4957526681e+02   1.1630193214e-01   0.0000000000e+00   5.0084946639e-01   0.0000000000e+00   0.0000000000e+00   3.8284860147e-01
   9.4957526681e+02   1.1630193214e-01   0.0000000000e+00   5.0084946639e-01   0.0000000000e+00   0.0000000000e+00   3.8284860147e-01
   9.4957526681e+02   1.1630193214e-01   0.0000000000e+00   5.0084946639e-01   0.0000000000e+00   0.0000000000e+00   3.8284860147e-01
   9.4957526681e+02   1.1630193214e-01   0.0000000000e+00   5.0084946639e-01   0.0000000000e+00   0.0000000000e+00   3.8284860147e-01
   9.4957526681e+02   1.1630193214e-01   0.0000000000e+00   5.0084946639e-01   0.0000000000e+00   0.0000000000e+00   3.8284860147e-01
   9.4957526681e+02   1.1630193214e-01   0.0000000000e+00   5.0084946639e-01   0.0000000000e+00   0.0000000000e+00   3.8284860147e-01
   9.4957526681e+02   1.1630193214e-01   0.0000000000e+00   5.0084946639e-01   0.0000000000e+00   0.0000000000e+00   3.8284860147e-01
   9.4864283434e+02   1.1586741914e-01   0.0000000000e+00   5.0271433132e-01   0.0000000000e+00   0.0000000000e+00   3.8141824953e-01
   9.4864283434e+02   1.1586741914e-01   0.0000000000e+00   5.0271433132e-01   0.0000000000e+00   0.0000000000e+00   3.8141824953e-01
   9.4864283434e+02   1.1586741914e-01   0.0000000000e+00   5.0271433132e-01   0.0000000000e+00   0.0000000000e+00   3.8141824953e-01
   9.4864283434e+02   1.1586741914e-01   0.0000000000e+00   5.0271433132e-01   0.0000000000e+00   0.0000000000e+00   3.8141824953e-01
   9.4868002297e+02   1.1588474903e-01   0.0000000000e+00   5.0263995406e-01   0.0000000000e+00   0.0000000000e+00   3.8147529691e-01
   9.4868002297e+02   1.1588474903e-01   0.0000000000e+00   5.0263995406e-01   0.0000000000e+00   0.0000000000e+00   3.8147529691e-01
   9.4868002297e+02   1.1588474903e-01   0.0000000000e+00   5.0263995406e-01   0.0000000000e+00   0.0000000000e+00   3.8147529691e-01
   9.4868002297e+02   1.1588474903e-01   0.0000000000e+00   5.0263995406e-01   0.0000000000e+00   0.0000000000e+00   3.8147529691e-01
   9.4820064447e+02   1.1566135892e-01   0.0000000000e+00   5.0359871107e-01   0.0000000000e+00   0.0000000000e+00   3.8073993002e-01
   9.4820064447e+02   1.1566135892e-01   0.0000000000e+00   5.0359871107e-01   0.0000000000e+00   0.0000000000e+00   3.8073993002e-01
   9.4820064447e+02   1.1566135892e-01   0.0000000000e+00   5.0359871107e-01   0.0000000000e+00   0.0000000000e+00   3.8073993002e-01
   9.4820064447e+02   1.1566135892e-01   0.0000000000e+00   5.0359871107e-01   0.0000000000e+00   0.0000000000e+00   3.8073993002e-01
   9.4816345584e+02   1.1564402904e-01   0.0000000000e+00   5.0367308833e-01   0.0000000000e+00   0.0000000000e+00   3.8068288264e-01
   9.4816345584e+02   1.1564402904e-01   0.0000000000e+00   5.0367308833e-01   0.0000000000e+00   0.0000000000e+00   3.8068288264e-01
   9.4816345584e+02   1.1564402904e-01   0.0000000000e+00   5.0367308833e-01   0.0000000000e+00   0.0000000000e+00   3.8068288264e-01
   9.4816345584e+02   1.1564402904e-01   0.0000000000e+00   5.0367308833e-01   0.0000000000e+00   0.0000000000e+00   3.8068288264e-01
   9.4841621071e+02   1.1576181266e-01   0.0000000000e+00   5.0316757859e-01   0.0000000000e+00   0.0000000000e+00   3.8107060875e-01
   9.4841621071e+02   1.1576181266e-01   0.0000000000e+00   5.0316757859e-01   0.0000000000e+00   0.0000000000e+00   3.8107060875e-01
   9.4841621071e+02   1.1576181266e-01   0.0000000000e+00   5.0316757859e-01   0.0000000000e+00   0.0000000000e+00   3.8107060875e-01
   9.4841621071e+02   1.1576181266e-01   0.0000000000e+00   5.0316757859e-01   0.0000000000e+00   0.0000000000e+00   3.8107060875e-01
   9.4841621071e+02   1.1576181266e-01   0.0000000000e+00   5.0316757859e-01   0.0000000000e+00   0.0000000000e+00   3.8107060875e-01
   9.4841621071e+02   1.1576181266e-01   0.0000000000e+00   5.0316757859e-01   0.0000000000e+00   0.0000000000e+00   3.8107060875e-01
   9.4841621071e+02   1.1576181266e-01   0.0000000000e+00   5.0316757859e-01   0.0000000000e+00   0.0000000000e+00   3.8107060875e-01
   9.4841621071e+02   1.1576181266e-01   0.0000000000e+00   5.0316757859e-01   0.0000000000e+00   0.0000000000e+00   3.8107060875e-01
   9.4880452559e+02   1.1594276718e-01   0.0000000000e+00   5.0239094882e-01   0.0000000000e+00   0.0000000000e+00   3.8166628400e-01
   9.4880452559e+02   1.1594276718e-01   0.0000000000e+00   5.0239094882e-01   0.0000000000e+00   0.0000000000e+00   3.8166628400e-01
   9.4880452559e+02   1.1594276718e-01   0.0000000000e+00   5.0239094882e-01   0.0000000000e+00   0.0000000000e+00   3.8166628400e-01
   9.4880452559e+02   1.1594276718e-01   0.0000000000e+00   5.0239094882e-01   0.0000000000e+00   0.0000000000e+00   3.8166628400e-01
   9.4880452559e+02   1.1594276718e-01   0.0000000000e+00   5.0239094882e-01   0.0000000000e+00   0.0000000000e+00   3.8166628400e-01
   9.4880452559e+02   1.1594276718e-01   0.0000000000e+00   5.0239094882e-01   0.0000000000e+00   0.0000000000e+00   3.8166628400e-01
   9.4880452559e+02   1.1594276718e-01   0.0000000000e+00   5.0239094882e-01   0.0000000000e+00   0.0000000000e+00   3.8166628400e-01
   9.4880452559e+02   1.1594276718e-01   0.0000000000e+00   5.0239094882e-01   0.0000000000e+00   0.0000000000e+00   3.8166628400e-01
   9.4854275615e+02   1.1582078276e-01   0.0000000000e+00   5.0291448771e-01   0.0000000000e+00   0.0000000000e+00   3.8126472953e-01
   9.4854275615e+02   1.1582078276e-01   0.0000000000e+00   5.0291448771e-01   0.0000000000e+00   0.0000000000e+00   3.8126472953e-01
   9.4854275615e+02   1.1582078276e-01   0.0000000000e+00   5.0291448771e-01   0.0000000000e+00   0.0000000000e+00   3.8126472953e-01
   9.4854275615e+02   1.1582078276e-01   0.0000000000e+00   5.0291448771e-01   0.0000000000e+00   0.0000000000e+00   3.8126472953e-01
   9.4854275615e+02   1.1582078276e-01   0.0000000000e+00   5.0291448771e-01   0.0000000000e+00   0.0000000000e+00   3.8126472953e-01
   9.4854275615e+02   1.1582078276e-01   0.0000000000e+00   5.0291448771e-01   0.0000000000e+00   0.0000000000e+00   3.8126472953e-01
   9.4854275615e+02   1.1582078276e-01   0.0000000000e+00   5.0291448771e-01   0.0000000000e+00   0.0000000000e+00   3.8126472953e-01
   9.4854275615e+02   1.1582078276e-01   0.0000000000e+00   5.0291448771e-01   0.0000000000e+00   0.0000000000e+00   3.8126472953e-01
   9.4857870821e+02   1.1583753641e-01   0.0000000000e+00   5.0284258357e-01   0.0000000000e+00   0.0000000000e+00   3.8131988002e-01
   9.4857870821e+02   1.1583753641e-01   0.0000000000e+00   5.0284258357e-01   0.0000000000e+00   0.0000000000e+00   3.8131988002e-01
   9.4857870821e+02   1.1583753641e-01   0.0000000000e+00   5.0284258357e-01   0.0000000000e+00   0.0000000000e+00   3.8131988002e-01
   9.4857870821e+02   1.1583753641e-01   0.0000000000e+00   5.0284258357e-01   0.0000000000e+00   0.0000000000e+00   3.8131988002e-01
   9.4857870821e+02   1.1583753641e-01   0.0000000000e+00   5.0284258357e-01   0.0000000000e+00   0.0000000000e+00   3.8131988002e-01
   9.4857870821e+02   1.1583753641e-01   0.0000000000e+00   5.0284258357e-01   0.0000000000e+00   0.0000000000e+00   3.8131988002e-01
   9.4857870821e+02   1.1583753641e-01   0.0000000000e+00   5.0284258357e-01   0.0000000000e+00   0.0000000000e+00   3.8131988002e-01
   9.4857870821e+02   1.1583753641e-01   0.0000000000e+00   5.0284258357e-01   0.0000000000e+00   0.0000000000e+00   3.8131988002e-01
   9.4868002297e+02   1.1588474903e-01   0.0000000000e+00   5.0263995406e-01   0.0000000000e+00   0.0000000000e+00   3.8147529691e-01
   9.4868002297e+02   1.1588474903e-01   0.0000000000e+00   5.0263995406e-01   0.0000000000e+00   0.0000000000e+00   3.8147529691e-01
   9.4868002297e+02   1.1588474903e-01   0.0000000000e+00   5.0263995406e-01   0.0000000000e+00   0.0000000000e+00   3.8147529691e-01
   9.4868002297e+02   1.1588474903e-01   0.0000000000e+00   5.0263995406e-01   0.0000000000e+00   0.0000000000e+00   3.8147529691e-01
   9.4862614798e+02   1.1585964331e-01   0.0000000000e+00   5.0274770403e-01   0.0000000000e+00   0.0000000000e+00   3.8139265265e-01
   9.4862614798e+02   1.1585964331e-01   0.0000000000e+00   5.0274770403e-01   0.0000000000e+00   0.0000000000e+00   3.8139265265e-01
   9.4862614798e+02   1.1585964331e-01   0.0000000000e+00   5.0274770403e-01   0.0000000000e+00   0.0000000000e+00   3.8139265265e-01
   9.4862614798e+02   1.1585964331e-01   0.0000000000e+00   5.0274770403e-01   0.0000000000e+00   0.0000000000e+00   3.8139265265e-01
   9.4854275615e+02   1.1582078276e-01   0.0000000000e+00   5.0291448771e-01   0.0000000000e+00   0.0000000000e+00   3.8126472953e-01
   9.4854275615e+02   1.1582078276e-01   0.0000000000e+00   5.0291448771e-01   0.0000000000e+00   0.0000000000e+00   3.8126472953e-01
   9.4854275615e+02   1.1582078276e-01   0.0000000000e+00   5.0291448771e-01   0.0000000000e+00   0.0000000000e+00   3.8126472953e-01
   9.4854275615e+02   1.1582078276e-01   0.0000000000e+00   5.0291448771e-01   0.0000000000e+00   0.0000000000e+00   3.8126472953e-01
   9.4854275615e+02   1.1582078276e-01   0.0000000000e+00   5.0291448771e-01   0.0000000000e+00   0.0000000000e+00   3.8126472953e-01
   9.4854275615e+02   1.1582078276e-01   0.0000000000e+00   5.0291448771e-01   0.0000000000e+00   0.0000000000e+00   3.8126472953e-01
   9.4854275615e+02   1.1582078276e-01   0.0000000000e+00   5.0291448771e-01   0.0000000000e+00   0.0000000000e+00   3.8126472953e-01
   9.4854275615e+02   1.1582078276e-01   0.0000000000e+00   5.0291448771e-01   0.0000000000e+00   0.0000000000e+00   3.8126472953e-01
   9.5062858034e+02   1.1679277565e-01   0.0000000000e+00   4.9874283932e-01   0.0000000000e+00   0.0000000000e+00   3.8446438503e-01
   9.5062858034e+02   1.1679277565e-01   0.0000000000e+00   4.9874283932e-01   0.0000000000e+00   0.0000000000e+00   3.8446438503e-01
   9.5062858034e+02   1.1679277565e-01   0.0000000000e+00   4.9874283932e-01   0.0000000000e+00   0.0000000000e+00   3.8446438503e-01
   9.5062858034e+02   1.1679277565e-01   0.0000000000e+00   4.9874283932e-01   0.0000000000e+00   0.0000000000e+00   3.8446438503e-01
   9.5062858034e+02   1.1679277565e-01   0.0000000000e+00   4.9874283932e-01   0.0000000000e+00   0.0000000000e+00   3.8446438503e-01
   9.5062858034e+02   1.1679277565e-01   0.0000000000e+00   4.9874283932e-01   0.0000000000e+00   0.0000000000e+00   3.8446438503e-01
   9.5062858034e+02   1.1679277565e-01   0.0000000000e+00   4.9874283932e-01   0.0000000000e+00   0.0000000000e+00   3.8446438503e-01
   9.5062858034e+02   1.1679277565e-01   0.0000000000e+00   4.9874283932e-01   0.0000000000e+00   0.0000000000e+00   3.8446438503e-01
   9.5002469038e+02   1.1651136327e-01   0.0000000000e+00   4.9995061923e-01   0.0000000000e+00   0.0000000000e+00   3.8353801749e-01
   9.5002469038e+02   1.1651136327e-01   0.0000000000e+00   4.9995061923e-01   0.0000000000e+00   0.0000000000e+00   3.8353801749e-01
   9.5002469038e+02   1.1651136327e-01   0.0000000000e+00   4.9995061923e-01   0.0000000000e+00   0.0000000000e+00   3.8353801749e-01
   9.5002469038e+02   1.1651136327e-01   0.0000000000e+00   4.9995061923e-01   0.0000000000e+00   0.0000000000e+00   3.8353801749e-01
   9.5002469038e+02   1.1651136327e-01   0.0000000000e+00   4.9995061923e-01   0.0000000000e+00   0.0000000000e+00   3.8353801749e-01
   9.5002469038e+02   1.1651136327e-01   0.0000000000e+00   4.9995061923e-01   0.0000000000e+00   0.0000000000e+00   3.8353801749e-01
   9.5002469038e+02   1.1651136327e-01   0.0000000000e+00   4.9995061923e-01   0.0000000000e+00   0.0000000000e+00   3.8353801749e-01
   9.5002469038e+02   1.1651136327e-01   0.0000000000e+00   4.9995061923e-01   0.0000000000e+00   0.0000000000e+00   3.8353801749e-01
   9.5132073730e+02   1.1711532040e-01   0.0000000000e+00   4.9735852541e-01   0.0000000000e+00   0.0000000000e+00   3.8552615419e-01
   9.5132073730e+02   1.1711532040e-01   0.0000000000e+00   4.9735852541e-01   0.0000000000e+00   0.0000000000e+00   3.8552615419e-01
   9.5132073730e+02   1.1711532040e-01   0.0000000000e+00   4.9735852541e-01   0.0000000000e+00   0.0000000000e+00   3.8552615419e-01
   9.5132073730e+02   1.1711532040e-01   0.0000000000e+00   4.9735852541e-01   0.0000000000e+00   0.0000000000e+00   3.8552615419e-01
   9.5132073730e+02   1.1711532040e-01   0.0000000000e+00   4.9735852541e-01   0.0000000000e+00   0.0000000000e+00   3.8552615419e-01
   9.5132073730e+02   1.1711532040e-01   0.0000000000e+00   4.9735852541e-01   0.0000000000e+00   0.0000000000e+00   3.8552615419e-01
   9.5132073730e+02   1.1711532040e-01   0.0000000000e+00   4.9735852541e-01   0.0000000000e+00   0.0000000000e+00   3.8552615419e-01
   9.5132073730e+02   1.1711532040e-01   0.0000000000e+00   4.9735852541e-01   0.0000000000e+00   0.0000000000e+00   3.8552615419e-01
   9.5132073730e+02   1.1711532040e-01   0.0000000000e+00   4.9735852541e-01   0.0000000000e+00   0.0000000000e+00   3.8552615419e-01
   9.5132073730e+02   1.1711532040e-01   0.0000000000e+00   4.9735852541e-01   0.0000000000e+00   0.0000000000e+00   3.8552615419e-01
   9.5132073730e+02   1.1711532040e-01   0.0000000000e+00   4.9735852541e-01   0.0000000000e+00   0.0000000000e+00   3.8552615419e-01
   9.5132073730e+02   1.1711532040e-01   0.0000000000e+00   4.9735852541e-01   0.0000000000e+00   0.0000000000e+00   3.8552615419e-01
   9.5132073730e+02   1.1711532040e-01   0.0000000000e+00   4.9735852541e-01   0.0000000000e+00   0.0000000000e+00   3.8552615419e-01
   9.5132073730e+02   1.1711532040e-01   0.0000000000e+00   4.9735852541e-01   0.0000000000e+00   0.0000000000e+00   3.8552615419e-01
   9.5132073730e+02   1.1711532040e-01   0.0000000000e+00   4.9735852541e-01   0.0000000000e+00   0.0000000000e+00   3.8552615419e-01
   9.5132073730e+02   1.1711532040e-01   0.0000000000e+00   4.9735852541e-01   0.0000000000e+00   0.0000000000e+00   3.8552615419e-01
   9.5026455796e+02   1.1662314143e-01   0.0000000000e+00   4.9947088408e-01   0.0000000000e+00   0.0000000000e+00   3.8390597449e-01
   9.5026455796e+02   1.1662314143e-01   0.0000000000e+00   4.9947088408e-01   0.0000000000e+00   0.0000000000e+00   3.8390597449e-01
   9.5026455796e+02   1.1662314143e-01   0.0000000000e+00   4.9947088408e-01   0.0000000000e+00   0.0000000000e+00   3.8390597449e-01
   9.5026455796e+02   1.1662314143e-01   0.0000000000e+00   4.9947088408e-01   0.0000000000e+00   0.0000000000e+00   3.8390597449e-01
   9.5044015374e+02   1.1670496896e-01   0.0000000000e+00   4.9911969253e-01   0.0000000000e+00   0.0000000000e+00   3.8417533851e-01
   9.5044015374e+02   1.1670496896e-01   0.0000000000e+00   4.9911969253e-01   0.0000000000e+00   0.0000000000e+00   3.8417533851e-01
   9.5044015374e+02   1.1670496896e-01   0.0000000000e+00   4.9911969253e-01   0.0000000000e+00   0.0000000000e+00   3.8417533851e-01
   9.5044015374e+02   1.1670496896e-01   0.0000000000e+00   4.9911969253e-01   0.0000000000e+00   0.0000000000e+00   3.8417533851e-01
   9.5026316995e+02   1.1662249462e-01   0.0000000000e+00   4.9947366010e-01   0.0000000000e+00   0.0000000000e+00   3.8390384528e-01
   9.5026316995e+02   1.1662249462e-01   0.0000000000e+00   4.9947366010e-01   0.0000000000e+00   0.0000000000e+00   3.8390384528e-01
   9.5026316995e+02   1.1662249462e-01   0.0000000000e+00   4.9947366010e-01   0.0000000000e+00   0.0000000000e+00   3.8390384528e-01
   9.5026316995e+02   1.1662249462e-01   0.0000000000e+00   4.9947366010e-01   0.0000000000e+00   0.0000000000e+00   3.8390384528e-01
   9.5044023185e+02   1.1670500536e-01   0.0000000000e+00   4.9911953629e-01   0.0000000000e+00   0.0000000000e+00   3.8417545835e-01
   9.5044023185e+02   1.1670500536e-01   0.0000000000e+00   4.9911953629e-01   0.0000000000e+00   0.0000000000e+00   3.8417545835e-01
   9.5044023185e+02   1.1670500536e-01   0.0000000000e+00   4.9911953629e-01   0.0000000000e+00   0.0000000000e+00   3.8417545835e-01
   9.5044023185e+02   1.1670500536e-01   0.0000000000e+00   4.9911953629e-01   0.0000000000e+00   0.0000000000e+00   3.8417545835e-01
   9.4974513692e+02   1.1638109152e-01   0.0000000000e+00   5.0050972616e-01   0.0000000000e+00   0.0000000000e+00   3.8310918232e-01
   9.4974513692e+02   1.1638109152e-01   0.0000000000e+00   5.0050972616e-01   0.0000000000e+00   0.0000000000e+00   3.8310918232e-01
   9.4974513692e+02   1.1638109152e-01   0.0000000000e+00   5.0050972616e-01   0.0000000000e+00   0.0000000000e+00   3.8310918232e-01
   9.4974513692e+02   1.1638109152e-01   0.0000000000e+00   5.0050972616e-01   0.0000000000e+00   0.0000000000e+00   3.8310918232e-01
   9.4972910907e+02   1.1637362255e-01   0.0000000000e+00   5.0054178186e-01   0.0000000000e+00   0.0000000000e+00   3.8308459559e-01
   9.4972910907e+02   1.1637362255e-01   0.0000000000e+00   5.0054178186e-01   0.0000000000e+00   0.0000000000e+00   3.8308459559e-01
   9.4972910907e+02   1.1637362255e-01   0.0000000000e+00   5.0054178186e-01   0.0000000000e+00   0.0000000000e+00   3.8308459559e-01
   9.4972910907e+02   1.1637362255e-01   0.0000000000e+00   5.0054178186e-01   0.0000000000e+00   0.0000000000e+00   3.8308459559e-01
   9.4972910907e+02   1.1637362255e-01   0.0000000000e+00   5.0054178186e-01   0.0000000000e+00   0.0000000000e+00   3.8308459559e-01
   9.4972910907e+02   1.1637362255e-01   0.0000000000e+00   5.0054178186e-01   0.0000000000e+00   0.0000000000e+00   3.8308459559e-01
   9.4972910907e+02   1.1637362255e-01   0.0000000000e+00   5.0054178186e-01   0.0000000000e+00   0.0000000000e+00   3.8308459559e-01
   9.4972910907e+02   1.1637362255e-01   0.0000000000e+00   5.0054178186e-01   0.0000000000e+00   0.0000000000e+00   3.8308459559e-01
   9.4974513692e+02   1.1638109152e-01   0.0000000000e+00   5.0050972616e-01   0.0000000000e+00   0.0000000000e+00   3.8310918232e-01
   9.4974513692e+02   1.1638109152e-01   0.0000000000e+00   5.0050972616e-01   0.0000000000e+00   0.0000000000e+00   3.8310918232e-01
   9.4974513692e+02   1.1638109152e-01   0.0000000000e+00   5.0050972616e-01   0.0000000000e+00   0.0000000000e+00   3.8310918232e-01
   9.4974513692e+02   1.1638109152e-01   0.0000000000e+00   5.0050972616e-01   0.0000000000e+00   0.0000000000e+00   3.8310918232e-01
   9.5139111495e+02   1.1714811635e-01   0.0000000000e+00   4.9721777009e-01   0.0000000000e+00   0.0000000000e+00   3.8563411356e-01
   9.5139111495e+02   1.1714811635e-01   0.0000000000e+00   4.9721777009e-01   0.0000000000e+00   0.0000000000e+00   3.8563411356e-01
   9.5139111495e+02   1.1714811635e-01   0.0000000000e+00   4.9721777009e-01   0.0000000000e+00   0.0000000000e+00   3.8563411356e-01
   9.5139111495e+02   1.1714811635e-01   0.0000000000e+00   4.9721777009e-01   0.0000000000e+00   0.0000000000e+00   3.8563411356e-01
   9.5132425524e+02   1.1711695976e-01   0.0000000000e+00   4.9735148951e-01   0.0000000000e+00   0.0000000000e+00   3.8553155073e-01
   9.5132425524e+02   1.1711695976e-01   0.0000000000e+00   4.9735148951e-01   0.0000000000e+00   0.0000000000e+00   3.8553155073e-01
   9.5132425524e+02   1.1711695976e-01   0.0000000000e+00   4.9735148951e-01   0.0000000000e+00   0.0000000000e+00   3.8553155073e-01
   9.5132425524e+02   1.1711695976e-01   0.0000000000e+00   4.9735148951e-01   0.0000000000e+00   0.0000000000e+00   3.8553155073e-01
   9.5139111495e+02   1.1714811635e-01   0.0000000000e+00   4.9721777009e-01   0.0000000000e+00   0.0000000000e+00   3.8563411356e-01
   9.5139111495e+02   1.1714811635e-01   0.0000000000e+00   4.9721777009e-01   0.0000000000e+00   0.0000000000e+00   3.8563411356e-01
   9.5136157882e+02   1.1713435252e-01   0.0000000000e+00   4.9727684236e-01   0.0000000000e+00   0.0000000000e+00   3.8558880511e-01
   9.5136157882e+02   1.1713435252e-01   0.0000000000e+00   4.9727684236e-01   0.0000000000e+00   0.0000000000e+00   3.8558880511e-01
   9.5139111495e+02   1.1714811635e-01   0.0000000000e+00   4.9721777009e-01   0.0000000000e+00   0.0000000000e+00   3.8563411356e-01
   9.5139111495e+02   1.1714811635e-01   0.0000000000e+00   4.9721777009e-01   0.0000000000e+00   0.0000000000e+00   3.8563411356e-01
   9.5128693167e+02   1.1709956699e-01   0.0000000000e+00   4.9742613666e-01   0.0000000000e+00   0.0000000000e+00   3.8547429634e-01
   9.5128693167e+02   1.1709956699e-01   0.0000000000e+00   4.9742613666e-01   0.0000000000e+00   0.0000000000e+00   3.8547429634e-01
   9.5133681219e+02   1.1712281129e-01   0.0000000000e+00   4.9732637563e-01   0.0000000000e+00   0.0000000000e+00   3.8555081309e-01
   9.5133681219e+02   1.1712281129e-01   0.0000000000e+00   4.9732637563e-01   0.0000000000e+00   0.0000000000e+00   3.8555081309e-01
   9.5133681219e+02   1.1712281129e-01   0.0000000000e+00   4.9732637563e-01   0.0000000000e+00   0.0000000000e+00   3.8555081309e-01
   9.5133681219e+02   1.1712281129e-01   0.0000000000e+00   4.9732637563e-01   0.0000000000e+00   0.0000000000e+00   3.8555081309e-01
   9.5133681219e+02   1.1712281129e-01   0.0000000000e+00   4.9732637563e-01   0.0000000000e+00   0.0000000000e+00   3.8555081309e-01
   9.5133681219e+02   1.1712281129e-01   0.0000000000e+00   4.9732637563e-01   0.0000000000e+00   0.0000000000e+00   3.8555081309e-01
   9.5133681219e+02   1.1712281129e-01   0.0000000000e+00   4.9732637563e-01   0.0000000000e+00   0.0000000000e+00   3.8555081309e-01
   9.5133681219e+02   1.1712281129e-01   0.0000000000e+00   4.9732637563e-01   0.0000000000e+00   0.0000000000e+00   3.8555081309e-01
   9.5143155063e+02   1.1716695935e-01   0.0000000000e+00   4.9713689873e-01   0.0000000000e+00   0.0000000000e+00   3.8569614192e-01
   9.5143155063e+02   1.1716695935e-01   0.0000000000e+00   4.9713689873e-01   0.0000000000e+00   0.0000000000e+00   3.8569614192e-01
   9.5142532642e+02   1.1716405887e-01   0.0000000000e+00   4.9714934716e-01   0.0000000000e+00   0.0000000000e+00   3.8568659397e-01
   9.5142532642e+02   1.1716405887e-01   0.0000000000e+00   4.9714934716e-01   0.0000000000e+00   0.0000000000e+00   3.8568659397e-01
   9.5142532642e+02   1.1716405887e-01   0.0000000000e+00   4.9714934716e-01   0.0000000000e+00   0.0000000000e+00   3.8568659397e-01
   9.5142532642e+02   1.1716405887e-01   0.0000000000e+00   4.9714934716e-01   0.0000000000e+00   0.0000000000e+00   3.8568659397e-01
   9.5143155063e+02   1.1716695935e-01   0.0000000000e+00   4.9713689873e-01   0.0000000000e+00   0.0000000000e+00   3.8569614192e-01
   9.5143155063e+02   1.1716695935e-01   0.0000000000e+00   4.9713689873e-01   0.0000000000e+00   0.0000000000e+00   3.8569614192e-01
   9.5138470863e+02   1.1714513100e-01   0.0000000000e+00   4.9723058274e-01   0.0000000000e+00   0.0000000000e+00   3.8562428626e-01
   9.5138470863e+02   1.1714513100e-01   0.0000000000e+00   4.9723058274e-01   0.0000000000e+00   0.0000000000e+00   3.8562428626e-01
   9.5138470863e+02   1.1714513100e-01   0.0000000000e+00   4.9723058274e-01   0.0000000000e+00   0.0000000000e+00   3.8562428626e-01
   9.5138470863e+02   1.1714513100e-01   0.0000000000e+00   4.9723058274e-01   0.0000000000e+00   0.0000000000e+00   3.8562428626e-01
   9.5132734190e+02   1.1711839814e-01   0.0000000000e+00   4.9734531621e-01   0.0000000000e+00   0.0000000000e+00   3.8553628565e-01
   9.5132734190e+02   1.1711839814e-01   0.0000000000e+00   4.9734531621e-01   0.0000000000e+00   0.0000000000e+00   3.8553628565e-01
   9.5132734190e+02   1.1711839814e-01   0.0000000000e+00   4.9734531621e-01   0.0000000000e+00   0.0000000000e+00   3.8553628565e-01
   9.5132734190e+02   1.1711839814e-01   0.0000000000e+00   4.9734531621e-01   0.0000000000e+00   0.0000000000e+00   3.8553628565e-01
   9.5133843444e+02   1.1712356726e-01   0.0000000000e+00   4.9732313111e-01   0.0000000000e+00   0.0000000000e+00   3.8555330163e-01
   9.5133843444e+02   1.1712356726e-01   0.0000000000e+00   4.9732313111e-01   0.0000000000e+00   0.0000000000e+00   3.8555330163e-01
   9.5145999032e+02   1.1718021223e-01   0.0000000000e+00   4.9708001936e-01   0.0000000000e+00   0.0000000000e+00   3.8573976841e-01
   9.5145999032e+02   1.1718021223e-01   0.0000000000e+00   4.9708001936e-01   0.0000000000e+00   0.0000000000e+00   3.8573976841e-01
   9.5133843444e+02   1.1712356726e-01   0.0000000000e+00   4.9732313111e-01   0.0000000000e+00   0.0000000000e+00   3.8555330163e-01
   9.5133843444e+02   1.1712356726e-01   0.0000000000e+00   4.9732313111e-01   0.0000000000e+00   0.0000000000e+00   3.8555330163e-01
   9.5121687857e+02   1.1706692229e-01   0.0000000000e+00   4.9756624286e-01   0.0000000000e+00   0.0000000000e+00   3.8536683485e-01
   9.5121687857e+02   1.1706692229e-01   0.0000000000e+00   4.9756624286e-01   0.0000000000e+00   0.0000000000e+00   3.8536683485e-01
   9.5125651992e+02   1.1708539514e-01   0.0000000000e+00   4.9748696016e-01   0.0000000000e+00   0.0000000000e+00   3.8542764471e-01
   9.5125651992e+02   1.1708539514e-01   0.0000000000e+00   4.9748696016e-01   0.0000000000e+00   0.0000000000e+00   3.8542764471e-01
   9.5125651992e+02   1.1708539514e-01   0.0000000000e+00   4.9748696016e-01   0.0000000000e+00   0.0000000000e+00   3.8542764471e-01
   9.5125651992e+02   1.1708539514e-01   0.0000000000e+00   4.9748696016e-01   0.0000000000e+00   0.0000000000e+00   3.8542764471e-01
   9.5129865853e+02   1.1710503170e-01   0.0000000000e+00   4.9740268294e-01   0.0000000000e+00   0.0000000000e+00   3.8549228535e-01
   9.5129865853e+02   1.1710503170e-01   0.0000000000e+00   4.9740268294e-01   0.0000000000e+00   0.0000000000e+00   3.8549228535e-01
   9.5129865853e+02   1.1710503170e-01   0.0000000000e+00   4.9740268294e-01   0.0000000000e+00   0.0000000000e+00   3.8549228535e-01
   9.5129865853e+02   1.1710503170e-01   0.0000000000e+00   4.9740268294e-01   0.0000000000e+00   0.0000000000e+00   3.8549228535e-01
   9.5125651992e+02   1.1708539514e-01   0.0000000000e+00   4.9748696016e-01   0.0000000000e+00   0.0000000000e+00   3.8542764471e-01
   9.5125651992e+02   1.1708539514e-01   0.0000000000e+00   4.9748696016e-01   0.0000000000e+00   0.0000000000e+00   3.8542764471e-01
   9.5125651992e+02   1.1708539514e-01   0.0000000000e+00   4.9748696016e-01   0.0000000000e+00   0.0000000000e+00   3.8542764471e-01
   9.5125651992e+02   1.1708539514e-01   0.0000000000e+00   4.9748696016e-01   0.0000000000e+00   0.0000000000e+00   3.8542764471e-01
   9.5132911478e+02   1.1711922430e-01   0.0000000000e+00   4.9734177044e-01   0.0000000000e+00   0.0000000000e+00   3.8553900526e-01
   9.5132911478e+02   1.1711922430e-01   0.0000000000e+00   4.9734177044e-01   0.0000000000e+00   0.0000000000e+00   3.8553900526e-01
   9.5132911478e+02   1.1711922430e-01   0.0000000000e+00   4.9734177044e-01   0.0000000000e+00   0.0000000000e+00   3.8553900526e-01
   9.5132911478e+02   1.1711922430e-01   0.0000000000e+00   4.9734177044e-01   0.0000000000e+00   0.0000000000e+00   3.8553900526e-01