# time = 70.7695
# Grid Poins = 256    variable_0    variable_1    variable_2    variable_3    variable_4    variable_5    variable_6
   9.4999999355e+02   1.1649985457e-01   0.0000000000e+00   5.0000001289e-01   0.0000000000e+00   0.0000000000e+00   3.8350013254e-01
   9.4999999355e+02   1.1649985457e-01   0.0000000000e+00   5.0000001289e-01   0.0000000000e+00   0.0000000000e+00   3.8350013254e-01
   9.4999999355e+02   1.1649985457e-01   0.0000000000e+00   5.0000001289e-01   0.0000000000e+00   0.0000000000e+00   3.8350013254e-01
   9.4999999355e+02   1.1649985457e-01   0.0000000000e+00   5.0000001289e-01   0.0000000000e+00   0.0000000000e+00   3.8350013254e-01
   9.4999880019e+02   1.1649929846e-01   0.0000000000e+00   5.0000239962e-01   0.0000000000e+00   0.0000000000e+00   3.8349830192e-01
   9.4999880019e+02   1.1649929846e-01   0.0000000000e+00   5.0000239962e-01   0.0000000000e+00   0.0000000000e+00   3.8349830192e-01
   9.4999880019e+02   1.1649929846e-01   0.0000000000e+00   5.0000239962e-01   0.0000000000e+00   0.0000000000e+00   3.8349830192e-01
   9.4999880019e+02   1.1649929846e-01   0.0000000000e+00   5.0000239962e-01   0.0000000000e+00   0.0000000000e+00   3.8349830192e-01
   9.5000083407e+02   1.1650024625e-01   0.0000000000e+00   4.9999833186e-01   0.0000000000e+00   0.0000000000e+00   3.8350142190e-01
   9.5000083407e+02   1.1650024625e-01   0.0000000000e+00   4.9999833186e-01   0.0000000000e+00   0.0000000000e+00   3.8350142190e-01
   9.5000083407e+02   1.1650024625e-01   0.0000000000e+00   4.9999833186e-01   0.0000000000e+00   0.0000000000e+00   3.8350142190e-01
   9.5000083407e+02   1.1650024625e-01   0.0000000000e+00   4.9999833186e-01   0.0000000000e+00   0.0000000000e+00   3.8350142190e-01
   9.5000083407e+02   1.1650024625e-01   0.0000000000e+00   4.9999833186e-01   0.0000000000e+00   0.0000000000e+00   3.8350142190e-01
   9.5000083407e+02   1.1650024625e-01   0.0000000000e+00   4.9999833186e-01   0.0000000000e+00   0.0000000000e+00   3.8350142190e-01
   9.5000083407e+02   1.1650024625e-01   0.0000000000e+00   4.9999833186e-01   0.0000000000e+00   0.0000000000e+00   3.8350142190e-01
   9.5000083407e+02   1.1650024625e-01   0.0000000000e+00   4.9999833186e-01   0.0000000000e+00   0.0000000000e+00   3.8350142190e-01
   9.4999993222e+02   1.1649982598e-01   0.0000000000e+00   5.0000013556e-01   0.0000000000e+00   0.0000000000e+00   3.8350003845e-01
   9.4999993222e+02   1.1649982598e-01   0.0000000000e+00   5.0000013556e-01   0.0000000000e+00   0.0000000000e+00   3.8350003845e-01
   9.4999993222e+02   1.1649982598e-01   0.0000000000e+00   5.0000013556e-01   0.0000000000e+00   0.0000000000e+00   3.8350003845e-01
   9.4999993222e+02   1.1649982598e-01   0.0000000000e+00   5.0000013556e-01   0.0000000000e+00   0.0000000000e+00   3.8350003845e-01
   9.4999880019e+02   1.1649929846e-01   0.0000000000e+00   5.0000239962e-01   0.0000000000e+00   0.0000000000e+00   3.8349830192e-01
   9.4999880019e+02   1.1649929846e-01   0.0000000000e+00   5.0000239962e-01   0.0000000000e+00   0.0000000000e+00   3.8349830192e-01
   9.4999880019e+02   1.1649929846e-01   0.0000000000e+00   5.0000239962e-01   0.0000000000e+00   0.0000000000e+00   3.8349830192e-01
   9.4999880019e+02   1.1649929846e-01   0.0000000000e+00   5.0000239962e-01   0.0000000000e+00   0.0000000000e+00   3.8349830192e-01
   9.5000002422e+02   1.1649986886e-01   0.0000000000e+00   4.9999995155e-01   0.0000000000e+00   0.0000000000e+00   3.8350017959e-01
   9.5000002422e+02   1.1649986886e-01   0.0000000000e+00   4.9999995155e-01   0.0000000000e+00   0.0000000000e+00   3.8350017959e-01
   9.5000002422e+02   1.1649986886e-01   0.0000000000e+00   4.9999995155e-01   0.0000000000e+00   0.0000000000e+00   3.8350017959e-01
   9.5000002422e+02   1.1649986886e-01   0.0000000000e+00   4.9999995155e-01   0.0000000000e+00   0.0000000000e+00   3.8350017959e-01
   9.5000164392e+02   1.1650062364e-01   0.0000000000e+00   4.9999671216e-01   0.0000000000e+00   0.0000000000e+00   3.8350266421e-01
   9.5000164392e+02   1.1650062364e-01   0.0000000000e+00   4.9999671216e-01   0.0000000000e+00   0.0000000000e+00   3.8350266421e-01
   9.5000164392e+02   1.1650062364e-01   0.0000000000e+00   4.9999671216e-01   0.0000000000e+00   0.0000000000e+00   3.8350266421e-01
   9.5000164392e+02   1.1650062364e-01   0.0000000000e+00   4.9999671216e-01   0.0000000000e+00   0.0000000000e+00   3.8350266421e-01
   9.5000046452e+02   1.1650007403e-01   0.0000000000e+00   4.9999907097e-01   0.0000000000e+00   0.0000000000e+00   3.8350085500e-01
   9.5000046452e+02   1.1650007403e-01   0.0000000000e+00   4.9999907097e-01   0.0000000000e+00   0.0000000000e+00   3.8350085500e-01
   9.5000046452e+02   1.1650007403e-01   0.0000000000e+00   4.9999907097e-01   0.0000000000e+00   0.0000000000e+00   3.8350085500e-01
   9.5000046452e+02   1.1650007403e-01   0.0000000000e+00   4.9999907097e-01   0.0000000000e+00   0.0000000000e+00   3.8350085500e-01
   9.5000016749e+02   1.1649993562e-01   0.0000000000e+00   4.9999966501e-01   0.0000000000e+00   0.0000000000e+00   3.8350039936e-01
   9.5000016749e+02   1.1649993562e-01   0.0000000000e+00   4.9999966501e-01   0.0000000000e+00   0.0000000000e+00   3.8350039936e-01
   9.5000016749e+02   1.1649993562e-01   0.0000000000e+00   4.9999966501e-01   0.0000000000e+00   0.0000000000e+00   3.8350039936e-01
   9.5000016749e+02   1.1649993562e-01   0.0000000000e+00   4.9999966501e-01   0.0000000000e+00   0.0000000000e+00   3.8350039936e-01
   9.4999986131e+02   1.1649979294e-01   0.0000000000e+00   5.0000027739e-01   0.0000000000e+00   0.0000000000e+00   3.8349992967e-01
   9.4999986131e+02   1.1649979294e-01   0.0000000000e+00   5.0000027739e-01   0.0000000000e+00   0.0000000000e+00   3.8349992967e-01
   9.4999986131e+02   1.1649979294e-01   0.0000000000e+00   5.0000027739e-01   0.0000000000e+00   0.0000000000e+00   3.8349992967e-01
   9.4999986131e+02   1.1649979294e-01   0.0000000000e+00   5.0000027739e-01   0.0000000000e+00   0.0000000000e+00   3.8349992967e-01
   9.5000137391e+02   1.1650049781e-01   0.0000000000e+00   4.9999725217e-01   0.0000000000e+00   0.0000000000e+00   3.8350225001e-01
   9.5000137391e+02   1.1650049781e-01   0.0000000000e+00   4.9999725217e-01   0.0000000000e+00   0.0000000000e+00   3.8350225001e-01
   9.5000137391e+02   1.1650049781e-01   0.0000000000e+00   4.9999725217e-01   0.0000000000e+00   0.0000000000e+00   3.8350225001e-01
   9.5000137391e+02   1.1650049781e-01   0.0000000000e+00   4.9999725217e-01   0.0000000000e+00   0.0000000000e+00   3.8350225001e-01
   9.5000137391e+02   1.1650049781e-01   0.0000000000e+00   4.9999725217e-01   0.0000000000e+00   0.0000000000e+00   3.8350225001e-01
   9.5000137391e+02   1.1650049781e-01   0.0000000000e+00   4.9999725217e-01   0.0000000000e+00   0.0000000000e+00   3.8350225001e-01
   9.5000137391e+02   1.1650049781e-01   0.0000000000e+00   4.9999725217e-01   0.0000000000e+00   0.0000000000e+00   3.8350225001e-01
   9.5000137391e+02   1.1650049781e-01   0.0000000000e+00   4.9999725217e-01   0.0000000000e+00   0.0000000000e+00   3.8350225001e-01
   9.5000015833e+02   1.1649993135e-01   0.0000000000e+00   4.9999968334e-01   0.0000000000e+00   0.0000000000e+00   3.8350038531e-01
   9.5000015833e+02   1.1649993135e-01   0.0000000000e+00   4.9999968334e-01   0.0000000000e+00   0.0000000000e+00   3.8350038531e-01
   9.5000015833e+02   1.1649993135e-01   0.0000000000e+00   4.9999968334e-01   0.0000000000e+00   0.0000000000e+00   3.8350038531e-01
   9.5000015833e+02   1.1649993135e-01   0.0000000000e+00   4.9999968334e-01   0.0000000000e+00   0.0000000000e+00   3.8350038531e-01
   9.4999897526e+02   1.1649938004e-01   0.0000000000e+00   5.0000204947e-01   0.0000000000e+00   0.0000000000e+00   3.8349857049e-01
   9.4999897526e+02   1.1649938004e-01   0.0000000000e+00   5.0000204947e-01   0.0000000000e+00   0.0000000000e+00   3.8349857049e-01
   9.4999897526e+02   1.1649938004e-01   0.0000000000e+00   5.0000204947e-01   0.0000000000e+00   0.0000000000e+00   3.8349857049e-01
   9.4999897526e+02   1.1649938004e-01   0.0000000000e+00   5.0000204947e-01   0.0000000000e+00   0.0000000000e+00   3.8349857049e-01
   9.5000137391e+02   1.1650049781e-01   0.0000000000e+00   4.9999725217e-01   0.0000000000e+00   0.0000000000e+00   3.8350225001e-01
   9.5000137391e+02   1.1650049781e-01   0.0000000000e+00   4.9999725217e-01   0.0000000000e+00   0.0000000000e+00   3.8350225001e-01
   9.5000137391e+02   1.1650049781e-01   0.0000000000e+00   4.9999725217e-01   0.0000000000e+00   0.0000000000e+00   3.8350225001e-01
   9.5000137391e+02   1.1650049781e-01   0.0000000000e+00   4.9999725217e-01   0.0000000000e+00   0.0000000000e+00   3.8350225001e-01
   9.4999975098e+02   1.1649974153e-01   0.0000000000e+00   5.0000049803e-01   0.0000000000e+00   0.0000000000e+00   3.8349976044e-01
   9.4999975098e+02   1.1649974153e-01   0.0000000000e+00   5.0000049803e-01   0.0000000000e+00   0.0000000000e+00   3.8349976044e-01
   9.4999975098e+02   1.1649974153e-01   0.0000000000e+00   5.0000049803e-01   0.0000000000e+00   0.0000000000e+00   3.8349976044e-01
   9.4999975098e+02   1.1649974153e-01   0.0000000000e+00   5.0000049803e-01   0.0000000000e+00   0.0000000000e+00   3.8349976044e-01
   9.4999966241e+02   1.1649970025e-01   0.0000000000e+00   5.0000067519e-01   0.0000000000e+00   0.0000000000e+00   3.8349962456e-01
   9.4999966241e+02   1.1649970025e-01   0.0000000000e+00   5.0000067519e-01   0.0000000000e+00   0.0000000000e+00   3.8349962456e-01
   9.4999972146e+02   1.1649972777e-01   0.0000000000e+00   5.0000055708e-01   0.0000000000e+00   0.0000000000e+00   3.8349971515e-01
   9.4999972146e+02   1.1649972777e-01   0.0000000000e+00   5.0000055708e-01   0.0000000000e+00   0.0000000000e+00   3.8349971515e-01
   9.4999977637e+02   1.1649975336e-01   0.0000000000e+00   5.0000044726e-01   0.0000000000e+00   0.0000000000e+00   3.8349979938e-01
   9.4999977637e+02   1.1649975336e-01   0.0000000000e+00   5.0000044726e-01   0.0000000000e+00   0.0000000000e+00   3.8349979938e-01
   9.4999977637e+02   1.1649975336e-01   0.0000000000e+00   5.0000044726e-01   0.0000000000e+00   0.0000000000e+00   3.8349979938e-01
   9.4999977637e+02   1.1649975336e-01   0.0000000000e+00   5.0000044726e-01   0.0000000000e+00   0.0000000000e+00   3.8349979938e-01
   9.4999966241e+02   1.1649970025e-01   0.0000000000e+00   5.0000067519e-01   0.0000000000e+00   0.0000000000e+00   3.8349962456e-01
   9.4999966241e+02   1.1649970025e-01   0.0000000000e+00   5.0000067519e-01   0.0000000000e+00   0.0000000000e+00   3.8349962456e-01
   9.4999966241e+02   1.1649970025e-01   0.0000000000e+00   5.0000067519e-01   0.0000000000e+00   0.0000000000e+00   3.8349962456e-01
   9.4999966241e+02   1.1649970025e-01   0.0000000000e+00   5.0000067519e-01   0.0000000000e+00   0.0000000000e+00   3.8349962456e-01
   9.4999978396e+02   1.1649975690e-01   0.0000000000e+00   5.0000043208e-01   0.0000000000e+00   0.0000000000e+00   3.8349981102e-01
   9.4999978396e+02   1.1649975690e-01   0.0000000000e+00   5.0000043208e-01   0.0000000000e+00   0.0000000000e+00   3.8349981102e-01
   9.4999978396e+02   1.1649975690e-01   0.0000000000e+00   5.0000043208e-01   0.0000000000e+00   0.0000000000e+00   3.8349981102e-01
   9.4999978396e+02   1.1649975690e-01   0.0000000000e+00   5.0000043208e-01   0.0000000000e+00   0.0000000000e+00   3.8349981102e-01
   9.4999977844e+02   1.1649975432e-01   0.0000000000e+00   5.0000044312e-01   0.0000000000e+00   0.0000000000e+00   3.8349980256e-01
   9.4999977844e+02   1.1649975432e-01   0.0000000000e+00   5.0000044312e-01   0.0000000000e+00   0.0000000000e+00   3.8349980256e-01
   9.4999977844e+02   1.1649975432e-01   0.0000000000e+00   5.0000044312e-01   0.0000000000e+00   0.0000000000e+00   3.8349980256e-01
   9.4999977844e+02   1.1649975432e-01   0.0000000000e+00   5.0000044312e-01   0.0000000000e+00   0.0000000000e+00   3.8349980256e-01
   9.4999978396e+02   1.1649975690e-01   0.0000000000e+00   5.0000043208e-01   0.0000000000e+00   0.0000000000e+00   3.8349981102e-01
   9.4999978396e+02   1.1649975690e-01   0.0000000000e+00   5.0000043208e-01   0.0000000000e+00   0.0000000000e+00   3.8349981102e-01
   9.4999978396e+02   1.1649975690e-01   0.0000000000e+00   5.0000043208e-01   0.0000000000e+00   0.0000000000e+00   3.8349981102e-01
   9.4999978396e+02   1.1649975690e-01   0.0000000000e+00   5.0000043208e-01   0.0000000000e+00   0.0000000000e+00   3.8349981102e-01
   9.4999977844e+02   1.1649975432e-01   0.0000000000e+00   5.0000044312e-01   0.0000000000e+00   0.0000000000e+00   3.8349980256e-01
   9.4999977844e+02   1.1649975432e-01   0.0000000000e+00   5.0000044312e-01   0.0000000000e+00   0.0000000000e+00   3.8349980256e-01
   9.4999977844e+02   1.1649975432e-01   0.0000000000e+00   5.0000044312e-01   0.0000000000e+00   0.0000000000e+00   3.8349980256e-01
   9.4999977844e+02   1.1649975432e-01   0.0000000000e+00   5.0000044312e-01   0.0000000000e+00   0.0000000000e+00   3.8349980256e-01
   9.5000021103e+02   1.1649995591e-01   0.0000000000e+00   4.9999957794e-01   0.0000000000e+00   0.0000000000e+00   3.8350046615e-01
   9.5000021103e+02   1.1649995591e-01   0.0000000000e+00   4.9999957794e-01   0.0000000000e+00   0.0000000000e+00   3.8350046615e-01
   9.4999956744e+02   1.1649965600e-01   0.0000000000e+00   5.0000086512e-01   0.0000000000e+00   0.0000000000e+00   3.8349947888e-01
   9.4999956744e+02   1.1649965600e-01   0.0000000000e+00   5.0000086512e-01   0.0000000000e+00   0.0000000000e+00   3.8349947888e-01
   9.4999988924e+02   1.1649980595e-01   0.0000000000e+00   5.0000022153e-01   0.0000000000e+00   0.0000000000e+00   3.8349997252e-01
   9.4999988924e+02   1.1649980595e-01   0.0000000000e+00   5.0000022153e-01   0.0000000000e+00   0.0000000000e+00   3.8349997252e-01
   9.4999988924e+02   1.1649980595e-01   0.0000000000e+00   5.0000022153e-01   0.0000000000e+00   0.0000000000e+00   3.8349997252e-01
   9.4999988924e+02   1.1649980595e-01   0.0000000000e+00   5.0000022153e-01   0.0000000000e+00   0.0000000000e+00   3.8349997252e-01
   9.4999993419e+02   1.1649982690e-01   0.0000000000e+00   5.0000013163e-01   0.0000000000e+00   0.0000000000e+00   3.8350004147e-01
   9.4999993419e+02   1.1649982690e-01   0.0000000000e+00   5.0000013163e-01   0.0000000000e+00   0.0000000000e+00   3.8350004147e-01
   9.4999993419e+02   1.1649982690e-01   0.0000000000e+00   5.0000013163e-01   0.0000000000e+00   0.0000000000e+00   3.8350004147e-01
   9.4999993419e+02   1.1649982690e-01   0.0000000000e+00   5.0000013163e-01   0.0000000000e+00   0.0000000000e+00   3.8350004147e-01
   9.4999993419e+02   1.1649982690e-01   0.0000000000e+00   5.0000013163e-01   0.0000000000e+00   0.0000000000e+00   3.8350004147e-01
   9.4999993419e+02   1.1649982690e-01   0.0000000000e+00   5.0000013163e-01   0.0000000000e+00   0.0000000000e+00   3.8350004147e-01
   9.4999993419e+02   1.1649982690e-01   0.0000000000e+00   5.0000013163e-01   0.0000000000e+00   0.0000000000e+00   3.8350004147e-01
   9.4999993419e+02   1.1649982690e-01   0.0000000000e+00   5.0000013163e-01   0.0000000000e+00   0.0000000000e+00   3.8350004147e-01
   9.4999993419e+02   1.1649982690e-01   0.0000000000e+00   5.0000013163e-01   0.0000000000e+00   0.0000000000e+00   3.8350004147e-01
   9.4999993419e+02   1.1649982690e-01   0.0000000000e+00   5.0000013163e-01   0.0000000000e+00   0.0000000000e+00   3.8350004147e-01
   9.4999993419e+02   1.1649982690e-01   0.0000000000e+00   5.0000013163e-01   0.0000000000e+00   0.0000000000e+00   3.8350004147e-01
   9.4999993419e+02   1.1649982690e-01   0.0000000000e+00   5.0000013163e-01   0.0000000000e+00   0.0000000000e+00   3.8350004147e-01
   9.4999993419e+02   1.1649982690e-01   0.0000000000e+00   5.0000013163e-01   0.0000000000e+00   0.0000000000e+00   3.8350004147e-01
   9.4999993419e+02   1.1649982690e-01   0.0000000000e+00   5.0000013163e-01   0.0000000000e+00   0.0000000000e+00   3.8350004147e-01
   9.4999993419e+02   1.1649982690e-01   0.0000000000e+00   5.0000013163e-01   0.0000000000e+00   0.0000000000e+00   3.8350004147e-01
   9.4999993419e+02   1.1649982690e-01   0.0000000000e+00   5.0000013163e-01   0.0000000000e+00   0.0000000000e+00   3.8350004147e-01
   9.4999924564e+02   1.1649950604e-01   0.0000000000e+00   5.0000150871e-01   0.0000000000e+00   0.0000000000e+00   3.8349898525e-01
   9.4999924564e+02   1.1649950604e-01   0.0000000000e+00   5.0000150871e-01   0.0000000000e+00   0.0000000000e+00   3.8349898525e-01
   9.4999924564e+02   1.1649950604e-01   0.0000000000e+00   5.0000150871e-01   0.0000000000e+00   0.0000000000e+00   3.8349898525e-01
   9.4999924564e+02   1.1649950604e-01   0.0000000000e+00   5.0000150871e-01   0.0000000000e+00   0.0000000000e+00   3.8349898525e-01
   9.4999924564e+02   1.1649950604e-01   0.0000000000e+00   5.0000150871e-01   0.0000000000e+00   0.0000000000e+00   3.8349898525e-01
   9.4999924564e+02   1.1649950604e-01   0.0000000000e+00   5.0000150871e-01   0.0000000000e+00   0.0000000000e+00   3.8349898525e-01
   9.4999924564e+02   1.1649950604e-01   0.0000000000e+00   5.0000150871e-01   0.0000000000e+00   0.0000000000e+00   3.8349898525e-01
   9.4999924564e+02   1.1649950604e-01   0.0000000000e+00   5.0000150871e-01   0.0000000000e+00   0.0000000000e+00   3.8349898525e-01
   9.4999919712e+02   1.1649948343e-01   0.0000000000e+00   5.0000160575e-01   0.0000000000e+00   0.0000000000e+00   3.8349891082e-01
   9.4999919712e+02   1.1649948343e-01   0.0000000000e+00   5.0000160575e-01   0.0000000000e+00   0.0000000000e+00   3.8349891082e-01
   9.4999938249e+02   1.1649956981e-01   0.0000000000e+00   5.0000123502e-01   0.0000000000e+00   0.0000000000e+00   3.8349919517e-01
   9.4999938249e+02   1.1649956981e-01   0.0000000000e+00   5.0000123502e-01   0.0000000000e+00   0.0000000000e+00   3.8349919517e-01
   9.4999919712e+02   1.1649948343e-01   0.0000000000e+00   5.0000160575e-01   0.0000000000e+00   0.0000000000e+00   3.8349891082e-01
   9.4999919712e+02   1.1649948343e-01   0.0000000000e+00   5.0000160575e-01   0.0000000000e+00   0.0000000000e+00   3.8349891082e-01
   9.4999975322e+02   1.1649974257e-01   0.0000000000e+00   5.0000049356e-01   0.0000000000e+00   0.0000000000e+00   3.8349976387e-01
   9.4999975322e+02   1.1649974257e-01   0.0000000000e+00   5.0000049356e-01   0.0000000000e+00   0.0000000000e+00   3.8349976387e-01
   9.5000012395e+02   1.1649991533e-01   0.0000000000e+00   4.9999975210e-01   0.0000000000e+00   0.0000000000e+00   3.8350033257e-01
   9.5000012395e+02   1.1649991533e-01   0.0000000000e+00   4.9999975210e-01   0.0000000000e+00   0.0000000000e+00   3.8350033257e-01
   9.5000012395e+02   1.1649991533e-01   0.0000000000e+00   4.9999975210e-01   0.0000000000e+00   0.0000000000e+00   3.8350033257e-01
   9.5000012395e+02   1.1649991533e-01   0.0000000000e+00   4.9999975210e-01   0.0000000000e+00   0.0000000000e+00   3.8350033257e-01
   9.5000012395e+02   1.1649991533e-01   0.0000000000e+00   4.9999975210e-01   0.0000000000e+00   0.0000000000e+00   3.8350033257e-01
   9.5000012395e+02   1.1649991533e-01   0.0000000000e+00   4.9999975210e-01   0.0000000000e+00   0.0000000000e+00   3.8350033257e-01
   9.5000012395e+02   1.1649991533e-01   0.0000000000e+00   4.9999975210e-01   0.0000000000e+00   0.0000000000e+00   3.8350033257e-01
   9.5000012395e+02   1.1649991533e-01   0.0000000000e+00   4.9999975210e-01   0.0000000000e+00   0.0000000000e+00   3.8350033257e-01
   9.4999901176e+02   1.1649939705e-01   0.0000000000e+00   5.0000197648e-01   0.0000000000e+00   0.0000000000e+00   3.8349862647e-01
   9.4999901176e+02   1.1649939705e-01   0.0000000000e+00   5.0000197648e-01   0.0000000000e+00   0.0000000000e+00   3.8349862647e-01
   9.4999901176e+02   1.1649939705e-01   0.0000000000e+00   5.0000197648e-01   0.0000000000e+00   0.0000000000e+00   3.8349862647e-01
   9.4999901176e+02   1.1649939705e-01   0.0000000000e+00   5.0000197648e-01   0.0000000000e+00   0.0000000000e+00   3.8349862647e-01
   9.5000190259e+02   1.1650074418e-01   0.0000000000e+00   4.9999619481e-01   0.0000000000e+00   0.0000000000e+00   3.8350306101e-01
   9.5000190259e+02   1.1650074418e-01   0.0000000000e+00   4.9999619481e-01   0.0000000000e+00   0.0000000000e+00   3.8350306101e-01
   9.5000190259e+02   1.1650074418e-01   0.0000000000e+00   4.9999619481e-01   0.0000000000e+00   0.0000000000e+00   3.8350306101e-01
   9.5000190259e+02   1.1650074418e-01   0.0000000000e+00   4.9999619481e-01   0.0000000000e+00   0.0000000000e+00   3.8350306101e-01
   9.5000190259e+02   1.1650074418e-01   0.0000000000e+00   4.9999619481e-01   0.0000000000e+00   0.0000000000e+00   3.8350306101e-01
   9.5000190259e+02   1.1650074418e-01   0.0000000000e+00   4.9999619481e-01   0.0000000000e+00   0.0000000000e+00   3.8350306101e-01
   9.5000197761e+02   1.1650077913e-01   0.0000000000e+00   4.9999604478e-01   0.0000000000e+00   0.0000000000e+00   3.8350317608e-01
   9.5000197761e+02   1.1650077913e-01   0.0000000000e+00   4.9999604478e-01   0.0000000000e+00   0.0000000000e+00   3.8350317608e-01
   9.5000197761e+02   1.1650077913e-01   0.0000000000e+00   4.9999604478e-01   0.0000000000e+00   0.0000000000e+00   3.8350317608e-01
   9.5000197761e+02   1.1650077913e-01   0.0000000000e+00   4.9999604478e-01   0.0000000000e+00   0.0000000000e+00   3.8350317608e-01
   9.5000190259e+02   1.1650074418e-01   0.0000000000e+00   4.9999619481e-01   0.0000000000e+00   0.0000000000e+00   3.8350306101e-01
   9.5000190259e+02   1.1650074418e-01   0.0000000000e+00   4.9999619481e-01   0.0000000000e+00   0.0000000000e+00   3.8350306101e-01
   9.4999812555e+02   1.1649898408e-01   0.0000000000e+00   5.0000374889e-01   0.0000000000e+00   0.0000000000e+00   3.8349726703e-01
   9.4999812555e+02   1.1649898408e-01   0.0000000000e+00   5.0000374889e-01   0.0000000000e+00   0.0000000000e+00   3.8349726703e-01
   9.4999928375e+02   1.1649952380e-01   0.0000000000e+00   5.0000143249e-01   0.0000000000e+00   0.0000000000e+00   3.8349904371e-01
   9.4999928375e+02   1.1649952380e-01   0.0000000000e+00   5.0000143249e-01   0.0000000000e+00   0.0000000000e+00   3.8349904371e-01
   9.4999928375e+02   1.1649952380e-01   0.0000000000e+00   5.0000143249e-01   0.0000000000e+00   0.0000000000e+00   3.8349904371e-01
   9.4999928375e+02   1.1649952380e-01   0.0000000000e+00   5.0000143249e-01   0.0000000000e+00   0.0000000000e+00   3.8349904371e-01
   9.4999812555e+02   1.1649898408e-01   0.0000000000e+00   5.0000374889e-01   0.0000000000e+00   0.0000000000e+00   3.8349726703e-01
   9.4999812555e+02   1.1649898408e-01   0.0000000000e+00   5.0000374889e-01   0.0000000000e+00   0.0000000000e+00   3.8349726703e-01
   9.4999834751e+02   1.1649908751e-01   0.0000000000e+00   5.0000330498e-01   0.0000000000e+00   0.0000000000e+00   3.8349760751e-01
   9.4999834751e+02   1.1649908751e-01   0.0000000000e+00   5.0000330498e-01   0.0000000000e+00   0.0000000000e+00   3.8349760751e-01
   9.4999834751e+02   1.1649908751e-01   0.0000000000e+00   5.0000330498e-01   0.0000000000e+00   0.0000000000e+00   3.8349760751e-01
   9.4999834751e+02   1.1649908751e-01   0.0000000000e+00   5.0000330498e-01   0.0000000000e+00   0.0000000000e+00   3.8349760751e-01
   9.4999834751e+02   1.1649908751e-01   0.0000000000e+00   5.0000330498e-01   0.0000000000e+00   0.0000000000e+00   3.8349760751e-01
   9.4999834751e+02   1.1649908751e-01   0.0000000000e+00   5.0000330498e-01   0.0000000000e+00   0.0000000000e+00   3.8349760751e-01
   9.4999834751e+02   1.1649908751e-01   0.0000000000e+00   5.0000330498e-01   0.0000000000e+00   0.0000000000e+00   3.8349760751e-01
   9.4999834751e+02   1.1649908751e-01   0.0000000000e+00   5.0000330498e-01   0.0000000000e+00   0.0000000000e+00   3.8349760751e-01
   9.4999917903e+02   1.1649947500e-01   0.0000000000e+00   5.0000164194e-01   0.0000000000e+00   0.0000000000e+00   3.8349888306e-01
   9.4999917903e+02   1.1649947500e-01   0.0000000000e+00   5.0000164194e-01   0.0000000000e+00   0.0000000000e+00   3.8349888306e-01
   9.4999917903e+02   1.1649947500e-01   0.0000000000e+00   5.0000164194e-01   0.0000000000e+00   0.0000000000e+00   3.8349888306e-01
   9.4999917903e+02   1.1649947500e-01   0.0000000000e+00   5.0000164194e-01   0.0000000000e+00   0.0000000000e+00   3.8349888306e-01
   9.5000213996e+02   1.1650085479e-01   0.0000000000e+00   4.9999572007e-01   0.0000000000e+00   0.0000000000e+00   3.8350342513e-01
   9.5000213996e+02   1.1650085479e-01   0.0000000000e+00   4.9999572007e-01   0.0000000000e+00   0.0000000000e+00   3.8350342513e-01
   9.4999621810e+02   1.1649809520e-01   0.0000000000e+00   5.0000756381e-01   0.0000000000e+00   0.0000000000e+00   3.8349434099e-01
   9.4999621810e+02   1.1649809520e-01   0.0000000000e+00   5.0000756381e-01   0.0000000000e+00   0.0000000000e+00   3.8349434099e-01
   9.4999917903e+02   1.1649947500e-01   0.0000000000e+00   5.0000164194e-01   0.0000000000e+00   0.0000000000e+00   3.8349888306e-01
   9.4999917903e+02   1.1649947500e-01   0.0000000000e+00   5.0000164194e-01   0.0000000000e+00   0.0000000000e+00   3.8349888306e-01
   9.4999917903e+02   1.1649947500e-01   0.0000000000e+00   5.0000164194e-01   0.0000000000e+00   0.0000000000e+00   3.8349888306e-01
   9.4999917903e+02   1.1649947500e-01   0.0000000000e+00   5.0000164194e-01   0.0000000000e+00   0.0000000000e+00   3.8349888306e-01
   9.4999917903e+02   1.1649947500e-01   0.0000000000e+00   5.0000164194e-01   0.0000000000e+00   0.0000000000e+00   3.8349888306e-01
   9.4999917903e+02   1.1649947500e-01   0.0000000000e+00   5.0000164194e-01   0.0000000000e+00   0.0000000000e+00   3.8349888306e-01
   9.4999917903e+02   1.1649947500e-01   0.0000000000e+00   5.0000164194e-01   0.0000000000e+00   0.0000000000e+00   3.8349888306e-01
   9.4999917903e+02   1.1649947500e-01   0.0000000000e+00   5.0000164194e-01   0.0000000000e+00   0.0000000000e+00   3.8349888306e-01
   9.5000445374e+02   1.1650193301e-01   0.0000000000e+00   4.9999109253e-01   0.0000000000e+00   0.0000000000e+00   3.8350697446e-01
   9.5000445374e+02   1.1650193301e-01   0.0000000000e+00   4.9999109253e-01   0.0000000000e+00   0.0000000000e+00   3.8350697446e-01
   9.4999660844e+02   1.1649827710e-01   0.0000000000e+00   5.0000678313e-01   0.0000000000e+00   0.0000000000e+00   3.8349493977e-01
   9.4999660844e+02   1.1649827710e-01   0.0000000000e+00   5.0000678313e-01   0.0000000000e+00   0.0000000000e+00   3.8349493977e-01
   9.5000445374e+02   1.1650193301e-01   0.0000000000e+00   4.9999109253e-01   0.0000000000e+00   0.0000000000e+00   3.8350697446e-01
   9.5000445374e+02   1.1650193301e-01   0.0000000000e+00   4.9999109253e-01   0.0000000000e+00   0.0000000000e+00   3.8350697446e-01
   9.4999660844e+02   1.1649827710e-01   0.0000000000e+00   5.0000678313e-01   0.0000000000e+00   0.0000000000e+00   3.8349493977e-01
   9.4999660844e+02   1.1649827710e-01   0.0000000000e+00   5.0000678313e-01   0.0000000000e+00   0.0000000000e+00   3.8349493977e-01
   9.5000868915e+02   1.1650390671e-01   0.0000000000e+00   4.9998262171e-01   0.0000000000e+00   0.0000000000e+00   3.8351347158e-01
   9.5000868915e+02   1.1650390671e-01   0.0000000000e+00   4.9998262171e-01   0.0000000000e+00   0.0000000000e+00   3.8351347158e-01
   9.5000868915e+02   1.1650390671e-01   0.0000000000e+00   4.9998262171e-01   0.0000000000e+00   0.0000000000e+00   3.8351347158e-01
   9.5000868915e+02   1.1650390671e-01   0.0000000000e+00   4.9998262171e-01   0.0000000000e+00   0.0000000000e+00   3.8351347158e-01
   9.4999660844e+02   1.1649827710e-01   0.0000000000e+00   5.0000678313e-01   0.0000000000e+00   0.0000000000e+00   3.8349493977e-01
   9.4999660844e+02   1.1649827710e-01   0.0000000000e+00   5.0000678313e-01   0.0000000000e+00   0.0000000000e+00   3.8349493977e-01
   9.4999660844e+02   1.1649827710e-01   0.0000000000e+00   5.0000678313e-01   0.0000000000e+00   0.0000000000e+00   3.8349493977e-01
   9.4999660844e+02   1.1649827710e-01   0.0000000000e+00   5.0000678313e-01   0.0000000000e+00   0.0000000000e+00   3.8349493977e-01
   9.5000868658e+02   1.1650390551e-01   0.0000000000e+00   4.9998262683e-01   0.0000000000e+00   0.0000000000e+00   3.8351346765e-01
   9.5000868658e+02   1.1650390551e-01   0.0000000000e+00   4.9998262683e-01   0.0000000000e+00   0.0000000000e+00   3.8351346765e-01
   9.4999299598e+02   1.1649659370e-01   0.0000000000e+00   5.0001400803e-01   0.0000000000e+00   0.0000000000e+00   3.8348939826e-01
   9.4999299598e+02   1.1649659370e-01   0.0000000000e+00   5.0001400803e-01   0.0000000000e+00   0.0000000000e+00   3.8348939826e-01
   9.5000868658e+02   1.1650390551e-01   0.0000000000e+00   4.9998262683e-01   0.0000000000e+00   0.0000000000e+00   3.8351346765e-01
   9.5000868658e+02   1.1650390551e-01   0.0000000000e+00   4.9998262683e-01   0.0000000000e+00   0.0000000000e+00   3.8351346765e-01
   9.5000868658e+02   1.1650390551e-01   0.0000000000e+00   4.9998262683e-01   0.0000000000e+00   0.0000000000e+00   3.8351346765e-01
   9.5000868658e+02   1.1650390551e-01   0.0000000000e+00   4.9998262683e-01   0.0000000000e+00   0.0000000000e+00   3.8351346765e-01
   9.4999660844e+02   1.1649827710e-01   0.0000000000e+00   5.0000678313e-01   0.0000000000e+00   0.0000000000e+00   3.8349493977e-01
   9.4999660844e+02   1.1649827710e-01   0.0000000000e+00   5.0000678313e-01   0.0000000000e+00   0.0000000000e+00   3.8349493977e-01
   9.4999660844e+02   1.1649827710e-01   0.0000000000e+00   5.0000678313e-01   0.0000000000e+00   0.0000000000e+00   3.8349493977e-01
   9.4999660844e+02   1.1649827710e-01   0.0000000000e+00   5.0000678313e-01   0.0000000000e+00   0.0000000000e+00   3.8349493977e-01
   9.5000868786e+02   1.1650390611e-01   0.0000000000e+00   4.9998262427e-01   0.0000000000e+00   0.0000000000e+00   3.8351346962e-01
   9.5000868786e+02   1.1650390611e-01   0.0000000000e+00   4.9998262427e-01   0.0000000000e+00   0.0000000000e+00   3.8351346962e-01
   9.5000868786e+02   1.1650390611e-01   0.0000000000e+00   4.9998262427e-01   0.0000000000e+00   0.0000000000e+00   3.8351346962e-01
   9.5000868786e+02   1.1650390611e-01   0.0000000000e+00   4.9998262427e-01   0.0000000000e+00   0.0000000000e+00   3.8351346962e-01
   9.5000022089e+02   1.1649996050e-01   0.0000000000e+00   4.9999955822e-01   0.0000000000e+00   0.0000000000e+00   3.8350048127e-01
   9.5000022089e+02   1.1649996050e-01   0.0000000000e+00   4.9999955822e-01   0.0000000000e+00   0.0000000000e+00   3.8350048127e-01
   9.5000022089e+02   1.1649996050e-01   0.0000000000e+00   4.9999955822e-01   0.0000000000e+00   0.0000000000e+00   3.8350048127e-01
   9.5000022089e+02   1.1649996050e-01   0.0000000000e+00   4.9999955822e-01   0.0000000000e+00   0.0000000000e+00   3.8350048127e-01
   9.5000022089e+02   1.1649996050e-01   0.0000000000e+00   4.9999955822e-01   0.0000000000e+00   0.0000000000e+00   3.8350048127e-01
   9.5000022089e+02   1.1649996050e-01   0.0000000000e+00   4.9999955822e-01   0.0000000000e+00   0.0000000000e+00   3.8350048127e-01
   9.5000022089e+02   1.1649996050e-01   0.0000000000e+00   4.9999955822e-01   0.0000000000e+00   0.0000000000e+00   3.8350048127e-01
   9.5000022089e+02   1.1649996050e-01   0.0000000000e+00   4.9999955822e-01   0.0000000000e+00   0.0000000000e+00   3.8350048127e-01
   9.4999928259e+02   1.1649952326e-01   0.0000000000e+00   5.0000143482e-01   0.0000000000e+00   0.0000000000e+00   3.8349904192e-01
   9.4999928259e+02   1.1649952326e-01   0.0000000000e+00   5.0000143482e-01   0.0000000000e+00   0.0000000000e+00   3.8349904192e-01
   9.4999928259e+02   1.1649952326e-01   0.0000000000e+00   5.0000143482e-01   0.0000000000e+00   0.0000000000e+00   3.8349904192e-01
   9.4999928259e+02   1.1649952326e-01   0.0000000000e+00   5.0000143482e-01   0.0000000000e+00   0.0000000000e+00   3.8349904192e-01
   9.4999928259e+02   1.1649952326e-01   0.0000000000e+00   5.0000143482e-01   0.0000000000e+00   0.0000000000e+00   3.8349904192e-01
   9.4999928259e+02   1.1649952326e-01   0.0000000000e+00   5.0000143482e-01   0.0000000000e+00   0.0000000000e+00   3.8349904192e-01
   9.4999928259e+02   1.1649952326e-01   0.0000000000e+00   5.0000143482e-01   0.0000000000e+00   0.0000000000e+00   3.8349904192e-01
   9.4999928259e+02   1.1649952326e-01   0.0000000000e+00   5.0000143482e-01   0.0000000000e+00   0.0000000000e+00   3.8349904192e-01
   9.4999928259e+02   1.1649952326e-01   0.0000000000e+00   5.0000143482e-01   0.0000000000e+00   0.0000000000e+00   3.8349904192e-01
   9.4999928259e+02   1.1649952326e-01   0.0000000000e+00   5.0000143482e-01   0.0000000000e+00   0.0000000000e+00   3.8349904192e-01
   9.4999928259e+02   1.1649952326e-01   0.0000000000e+00   5.0000143482e-01   0.0000000000e+00   0.0000000000e+00   3.8349904192e-01
   9.4999928259e+02   1.1649952326e-01   0.0000000000e+00   5.0000143482e-01   0.0000000000e+00   0.0000000000e+00   3.8349904192e-01
   9.4999928259e+02   1.1649952326e-01   0.0000000000e+00   5.0000143482e-01   0.0000000000e+00   0.0000000000e+00   3.8349904192e-01
   9.4999928259e+02   1.1649952326e-01   0.0000000000e+00   5.0000143482e-01   0.0000000000e+00   0.0000000000e+00   3.8349904192e-01
   9.4999928259e+02   1.1649952326e-01   0.0000000000e+00   5.0000143482e-01   0.0000000000e+00   0.0000000000e+00   3.8349904192e-01
   9.4999928259e+02   1.1649952326e-01   0.0000000000e+00   5.0000143482e-01   0.0000000000e+00   0.0000000000e+00   3.8349904192e-01
   9.4999299598e+02   1.1649659370e-01   0.0000000000e+00   5.0001400803e-01   0.0000000000e+00   0.0000000000e+00   3.8348939826e-01
   9.4999299598e+02   1.1649659370e-01   0.0000000000e+00   5.0001400803e-01   0.0000000000e+00   0.0000000000e+00   3.8348939826e-01
   9.4999299598e+02   1.1649659370e-01   0.0000000000e+00   5.0001400803e-01   0.0000000000e+00   0.0000000000e+00   3.8348939826e-01
   9.4999299598e+02   1.1649659370e-01   0.0000000000e+00   5.0001400803e-01   0.0000000000e+00   0.0000000000e+00   3.8348939826e-01
   9.4999299598e+02   1.1649659370e-01   0.0000000000e+00   5.0001400803e-01   0.0000000000e+00   0.0000000000e+00   3.8348939826e-01
   9.4999299598e+02   1.1649659370e-01   0.0000000000e+00   5.0001400803e-01   0.0000000000e+00   0.0000000000e+00   3.8348939826e-01
   9.4999299598e+02   1.1649659370e-01   0.0000000000e+00   5.0001400803e-01   0.0000000000e+00   0.0000000000e+00   3.8348939826e-01
   9.4999299598e+02   1.1649659370e-01   0.0000000000e+00   5.0001400803e-01   0.0000000000e+00   0.0000000000e+00   3.8348939826e-01