# time = 127.405
# Grid Poins = 256    variable_0    variable_1    variable_2    variable_3    variable_4    variable_5    variable_6
   9.4999999966e+02   1.1649985741e-01   0.0000000000e+00   5.0000000068e-01   0.0000000000e+00   0.0000000000e+00   3.8350014191e-01
   9.4999999966e+02   1.1649985741e-01   0.0000000000e+00   5.0000000068e-01   0.0000000000e+00   0.0000000000e+00   3.8350014191e-01
   9.4999999994e+02   1.1649985754e-01   0.0000000000e+00   5.0000000012e-01   0.0000000000e+00   0.0000000000e+00   3.8350014234e-01
   9.4999999994e+02   1.1649985754e-01   0.0000000000e+00   5.0000000012e-01   0.0000000000e+00   0.0000000000e+00   3.8350014234e-01
   9.5000000022e+02   1.1649985767e-01   0.0000000000e+00   4.9999999956e-01   0.0000000000e+00   0.0000000000e+00   3.8350014277e-01
   9.5000000022e+02   1.1649985767e-01   0.0000000000e+00   4.9999999956e-01   0.0000000000e+00   0.0000000000e+00   3.8350014277e-01
   9.4999999994e+02   1.1649985754e-01   0.0000000000e+00   5.0000000012e-01   0.0000000000e+00   0.0000000000e+00   3.8350014234e-01
   9.4999999994e+02   1.1649985754e-01   0.0000000000e+00   5.0000000012e-01   0.0000000000e+00   0.0000000000e+00   3.8350014234e-01
   9.4999999994e+02   1.1649985754e-01   0.0000000000e+00   5.0000000012e-01   0.0000000000e+00   0.0000000000e+00   3.8350014234e-01
   9.4999999994e+02   1.1649985754e-01   0.0000000000e+00   5.0000000012e-01   0.0000000000e+00   0.0000000000e+00   3.8350014234e-01
   9.4999999994e+02   1.1649985754e-01   0.0000000000e+00   5.0000000012e-01   0.0000000000e+00   0.0000000000e+00   3.8350014234e-01
   9.4999999994e+02   1.1649985754e-01   0.0000000000e+00   5.0000000012e-01   0.0000000000e+00   0.0000000000e+00   3.8350014234e-01
   9.4999999966e+02   1.1649985741e-01   0.0000000000e+00   5.0000000068e-01   0.0000000000e+00   0.0000000000e+00   3.8350014191e-01
   9.4999999966e+02   1.1649985741e-01   0.0000000000e+00   5.0000000068e-01   0.0000000000e+00   0.0000000000e+00   3.8350014191e-01
   9.5000000022e+02   1.1649985767e-01   0.0000000000e+00   4.9999999956e-01   0.0000000000e+00   0.0000000000e+00   3.8350014277e-01
   9.5000000022e+02   1.1649985767e-01   0.0000000000e+00   4.9999999956e-01   0.0000000000e+00   0.0000000000e+00   3.8350014277e-01
   9.5000000014e+02   1.1649985764e-01   0.0000000000e+00   4.9999999972e-01   0.0000000000e+00   0.0000000000e+00   3.8350014265e-01
   9.5000000014e+02   1.1649985764e-01   0.0000000000e+00   4.9999999972e-01   0.0000000000e+00   0.0000000000e+00   3.8350014265e-01
   9.5000000014e+02   1.1649985764e-01   0.0000000000e+00   4.9999999972e-01   0.0000000000e+00   0.0000000000e+00   3.8350014265e-01
   9.5000000014e+02   1.1649985764e-01   0.0000000000e+00   4.9999999972e-01   0.0000000000e+00   0.0000000000e+00   3.8350014265e-01
   9.5000000014e+02   1.1649985764e-01   0.0000000000e+00   4.9999999972e-01   0.0000000000e+00   0.0000000000e+00   3.8350014265e-01
   9.5000000014e+02   1.1649985764e-01   0.0000000000e+00   4.9999999972e-01   0.0000000000e+00   0.0000000000e+00   3.8350014265e-01
   9.5000000014e+02   1.1649985764e-01   0.0000000000e+00   4.9999999972e-01   0.0000000000e+00   0.0000000000e+00   3.8350014265e-01
   9.5000000014e+02   1.1649985764e-01   0.0000000000e+00   4.9999999972e-01   0.0000000000e+00   0.0000000000e+00   3.8350014265e-01
   9.5000000012e+02   1.1649985762e-01   0.0000000000e+00   4.9999999977e-01   0.0000000000e+00   0.0000000000e+00   3.8350014261e-01
   9.5000000012e+02   1.1649985762e-01   0.0000000000e+00   4.9999999977e-01   0.0000000000e+00   0.0000000000e+00   3.8350014261e-01
   9.5000000012e+02   1.1649985762e-01   0.0000000000e+00   4.9999999977e-01   0.0000000000e+00   0.0000000000e+00   3.8350014261e-01
   9.5000000012e+02   1.1649985762e-01   0.0000000000e+00   4.9999999977e-01   0.0000000000e+00   0.0000000000e+00   3.8350014261e-01
   9.5000000010e+02   1.1649985762e-01   0.0000000000e+00   4.9999999981e-01   0.0000000000e+00   0.0000000000e+00   3.8350014258e-01
   9.5000000010e+02   1.1649985762e-01   0.0000000000e+00   4.9999999981e-01   0.0000000000e+00   0.0000000000e+00   3.8350014258e-01
   9.5000000014e+02   1.1649985763e-01   0.0000000000e+00   4.9999999973e-01   0.0000000000e+00   0.0000000000e+00   3.8350014264e-01
   9.5000000014e+02   1.1649985763e-01   0.0000000000e+00   4.9999999973e-01   0.0000000000e+00   0.0000000000e+00   3.8350014264e-01
   9.4999999966e+02   1.1649985741e-01   0.0000000000e+00   5.0000000068e-01   0.0000000000e+00   0.0000000000e+00   3.8350014191e-01
   9.4999999966e+02   1.1649985741e-01   0.0000000000e+00   5.0000000068e-01   0.0000000000e+00   0.0000000000e+00   3.8350014191e-01
   9.4999999966e+02   1.1649985741e-01   0.0000000000e+00   5.0000000068e-01   0.0000000000e+00   0.0000000000e+00   3.8350014191e-01
   9.4999999966e+02   1.1649985741e-01   0.0000000000e+00   5.0000000068e-01   0.0000000000e+00   0.0000000000e+00   3.8350014191e-01
   9.4999999966e+02   1.1649985741e-01   0.0000000000e+00   5.0000000068e-01   0.0000000000e+00   0.0000000000e+00   3.8350014191e-01
   9.4999999966e+02   1.1649985741e-01   0.0000000000e+00   5.0000000068e-01   0.0000000000e+00   0.0000000000e+00   3.8350014191e-01
   9.4999999966e+02   1.1649985741e-01   0.0000000000e+00   5.0000000068e-01   0.0000000000e+00   0.0000000000e+00   3.8350014191e-01
   9.4999999966e+02   1.1649985741e-01   0.0000000000e+00   5.0000000068e-01   0.0000000000e+00   0.0000000000e+00   3.8350014191e-01
   9.4999999966e+02   1.1649985741e-01   0.0000000000e+00   5.0000000068e-01   0.0000000000e+00   0.0000000000e+00   3.8350014191e-01
   9.4999999966e+02   1.1649985741e-01   0.0000000000e+00   5.0000000068e-01   0.0000000000e+00   0.0000000000e+00   3.8350014191e-01
   9.4999999966e+02   1.1649985741e-01   0.0000000000e+00   5.0000000068e-01   0.0000000000e+00   0.0000000000e+00   3.8350014191e-01
   9.4999999966e+02   1.1649985741e-01   0.0000000000e+00   5.0000000068e-01   0.0000000000e+00   0.0000000000e+00   3.8350014191e-01
   9.4999999966e+02   1.1649985741e-01   0.0000000000e+00   5.0000000068e-01   0.0000000000e+00   0.0000000000e+00   3.8350014191e-01
   9.4999999966e+02   1.1649985741e-01   0.0000000000e+00   5.0000000068e-01   0.0000000000e+00   0.0000000000e+00   3.8350014191e-01
   9.4999999966e+02   1.1649985741e-01   0.0000000000e+00   5.0000000068e-01   0.0000000000e+00   0.0000000000e+00   3.8350014191e-01
   9.4999999966e+02   1.1649985741e-01   0.0000000000e+00   5.0000000068e-01   0.0000000000e+00   0.0000000000e+00   3.8350014191e-01
   9.5000000012e+02   1.1649985763e-01   0.0000000000e+00   4.9999999975e-01   0.0000000000e+00   0.0000000000e+00   3.8350014262e-01
   9.5000000012e+02   1.1649985763e-01   0.0000000000e+00   4.9999999975e-01   0.0000000000e+00   0.0000000000e+00   3.8350014262e-01
   9.5000000012e+02   1.1649985763e-01   0.0000000000e+00   4.9999999975e-01   0.0000000000e+00   0.0000000000e+00   3.8350014262e-01
   9.5000000012e+02   1.1649985763e-01   0.0000000000e+00   4.9999999975e-01   0.0000000000e+00   0.0000000000e+00   3.8350014262e-01
   9.5000000012e+02   1.1649985763e-01   0.0000000000e+00   4.9999999975e-01   0.0000000000e+00   0.0000000000e+00   3.8350014262e-01
   9.5000000012e+02   1.1649985763e-01   0.0000000000e+00   4.9999999975e-01   0.0000000000e+00   0.0000000000e+00   3.8350014262e-01
   9.5000000012e+02   1.1649985763e-01   0.0000000000e+00   4.9999999975e-01   0.0000000000e+00   0.0000000000e+00   3.8350014262e-01
   9.5000000012e+02   1.1649985763e-01   0.0000000000e+00   4.9999999975e-01   0.0000000000e+00   0.0000000000e+00   3.8350014262e-01
   9.4999999966e+02   1.1649985741e-01   0.0000000000e+00   5.0000000068e-01   0.0000000000e+00   0.0000000000e+00   3.8350014191e-01
   9.4999999966e+02   1.1649985741e-01   0.0000000000e+00   5.0000000068e-01   0.0000000000e+00   0.0000000000e+00   3.8350014191e-01
   9.4999999966e+02   1.1649985741e-01   0.0000000000e+00   5.0000000068e-01   0.0000000000e+00   0.0000000000e+00   3.8350014191e-01
   9.4999999966e+02   1.1649985741e-01   0.0000000000e+00   5.0000000068e-01   0.0000000000e+00   0.0000000000e+00   3.8350014191e-01
   9.4999999966e+02   1.1649985741e-01   0.0000000000e+00   5.0000000068e-01   0.0000000000e+00   0.0000000000e+00   3.8350014191e-01
   9.4999999966e+02   1.1649985741e-01   0.0000000000e+00   5.0000000068e-01   0.0000000000e+00   0.0000000000e+00   3.8350014191e-01
   9.4999999966e+02   1.1649985741e-01   0.0000000000e+00   5.0000000068e-01   0.0000000000e+00   0.0000000000e+00   3.8350014191e-01
   9.4999999966e+02   1.1649985741e-01   0.0000000000e+00   5.0000000068e-01   0.0000000000e+00   0.0000000000e+00   3.8350014191e-01
   9.5000000017e+02   1.1649985765e-01   0.0000000000e+00   4.9999999965e-01   0.0000000000e+00   0.0000000000e+00   3.8350014269e-01
   9.5000000017e+02   1.1649985765e-01   0.0000000000e+00   4.9999999965e-01   0.0000000000e+00   0.0000000000e+00   3.8350014269e-01
   9.5000000017e+02   1.1649985765e-01   0.0000000000e+00   4.9999999965e-01   0.0000000000e+00   0.0000000000e+00   3.8350014269e-01
   9.5000000017e+02   1.1649985765e-01   0.0000000000e+00   4.9999999965e-01   0.0000000000e+00   0.0000000000e+00   3.8350014269e-01
   9.5000000010e+02   1.1649985761e-01   0.0000000000e+00   4.9999999981e-01   0.0000000000e+00   0.0000000000e+00   3.8350014258e-01
   9.5000000010e+02   1.1649985761e-01   0.0000000000e+00   4.9999999981e-01   0.0000000000e+00   0.0000000000e+00   3.8350014258e-01
   9.5000000010e+02   1.1649985761e-01   0.0000000000e+00   4.9999999981e-01   0.0000000000e+00   0.0000000000e+00   3.8350014258e-01
   9.5000000010e+02   1.1649985761e-01   0.0000000000e+00   4.9999999981e-01   0.0000000000e+00   0.0000000000e+00   3.8350014258e-01
   9.5000000009e+02   1.1649985761e-01   0.0000000000e+00   4.9999999982e-01   0.0000000000e+00   0.0000000000e+00   3.8350014257e-01
   9.5000000009e+02   1.1649985761e-01   0.0000000000e+00   4.9999999982e-01   0.0000000000e+00   0.0000000000e+00   3.8350014257e-01
   9.5000000009e+02   1.1649985761e-01   0.0000000000e+00   4.9999999982e-01   0.0000000000e+00   0.0000000000e+00   3.8350014257e-01
   9.5000000009e+02   1.1649985761e-01   0.0000000000e+00   4.9999999982e-01   0.0000000000e+00   0.0000000000e+00   3.8350014257e-01
   9.5000000010e+02   1.1649985762e-01   0.0000000000e+00   4.9999999980e-01   0.0000000000e+00   0.0000000000e+00   3.8350014259e-01
   9.5000000010e+02   1.1649985762e-01   0.0000000000e+00   4.9999999980e-01   0.0000000000e+00   0.0000000000e+00   3.8350014259e-01
   9.5000000008e+02   1.1649985761e-01   0.0000000000e+00   4.9999999984e-01   0.0000000000e+00   0.0000000000e+00   3.8350014256e-01
   9.5000000008e+02   1.1649985761e-01   0.0000000000e+00   4.9999999984e-01   0.0000000000e+00   0.0000000000e+00   3.8350014256e-01
   9.5000000013e+02   1.1649985763e-01   0.0000000000e+00   4.9999999973e-01   0.0000000000e+00   0.0000000000e+00   3.8350014264e-01
   9.5000000013e+02   1.1649985763e-01   0.0000000000e+00   4.9999999973e-01   0.0000000000e+00   0.0000000000e+00   3.8350014264e-01
   9.5000000013e+02   1.1649985763e-01   0.0000000000e+00   4.9999999973e-01   0.0000000000e+00   0.0000000000e+00   3.8350014264e-01
   9.5000000013e+02   1.1649985763e-01   0.0000000000e+00   4.9999999973e-01   0.0000000000e+00   0.0000000000e+00   3.8350014264e-01
   9.5000000010e+02   1.1649985761e-01   0.0000000000e+00   4.9999999981e-01   0.0000000000e+00   0.0000000000e+00   3.8350014258e-01
   9.5000000010e+02   1.1649985761e-01   0.0000000000e+00   4.9999999981e-01   0.0000000000e+00   0.0000000000e+00   3.8350014258e-01
   9.5000000010e+02   1.1649985761e-01   0.0000000000e+00   4.9999999981e-01   0.0000000000e+00   0.0000000000e+00   3.8350014258e-01
   9.5000000010e+02   1.1649985761e-01   0.0000000000e+00   4.9999999981e-01   0.0000000000e+00   0.0000000000e+00   3.8350014258e-01
   9.5000000010e+02   1.1649985761e-01   0.0000000000e+00   4.9999999981e-01   0.0000000000e+00   0.0000000000e+00   3.8350014258e-01
   9.5000000010e+02   1.1649985761e-01   0.0000000000e+00   4.9999999981e-01   0.0000000000e+00   0.0000000000e+00   3.8350014258e-01
   9.5000000010e+02   1.1649985761e-01   0.0000000000e+00   4.9999999981e-01   0.0000000000e+00   0.0000000000e+00   3.8350014258e-01
   9.5000000010e+02   1.1649985761e-01   0.0000000000e+00   4.9999999981e-01   0.0000000000e+00   0.0000000000e+00   3.8350014258e-01
   9.5000000013e+02   1.1649985763e-01   0.0000000000e+00   4.9999999973e-01   0.0000000000e+00   0.0000000000e+00   3.8350014264e-01
   9.5000000013e+02   1.1649985763e-01   0.0000000000e+00   4.9999999973e-01   0.0000000000e+00   0.0000000000e+00   3.8350014264e-01
   9.5000000013e+02   1.1649985763e-01   0.0000000000e+00   4.9999999973e-01   0.0000000000e+00   0.0000000000e+00   3.8350014264e-01
   9.5000000013e+02   1.1649985763e-01   0.0000000000e+00   4.9999999973e-01   0.0000000000e+00   0.0000000000e+00   3.8350014264e-01
   9.5000000010e+02   1.1649985761e-01   0.0000000000e+00   4.9999999981e-01   0.0000000000e+00   0.0000000000e+00   3.8350014258e-01
   9.5000000010e+02   1.1649985761e-01   0.0000000000e+00   4.9999999981e-01   0.0000000000e+00   0.0000000000e+00   3.8350014258e-01
   9.5000000010e+02   1.1649985761e-01   0.0000000000e+00   4.9999999981e-01   0.0000000000e+00   0.0000000000e+00   3.8350014258e-01
   9.5000000010e+02   1.1649985761e-01   0.0000000000e+00   4.9999999981e-01   0.0000000000e+00   0.0000000000e+00   3.8350014258e-01
   9.5000000010e+02   1.1649985761e-01   0.0000000000e+00   4.9999999981e-01   0.0000000000e+00   0.0000000000e+00   3.8350014258e-01
   9.5000000010e+02   1.1649985761e-01   0.0000000000e+00   4.9999999981e-01   0.0000000000e+00   0.0000000000e+00   3.8350014258e-01
   9.5000000010e+02   1.1649985761e-01   0.0000000000e+00   4.9999999981e-01   0.0000000000e+00   0.0000000000e+00   3.8350014258e-01
   9.5000000010e+02   1.1649985761e-01   0.0000000000e+00   4.9999999981e-01   0.0000000000e+00   0.0000000000e+00   3.8350014258e-01
   9.5000000010e+02   1.1649985761e-01   0.0000000000e+00   4.9999999981e-01   0.0000000000e+00   0.0000000000e+00   3.8350014258e-01
   9.5000000010e+02   1.1649985761e-01   0.0000000000e+00   4.9999999981e-01   0.0000000000e+00   0.0000000000e+00   3.8350014258e-01
   9.5000000010e+02   1.1649985761e-01   0.0000000000e+00   4.9999999981e-01   0.0000000000e+00   0.0000000000e+00   3.8350014258e-01
   9.5000000010e+02   1.1649985761e-01   0.0000000000e+00   4.9999999981e-01   0.0000000000e+00   0.0000000000e+00   3.8350014258e-01
   9.5000000010e+02   1.1649985761e-01   0.0000000000e+00   4.9999999981e-01   0.0000000000e+00   0.0000000000e+00   3.8350014258e-01
   9.5000000010e+02   1.1649985761e-01   0.0000000000e+00   4.9999999981e-01   0.0000000000e+00   0.0000000000e+00   3.8350014258e-01
   9.5000000010e+02   1.1649985761e-01   0.0000000000e+00   4.9999999981e-01   0.0000000000e+00   0.0000000000e+00   3.8350014258e-01
   9.5000000010e+02   1.1649985761e-01   0.0000000000e+00   4.9999999981e-01   0.0000000000e+00   0.0000000000e+00   3.8350014258e-01
   9.5000000013e+02   1.1649985763e-01   0.0000000000e+00   4.9999999974e-01   0.0000000000e+00   0.0000000000e+00   3.8350014263e-01
   9.5000000013e+02   1.1649985763e-01   0.0000000000e+00   4.9999999974e-01   0.0000000000e+00   0.0000000000e+00   3.8350014263e-01
   9.5000000019e+02   1.1649985766e-01   0.0000000000e+00   4.9999999962e-01   0.0000000000e+00   0.0000000000e+00   3.8350014272e-01
   9.5000000019e+02   1.1649985766e-01   0.0000000000e+00   4.9999999962e-01   0.0000000000e+00   0.0000000000e+00   3.8350014272e-01
   9.5000000016e+02   1.1649985764e-01   0.0000000000e+00   4.9999999968e-01   0.0000000000e+00   0.0000000000e+00   3.8350014267e-01
   9.5000000016e+02   1.1649985764e-01   0.0000000000e+00   4.9999999968e-01   0.0000000000e+00   0.0000000000e+00   3.8350014267e-01
   9.5000000016e+02   1.1649985764e-01   0.0000000000e+00   4.9999999968e-01   0.0000000000e+00   0.0000000000e+00   3.8350014267e-01
   9.5000000016e+02   1.1649985764e-01   0.0000000000e+00   4.9999999968e-01   0.0000000000e+00   0.0000000000e+00   3.8350014267e-01
   9.5000000016e+02   1.1649985764e-01   0.0000000000e+00   4.9999999968e-01   0.0000000000e+00   0.0000000000e+00   3.8350014267e-01
   9.5000000016e+02   1.1649985764e-01   0.0000000000e+00   4.9999999968e-01   0.0000000000e+00   0.0000000000e+00   3.8350014267e-01
   9.5000000016e+02   1.1649985764e-01   0.0000000000e+00   4.9999999968e-01   0.0000000000e+00   0.0000000000e+00   3.8350014267e-01
   9.5000000016e+02   1.1649985764e-01   0.0000000000e+00   4.9999999968e-01   0.0000000000e+00   0.0000000000e+00   3.8350014267e-01
   9.5000000015e+02   1.1649985764e-01   0.0000000000e+00   4.9999999970e-01   0.0000000000e+00   0.0000000000e+00   3.8350014266e-01
   9.5000000015e+02   1.1649985764e-01   0.0000000000e+00   4.9999999970e-01   0.0000000000e+00   0.0000000000e+00   3.8350014266e-01
   9.5000000017e+02   1.1649985765e-01   0.0000000000e+00   4.9999999967e-01   0.0000000000e+00   0.0000000000e+00   3.8350014268e-01
   9.5000000017e+02   1.1649985765e-01   0.0000000000e+00   4.9999999967e-01   0.0000000000e+00   0.0000000000e+00   3.8350014268e-01
   9.4999999966e+02   1.1649985741e-01   0.0000000000e+00   5.0000000068e-01   0.0000000000e+00   0.0000000000e+00   3.8350014191e-01
   9.4999999966e+02   1.1649985741e-01   0.0000000000e+00   5.0000000068e-01   0.0000000000e+00   0.0000000000e+00   3.8350014191e-01
   9.4999999966e+02   1.1649985741e-01   0.0000000000e+00   5.0000000068e-01   0.0000000000e+00   0.0000000000e+00   3.8350014191e-01
   9.4999999966e+02   1.1649985741e-01   0.0000000000e+00   5.0000000068e-01   0.0000000000e+00   0.0000000000e+00   3.8350014191e-01
   9.4999999966e+02   1.1649985741e-01   0.0000000000e+00   5.0000000068e-01   0.0000000000e+00   0.0000000000e+00   3.8350014191e-01
   9.4999999966e+02   1.1649985741e-01   0.0000000000e+00   5.0000000068e-01   0.0000000000e+00   0.0000000000e+00   3.8350014191e-01
   9.4999999966e+02   1.1649985741e-01   0.0000000000e+00   5.0000000068e-01   0.0000000000e+00   0.0000000000e+00   3.8350014191e-01
   9.4999999966e+02   1.1649985741e-01   0.0000000000e+00   5.0000000068e-01   0.0000000000e+00   0.0000000000e+00   3.8350014191e-01
   9.4999999993e+02   1.1649985754e-01   0.0000000000e+00   5.0000000014e-01   0.0000000000e+00   0.0000000000e+00   3.8350014232e-01
   9.4999999993e+02   1.1649985754e-01   0.0000000000e+00   5.0000000014e-01   0.0000000000e+00   0.0000000000e+00   3.8350014232e-01
   9.4999999985e+02   1.1649985750e-01   0.0000000000e+00   5.0000000030e-01   0.0000000000e+00   0.0000000000e+00   3.8350014220e-01
   9.4999999985e+02   1.1649985750e-01   0.0000000000e+00   5.0000000030e-01   0.0000000000e+00   0.0000000000e+00   3.8350014220e-01
   9.4999999985e+02   1.1649985750e-01   0.0000000000e+00   5.0000000030e-01   0.0000000000e+00   0.0000000000e+00   3.8350014220e-01
   9.4999999985e+02   1.1649985750e-01   0.0000000000e+00   5.0000000030e-01   0.0000000000e+00   0.0000000000e+00   3.8350014220e-01
   9.4999999988e+02   1.1649985751e-01   0.0000000000e+00   5.0000000025e-01   0.0000000000e+00   0.0000000000e+00   3.8350014224e-01
   9.4999999988e+02   1.1649985751e-01   0.0000000000e+00   5.0000000025e-01   0.0000000000e+00   0.0000000000e+00   3.8350014224e-01
   9.5000000009e+02   1.1649985761e-01   0.0000000000e+00   4.9999999981e-01   0.0000000000e+00   0.0000000000e+00   3.8350014257e-01
   9.5000000009e+02   1.1649985761e-01   0.0000000000e+00   4.9999999981e-01   0.0000000000e+00   0.0000000000e+00   3.8350014257e-01
   9.5000000009e+02   1.1649985761e-01   0.0000000000e+00   4.9999999981e-01   0.0000000000e+00   0.0000000000e+00   3.8350014257e-01
   9.5000000009e+02   1.1649985761e-01   0.0000000000e+00   4.9999999981e-01   0.0000000000e+00   0.0000000000e+00   3.8350014257e-01
   9.5000000009e+02   1.1649985761e-01   0.0000000000e+00   4.9999999981e-01   0.0000000000e+00   0.0000000000e+00   3.8350014257e-01
   9.5000000009e+02   1.1649985761e-01   0.0000000000e+00   4.9999999981e-01   0.0000000000e+00   0.0000000000e+00   3.8350014257e-01
   9.5000000009e+02   1.1649985761e-01   0.0000000000e+00   4.9999999981e-01   0.0000000000e+00   0.0000000000e+00   3.8350014257e-01
   9.5000000009e+02   1.1649985761e-01   0.0000000000e+00   4.9999999981e-01   0.0000000000e+00   0.0000000000e+00   3.8350014257e-01
   9.4999999988e+02   1.1649985751e-01   0.0000000000e+00   5.0000000025e-01   0.0000000000e+00   0.0000000000e+00   3.8350014224e-01
   9.4999999988e+02   1.1649985751e-01   0.0000000000e+00   5.0000000025e-01   0.0000000000e+00   0.0000000000e+00   3.8350014224e-01
   9.4999999988e+02   1.1649985751e-01   0.0000000000e+00   5.0000000025e-01   0.0000000000e+00   0.0000000000e+00   3.8350014224e-01
   9.4999999988e+02   1.1649985751e-01   0.0000000000e+00   5.0000000025e-01   0.0000000000e+00   0.0000000000e+00   3.8350014224e-01
   9.5000000009e+02   1.1649985761e-01   0.0000000000e+00   4.9999999981e-01   0.0000000000e+00   0.0000000000e+00   3.8350014257e-01
   9.5000000009e+02   1.1649985761e-01   0.0000000000e+00   4.9999999981e-01   0.0000000000e+00   0.0000000000e+00   3.8350014257e-01
   9.4999999966e+02   1.1649985741e-01   0.0000000000e+00   5.0000000068e-01   0.0000000000e+00   0.0000000000e+00   3.8350014191e-01
   9.4999999966e+02   1.1649985741e-01   0.0000000000e+00   5.0000000068e-01   0.0000000000e+00   0.0000000000e+00   3.8350014191e-01
   9.4999999988e+02   1.1649985751e-01   0.0000000000e+00   5.0000000024e-01   0.0000000000e+00   0.0000000000e+00   3.8350014225e-01
   9.4999999988e+02   1.1649985751e-01   0.0000000000e+00   5.0000000024e-01   0.0000000000e+00   0.0000000000e+00   3.8350014225e-01
   9.4999999988e+02   1.1649985751e-01   0.0000000000e+00   5.0000000024e-01   0.0000000000e+00   0.0000000000e+00   3.8350014225e-01
   9.4999999988e+02   1.1649985751e-01   0.0000000000e+00   5.0000000024e-01   0.0000000000e+00   0.0000000000e+00   3.8350014225e-01
   9.4999999988e+02   1.1649985751e-01   0.0000000000e+00   5.0000000024e-01   0.0000000000e+00   0.0000000000e+00   3.8350014225e-01
   9.4999999988e+02   1.1649985751e-01   0.0000000000e+00   5.0000000024e-01   0.0000000000e+00   0.0000000000e+00   3.8350014225e-01
   9.4999999988e+02   1.1649985751e-01   0.0000000000e+00   5.0000000024e-01   0.0000000000e+00   0.0000000000e+00   3.8350014225e-01
   9.4999999988e+02   1.1649985751e-01   0.0000000000e+00   5.0000000024e-01   0.0000000000e+00   0.0000000000e+00   3.8350014225e-01
   9.4999999987e+02   1.1649985751e-01   0.0000000000e+00   5.0000000027e-01   0.0000000000e+00   0.0000000000e+00   3.8350014222e-01
   9.4999999987e+02   1.1649985751e-01   0.0000000000e+00   5.0000000027e-01   0.0000000000e+00   0.0000000000e+00   3.8350014222e-01
   9.4999999987e+02   1.1649985751e-01   0.0000000000e+00   5.0000000027e-01   0.0000000000e+00   0.0000000000e+00   3.8350014222e-01
   9.4999999987e+02   1.1649985751e-01   0.0000000000e+00   5.0000000027e-01   0.0000000000e+00   0.0000000000e+00   3.8350014222e-01
   9.4999999995e+02   1.1649985755e-01   0.0000000000e+00   5.0000000010e-01   0.0000000000e+00   0.0000000000e+00   3.8350014235e-01
   9.4999999995e+02   1.1649985755e-01   0.0000000000e+00   5.0000000010e-01   0.0000000000e+00   0.0000000000e+00   3.8350014235e-01
   9.4999999995e+02   1.1649985755e-01   0.0000000000e+00   5.0000000010e-01   0.0000000000e+00   0.0000000000e+00   3.8350014235e-01
   9.4999999995e+02   1.1649985755e-01   0.0000000000e+00   5.0000000010e-01   0.0000000000e+00   0.0000000000e+00   3.8350014235e-01
   9.4999999996e+02   1.1649985755e-01   0.0000000000e+00   5.0000000008e-01   0.0000000000e+00   0.0000000000e+00   3.8350014237e-01
   9.4999999996e+02   1.1649985755e-01   0.0000000000e+00   5.0000000008e-01   0.0000000000e+00   0.0000000000e+00   3.8350014237e-01
   9.4999999996e+02   1.1649985755e-01   0.0000000000e+00   5.0000000008e-01   0.0000000000e+00   0.0000000000e+00   3.8350014237e-01
   9.4999999996e+02   1.1649985755e-01   0.0000000000e+00   5.0000000008e-01   0.0000000000e+00   0.0000000000e+00   3.8350014237e-01
   9.4999999988e+02   1.1649985751e-01   0.0000000000e+00   5.0000000024e-01   0.0000000000e+00   0.0000000000e+00   3.8350014225e-01
   9.4999999988e+02   1.1649985751e-01   0.0000000000e+00   5.0000000024e-01   0.0000000000e+00   0.0000000000e+00   3.8350014225e-01
   9.4999999966e+02   1.1649985741e-01   0.0000000000e+00   5.0000000068e-01   0.0000000000e+00   0.0000000000e+00   3.8350014191e-01
   9.4999999966e+02   1.1649985741e-01   0.0000000000e+00   5.0000000068e-01   0.0000000000e+00   0.0000000000e+00   3.8350014191e-01
   9.4999999997e+02   1.1649985755e-01   0.0000000000e+00   5.0000000007e-01   0.0000000000e+00   0.0000000000e+00   3.8350014238e-01
   9.4999999997e+02   1.1649985755e-01   0.0000000000e+00   5.0000000007e-01   0.0000000000e+00   0.0000000000e+00   3.8350014238e-01
   9.4999999977e+02   1.1649985746e-01   0.0000000000e+00   5.0000000046e-01   0.0000000000e+00   0.0000000000e+00   3.8350014208e-01
   9.4999999977e+02   1.1649985746e-01   0.0000000000e+00   5.0000000046e-01   0.0000000000e+00   0.0000000000e+00   3.8350014208e-01
   9.4999999977e+02   1.1649985746e-01   0.0000000000e+00   5.0000000046e-01   0.0000000000e+00   0.0000000000e+00   3.8350014208e-01
   9.4999999977e+02   1.1649985746e-01   0.0000000000e+00   5.0000000046e-01   0.0000000000e+00   0.0000000000e+00   3.8350014208e-01
   9.4999999997e+02   1.1649985755e-01   0.0000000000e+00   5.0000000007e-01   0.0000000000e+00   0.0000000000e+00   3.8350014238e-01
   9.4999999997e+02   1.1649985755e-01   0.0000000000e+00   5.0000000007e-01   0.0000000000e+00   0.0000000000e+00   3.8350014238e-01
   9.5000000010e+02   1.1649985761e-01   0.0000000000e+00   4.9999999981e-01   0.0000000000e+00   0.0000000000e+00   3.8350014258e-01
   9.5000000010e+02   1.1649985761e-01   0.0000000000e+00   4.9999999981e-01   0.0000000000e+00   0.0000000000e+00   3.8350014258e-01
   9.5000000010e+02   1.1649985761e-01   0.0000000000e+00   4.9999999981e-01   0.0000000000e+00   0.0000000000e+00   3.8350014258e-01
   9.5000000010e+02   1.1649985761e-01   0.0000000000e+00   4.9999999981e-01   0.0000000000e+00   0.0000000000e+00   3.8350014258e-01
   9.5000000010e+02   1.1649985761e-01   0.0000000000e+00   4.9999999981e-01   0.0000000000e+00   0.0000000000e+00   3.8350014258e-01
   9.5000000010e+02   1.1649985761e-01   0.0000000000e+00   4.9999999981e-01   0.0000000000e+00   0.0000000000e+00   3.8350014258e-01
   9.5000000010e+02   1.1649985761e-01   0.0000000000e+00   4.9999999981e-01   0.0000000000e+00   0.0000000000e+00   3.8350014258e-01
   9.5000000010e+02   1.1649985761e-01   0.0000000000e+00   4.9999999981e-01   0.0000000000e+00   0.0000000000e+00   3.8350014258e-01
   9.5000000008e+02   1.1649985761e-01   0.0000000000e+00   4.9999999983e-01   0.0000000000e+00   0.0000000000e+00   3.8350014256e-01
   9.5000000008e+02   1.1649985761e-01   0.0000000000e+00   4.9999999983e-01   0.0000000000e+00   0.0000000000e+00   3.8350014256e-01
   9.5000000008e+02   1.1649985761e-01   0.0000000000e+00   4.9999999983e-01   0.0000000000e+00   0.0000000000e+00   3.8350014256e-01
   9.5000000008e+02   1.1649985761e-01   0.0000000000e+00   4.9999999983e-01   0.0000000000e+00   0.0000000000e+00   3.8350014256e-01
   9.5000000012e+02   1.1649985763e-01   0.0000000000e+00   4.9999999976e-01   0.0000000000e+00   0.0000000000e+00   3.8350014261e-01
   9.5000000012e+02   1.1649985763e-01   0.0000000000e+00   4.9999999976e-01   0.0000000000e+00   0.0000000000e+00   3.8350014261e-01
   9.5000000010e+02   1.1649985761e-01   0.0000000000e+00   4.9999999981e-01   0.0000000000e+00   0.0000000000e+00   3.8350014258e-01
   9.5000000010e+02   1.1649985761e-01   0.0000000000e+00   4.9999999981e-01   0.0000000000e+00   0.0000000000e+00   3.8350014258e-01
   9.5000000021e+02   1.1649985767e-01   0.0000000000e+00   4.9999999958e-01   0.0000000000e+00   0.0000000000e+00   3.8350014275e-01
   9.5000000021e+02   1.1649985767e-01   0.0000000000e+00   4.9999999958e-01   0.0000000000e+00   0.0000000000e+00   3.8350014275e-01
   9.5000000021e+02   1.1649985767e-01   0.0000000000e+00   4.9999999958e-01   0.0000000000e+00   0.0000000000e+00   3.8350014275e-01
   9.5000000021e+02   1.1649985767e-01   0.0000000000e+00   4.9999999958e-01   0.0000000000e+00   0.0000000000e+00   3.8350014275e-01
   9.5000000021e+02   1.1649985767e-01   0.0000000000e+00   4.9999999959e-01   0.0000000000e+00   0.0000000000e+00   3.8350014275e-01
   9.5000000021e+02   1.1649985767e-01   0.0000000000e+00   4.9999999959e-01   0.0000000000e+00   0.0000000000e+00   3.8350014275e-01
   9.5000000021e+02   1.1649985767e-01   0.0000000000e+00   4.9999999959e-01   0.0000000000e+00   0.0000000000e+00   3.8350014275e-01
   9.5000000021e+02   1.1649985767e-01   0.0000000000e+00   4.9999999959e-01   0.0000000000e+00   0.0000000000e+00   3.8350014275e-01
   9.5000000021e+02   1.1649985767e-01   0.0000000000e+00   4.9999999957e-01   0.0000000000e+00   0.0000000000e+00   3.8350014276e-01
   9.5000000021e+02   1.1649985767e-01   0.0000000000e+00   4.9999999957e-01   0.0000000000e+00   0.0000000000e+00   3.8350014276e-01
   9.5000000021e+02   1.1649985767e-01   0.0000000000e+00   4.9999999957e-01   0.0000000000e+00   0.0000000000e+00   3.8350014276e-01
   9.5000000021e+02   1.1649985767e-01   0.0000000000e+00   4.9999999957e-01   0.0000000000e+00   0.0000000000e+00   3.8350014276e-01
   9.5000000021e+02   1.1649985767e-01   0.0000000000e+00   4.9999999958e-01   0.0000000000e+00   0.0000000000e+00   3.8350014275e-01
   9.5000000021e+02   1.1649985767e-01   0.0000000000e+00   4.9999999958e-01   0.0000000000e+00   0.0000000000e+00   3.8350014275e-01
   9.5000000021e+02   1.1649985767e-01   0.0000000000e+00   4.9999999958e-01   0.0000000000e+00   0.0000000000e+00   3.8350014275e-01
   9.5000000021e+02   1.1649985767e-01   0.0000000000e+00   4.9999999958e-01   0.0000000000e+00   0.0000000000e+00   3.8350014275e-01
   9.5000000003e+02   1.1649985758e-01   0.0000000000e+00   4.9999999995e-01   0.0000000000e+00   0.0000000000e+00   3.8350014247e-01
   9.5000000003e+02   1.1649985758e-01   0.0000000000e+00   4.9999999995e-01   0.0000000000e+00   0.0000000000e+00   3.8350014247e-01
   9.5000000003e+02   1.1649985758e-01   0.0000000000e+00   4.9999999995e-01   0.0000000000e+00   0.0000000000e+00   3.8350014247e-01
   9.5000000003e+02   1.1649985758e-01   0.0000000000e+00   4.9999999995e-01   0.0000000000e+00   0.0000000000e+00   3.8350014247e-01
   9.5000000003e+02   1.1649985758e-01   0.0000000000e+00   4.9999999995e-01   0.0000000000e+00   0.0000000000e+00   3.8350014247e-01
   9.5000000003e+02   1.1649985758e-01   0.0000000000e+00   4.9999999995e-01   0.0000000000e+00   0.0000000000e+00   3.8350014247e-01
   9.5000000003e+02   1.1649985758e-01   0.0000000000e+00   4.9999999995e-01   0.0000000000e+00   0.0000000000e+00   3.8350014247e-01
   9.5000000003e+02   1.1649985758e-01   0.0000000000e+00   4.9999999995e-01   0.0000000000e+00   0.0000000000e+00   3.8350014247e-01
   9.5000000016e+02   1.1649985764e-01   0.0000000000e+00   4.9999999969e-01   0.0000000000e+00   0.0000000000e+00   3.8350014267e-01
   9.5000000016e+02   1.1649985764e-01   0.0000000000e+00   4.9999999969e-01   0.0000000000e+00   0.0000000000e+00   3.8350014267e-01
   9.5000000016e+02   1.1649985764e-01   0.0000000000e+00   4.9999999969e-01   0.0000000000e+00   0.0000000000e+00   3.8350014267e-01
   9.5000000016e+02   1.1649985764e-01   0.0000000000e+00   4.9999999969e-01   0.0000000000e+00   0.0000000000e+00   3.8350014267e-01
   9.4999999984e+02   1.1649985750e-01   0.0000000000e+00   5.0000000031e-01   0.0000000000e+00   0.0000000000e+00   3.8350014219e-01
   9.4999999984e+02   1.1649985750e-01   0.0000000000e+00   5.0000000031e-01   0.0000000000e+00   0.0000000000e+00   3.8350014219e-01
   9.4999999984e+02   1.1649985750e-01   0.0000000000e+00   5.0000000031e-01   0.0000000000e+00   0.0000000000e+00   3.8350014219e-01
   9.4999999984e+02   1.1649985750e-01   0.0000000000e+00   5.0000000031e-01   0.0000000000e+00   0.0000000000e+00   3.8350014219e-01
   9.5000000000e+02   1.1649985757e-01   0.0000000000e+00   5.0000000000e-01   0.0000000000e+00   0.0000000000e+00   3.8350014243e-01
   9.5000000000e+02   1.1649985757e-01   0.0000000000e+00   5.0000000000e-01   0.0000000000e+00   0.0000000000e+00   3.8350014243e-01
   9.4999999996e+02   1.1649985755e-01   0.0000000000e+00   5.0000000009e-01   0.0000000000e+00   0.0000000000e+00   3.8350014236e-01
   9.4999999996e+02   1.1649985755e-01   0.0000000000e+00   5.0000000009e-01   0.0000000000e+00   0.0000000000e+00   3.8350014236e-01
   9.5000000005e+02   1.1649985759e-01   0.0000000000e+00   4.9999999991e-01   0.0000000000e+00   0.0000000000e+00   3.8350014250e-01
   9.5000000005e+02   1.1649985759e-01   0.0000000000e+00   4.9999999991e-01   0.0000000000e+00   0.0000000000e+00   3.8350014250e-01
   9.5000000000e+02   1.1649985757e-01   0.0000000000e+00   5.0000000000e-01   0.0000000000e+00   0.0000000000e+00   3.8350014243e-01
   9.5000000000e+02   1.1649985757e-01   0.0000000000e+00   5.0000000000e-01   0.0000000000e+00   0.0000000000e+00   3.8350014243e-01
   9.5000000021e+02   1.1649985767e-01   0.0000000000e+00   4.9999999958e-01   0.0000000000e+00   0.0000000000e+00   3.8350014276e-01
   9.5000000021e+02   1.1649985767e-01   0.0000000000e+00   4.9999999958e-01   0.0000000000e+00   0.0000000000e+00   3.8350014276e-01
   9.5000000021e+02   1.1649985767e-01   0.0000000000e+00   4.9999999958e-01   0.0000000000e+00   0.0000000000e+00   3.8350014276e-01
   9.5000000021e+02   1.1649985767e-01   0.0000000000e+00   4.9999999958e-01   0.0000000000e+00   0.0000000000e+00   3.8350014276e-01
   9.5000000005e+02   1.1649985759e-01   0.0000000000e+00   4.9999999991e-01   0.0000000000e+00   0.0000000000e+00   3.8350014250e-01
   9.5000000005e+02   1.1649985759e-01   0.0000000000e+00   4.9999999991e-01   0.0000000000e+00   0.0000000000e+00   3.8350014250e-01
   9.5000000005e+02   1.1649985759e-01   0.0000000000e+00   4.9999999991e-01   0.0000000000e+00   0.0000000000e+00   3.8350014250e-01
   9.5000000005e+02   1.1649985759e-01   0.0000000000e+00   4.9999999991e-01   0.0000000000e+00   0.0000000000e+00   3.8350014250e-01