# time = 18.684
# Grid Poins = 256    variable_0    variable_1    variable_2    variable_3    variable_4    variable_5    variable_6
   9.4959670669e+02   1.1631192312e-01   0.0000000000e+00   5.0080658663e-01   0.0000000000e+00   0.0000000000e+00   3.8288149026e-01
   9.4959670669e+02   1.1631192312e-01   0.0000000000e+00   5.0080658663e-01   0.0000000000e+00   0.0000000000e+00   3.8288149026e-01
   9.4959670669e+02   1.1631192312e-01   0.0000000000e+00   5.0080658663e-01   0.0000000000e+00   0.0000000000e+00   3.8288149026e-01
   9.4959670669e+02   1.1631192312e-01   0.0000000000e+00   5.0080658663e-01   0.0000000000e+00   0.0000000000e+00   3.8288149026e-01
   9.4646119011e+02   1.1485077418e-01   0.0000000000e+00   5.0707761978e-01   0.0000000000e+00   0.0000000000e+00   3.7807160604e-01
   9.4646119011e+02   1.1485077418e-01   0.0000000000e+00   5.0707761978e-01   0.0000000000e+00   0.0000000000e+00   3.7807160604e-01
   9.4646119011e+02   1.1485077418e-01   0.0000000000e+00   5.0707761978e-01   0.0000000000e+00   0.0000000000e+00   3.7807160604e-01
   9.4646119011e+02   1.1485077418e-01   0.0000000000e+00   5.0707761978e-01   0.0000000000e+00   0.0000000000e+00   3.7807160604e-01
   9.4124955241e+02   1.1242215398e-01   0.0000000000e+00   5.1750089519e-01   0.0000000000e+00   0.0000000000e+00   3.7007695084e-01
   9.4124955241e+02   1.1242215398e-01   0.0000000000e+00   5.1750089519e-01   0.0000000000e+00   0.0000000000e+00   3.7007695084e-01
   9.4124955241e+02   1.1242215398e-01   0.0000000000e+00   5.1750089519e-01   0.0000000000e+00   0.0000000000e+00   3.7007695084e-01
   9.4124955241e+02   1.1242215398e-01   0.0000000000e+00   5.1750089519e-01   0.0000000000e+00   0.0000000000e+00   3.7007695084e-01
   9.4124955241e+02   1.1242215398e-01   0.0000000000e+00   5.1750089519e-01   0.0000000000e+00   0.0000000000e+00   3.7007695084e-01
   9.4124955241e+02   1.1242215398e-01   0.0000000000e+00   5.1750089519e-01   0.0000000000e+00   0.0000000000e+00   3.7007695084e-01
   9.4124955241e+02   1.1242215398e-01   0.0000000000e+00   5.1750089519e-01   0.0000000000e+00   0.0000000000e+00   3.7007695084e-01
   9.4124955241e+02   1.1242215398e-01   0.0000000000e+00   5.1750089519e-01   0.0000000000e+00   0.0000000000e+00   3.7007695084e-01
   9.4646119011e+02   1.1485077418e-01   0.0000000000e+00   5.0707761978e-01   0.0000000000e+00   0.0000000000e+00   3.7807160604e-01
   9.4646119011e+02   1.1485077418e-01   0.0000000000e+00   5.0707761978e-01   0.0000000000e+00   0.0000000000e+00   3.7807160604e-01
   9.4646119011e+02   1.1485077418e-01   0.0000000000e+00   5.0707761978e-01   0.0000000000e+00   0.0000000000e+00   3.7807160604e-01
   9.4646119011e+02   1.1485077418e-01   0.0000000000e+00   5.0707761978e-01   0.0000000000e+00   0.0000000000e+00   3.7807160604e-01
   9.4959670669e+02   1.1631192312e-01   0.0000000000e+00   5.0080658663e-01   0.0000000000e+00   0.0000000000e+00   3.8288149026e-01
   9.4959670669e+02   1.1631192312e-01   0.0000000000e+00   5.0080658663e-01   0.0000000000e+00   0.0000000000e+00   3.8288149026e-01
   9.4959670669e+02   1.1631192312e-01   0.0000000000e+00   5.0080658663e-01   0.0000000000e+00   0.0000000000e+00   3.8288149026e-01
   9.4959670669e+02   1.1631192312e-01   0.0000000000e+00   5.0080658663e-01   0.0000000000e+00   0.0000000000e+00   3.8288149026e-01
   9.4953721551e+02   1.1628420026e-01   0.0000000000e+00   5.0092556897e-01   0.0000000000e+00   0.0000000000e+00   3.8279023076e-01
   9.4953721551e+02   1.1628420026e-01   0.0000000000e+00   5.0092556897e-01   0.0000000000e+00   0.0000000000e+00   3.8279023076e-01
   9.4965619786e+02   1.1633964597e-01   0.0000000000e+00   5.0068760428e-01   0.0000000000e+00   0.0000000000e+00   3.8297274975e-01
   9.4965619786e+02   1.1633964597e-01   0.0000000000e+00   5.0068760428e-01   0.0000000000e+00   0.0000000000e+00   3.8297274975e-01
   9.4953721551e+02   1.1628420026e-01   0.0000000000e+00   5.0092556897e-01   0.0000000000e+00   0.0000000000e+00   3.8279023076e-01
   9.4953721551e+02   1.1628420026e-01   0.0000000000e+00   5.0092556897e-01   0.0000000000e+00   0.0000000000e+00   3.8279023076e-01
   9.4965619786e+02   1.1633964597e-01   0.0000000000e+00   5.0068760428e-01   0.0000000000e+00   0.0000000000e+00   3.8297274975e-01
   9.4965619786e+02   1.1633964597e-01   0.0000000000e+00   5.0068760428e-01   0.0000000000e+00   0.0000000000e+00   3.8297274975e-01
   9.3575857559e+02   1.0986336191e-01   0.0000000000e+00   5.2848284883e-01   0.0000000000e+00   0.0000000000e+00   3.6165378926e-01
   9.3575857559e+02   1.0986336191e-01   0.0000000000e+00   5.2848284883e-01   0.0000000000e+00   0.0000000000e+00   3.6165378926e-01
   9.3575857559e+02   1.0986336191e-01   0.0000000000e+00   5.2848284883e-01   0.0000000000e+00   0.0000000000e+00   3.6165378926e-01
   9.3575857559e+02   1.0986336191e-01   0.0000000000e+00   5.2848284883e-01   0.0000000000e+00   0.0000000000e+00   3.6165378926e-01
   9.3590759951e+02   1.0993280697e-01   0.0000000000e+00   5.2818480099e-01   0.0000000000e+00   0.0000000000e+00   3.6188239204e-01
   9.3590759951e+02   1.0993280697e-01   0.0000000000e+00   5.2818480099e-01   0.0000000000e+00   0.0000000000e+00   3.6188239204e-01
   9.3580825023e+02   1.0988651026e-01   0.0000000000e+00   5.2838349955e-01   0.0000000000e+00   0.0000000000e+00   3.6172999019e-01
   9.3580825023e+02   1.0988651026e-01   0.0000000000e+00   5.2838349955e-01   0.0000000000e+00   0.0000000000e+00   3.6172999019e-01
   9.4406977292e+02   1.1373637513e-01   0.0000000000e+00   5.1186045417e-01   0.0000000000e+00   0.0000000000e+00   3.7440317070e-01
   9.4406977292e+02   1.1373637513e-01   0.0000000000e+00   5.1186045417e-01   0.0000000000e+00   0.0000000000e+00   3.7440317070e-01
   9.4406977292e+02   1.1373637513e-01   0.0000000000e+00   5.1186045417e-01   0.0000000000e+00   0.0000000000e+00   3.7440317070e-01
   9.4406977292e+02   1.1373637513e-01   0.0000000000e+00   5.1186045417e-01   0.0000000000e+00   0.0000000000e+00   3.7440317070e-01
   9.4406977292e+02   1.1373637513e-01   0.0000000000e+00   5.1186045417e-01   0.0000000000e+00   0.0000000000e+00   3.7440317070e-01
   9.4406977292e+02   1.1373637513e-01   0.0000000000e+00   5.1186045417e-01   0.0000000000e+00   0.0000000000e+00   3.7440317070e-01
   9.4406977292e+02   1.1373637513e-01   0.0000000000e+00   5.1186045417e-01   0.0000000000e+00   0.0000000000e+00   3.7440317070e-01
   9.4406977292e+02   1.1373637513e-01   0.0000000000e+00   5.1186045417e-01   0.0000000000e+00   0.0000000000e+00   3.7440317070e-01
   9.4165371627e+02   1.1261049411e-01   0.0000000000e+00   5.1669256746e-01   0.0000000000e+00   0.0000000000e+00   3.7069693843e-01
   9.4165371627e+02   1.1261049411e-01   0.0000000000e+00   5.1669256746e-01   0.0000000000e+00   0.0000000000e+00   3.7069693843e-01
   9.4406977292e+02   1.1373637513e-01   0.0000000000e+00   5.1186045417e-01   0.0000000000e+00   0.0000000000e+00   3.7440317070e-01
   9.4406977292e+02   1.1373637513e-01   0.0000000000e+00   5.1186045417e-01   0.0000000000e+00   0.0000000000e+00   3.7440317070e-01
   9.4165371627e+02   1.1261049411e-01   0.0000000000e+00   5.1669256746e-01   0.0000000000e+00   0.0000000000e+00   3.7069693843e-01
   9.4165371627e+02   1.1261049411e-01   0.0000000000e+00   5.1669256746e-01   0.0000000000e+00   0.0000000000e+00   3.7069693843e-01
   9.3923765962e+02   1.1148461308e-01   0.0000000000e+00   5.2152468076e-01   0.0000000000e+00   0.0000000000e+00   3.6699070616e-01
   9.3923765962e+02   1.1148461308e-01   0.0000000000e+00   5.2152468076e-01   0.0000000000e+00   0.0000000000e+00   3.6699070616e-01
   9.4377097147e+02   1.1359713382e-01   0.0000000000e+00   5.1245805706e-01   0.0000000000e+00   0.0000000000e+00   3.7394480912e-01
   9.4377097147e+02   1.1359713382e-01   0.0000000000e+00   5.1245805706e-01   0.0000000000e+00   0.0000000000e+00   3.7394480912e-01
   9.4377097147e+02   1.1359713382e-01   0.0000000000e+00   5.1245805706e-01   0.0000000000e+00   0.0000000000e+00   3.7394480912e-01
   9.4377097147e+02   1.1359713382e-01   0.0000000000e+00   5.1245805706e-01   0.0000000000e+00   0.0000000000e+00   3.7394480912e-01
   9.4347217003e+02   1.1345789252e-01   0.0000000000e+00   5.1305565994e-01   0.0000000000e+00   0.0000000000e+00   3.7348644753e-01
   9.4347217003e+02   1.1345789252e-01   0.0000000000e+00   5.1305565994e-01   0.0000000000e+00   0.0000000000e+00   3.7348644753e-01
   9.4406977292e+02   1.1373637513e-01   0.0000000000e+00   5.1186045417e-01   0.0000000000e+00   0.0000000000e+00   3.7440317070e-01
   9.4406977292e+02   1.1373637513e-01   0.0000000000e+00   5.1186045417e-01   0.0000000000e+00   0.0000000000e+00   3.7440317070e-01
   9.4431562123e+02   1.1385094030e-01   0.0000000000e+00   5.1136875754e-01   0.0000000000e+00   0.0000000000e+00   3.7478030216e-01
   9.4431562123e+02   1.1385094030e-01   0.0000000000e+00   5.1136875754e-01   0.0000000000e+00   0.0000000000e+00   3.7478030216e-01
   9.4431562123e+02   1.1385094030e-01   0.0000000000e+00   5.1136875754e-01   0.0000000000e+00   0.0000000000e+00   3.7478030216e-01
   9.4431562123e+02   1.1385094030e-01   0.0000000000e+00   5.1136875754e-01   0.0000000000e+00   0.0000000000e+00   3.7478030216e-01
   9.4431562123e+02   1.1385094030e-01   0.0000000000e+00   5.1136875754e-01   0.0000000000e+00   0.0000000000e+00   3.7478030216e-01
   9.4431562123e+02   1.1385094030e-01   0.0000000000e+00   5.1136875754e-01   0.0000000000e+00   0.0000000000e+00   3.7478030216e-01
   9.4431562123e+02   1.1385094030e-01   0.0000000000e+00   5.1136875754e-01   0.0000000000e+00   0.0000000000e+00   3.7478030216e-01
   9.4431562123e+02   1.1385094030e-01   0.0000000000e+00   5.1136875754e-01   0.0000000000e+00   0.0000000000e+00   3.7478030216e-01
   9.5419017841e+02   1.1845247832e-01   0.0000000000e+00   4.9161964318e-01   0.0000000000e+00   0.0000000000e+00   3.8992787850e-01
   9.5419017841e+02   1.1845247832e-01   0.0000000000e+00   4.9161964318e-01   0.0000000000e+00   0.0000000000e+00   3.8992787850e-01
   9.5419017841e+02   1.1845247832e-01   0.0000000000e+00   4.9161964318e-01   0.0000000000e+00   0.0000000000e+00   3.8992787850e-01
   9.5419017841e+02   1.1845247832e-01   0.0000000000e+00   4.9161964318e-01   0.0000000000e+00   0.0000000000e+00   3.8992787850e-01
   9.5001735894e+02   1.1650794683e-01   0.0000000000e+00   4.9996528212e-01   0.0000000000e+00   0.0000000000e+00   3.8352677105e-01
   9.5001735894e+02   1.1650794683e-01   0.0000000000e+00   4.9996528212e-01   0.0000000000e+00   0.0000000000e+00   3.8352677105e-01
   9.5001735894e+02   1.1650794683e-01   0.0000000000e+00   4.9996528212e-01   0.0000000000e+00   0.0000000000e+00   3.8352677105e-01
   9.5001735894e+02   1.1650794683e-01   0.0000000000e+00   4.9996528212e-01   0.0000000000e+00   0.0000000000e+00   3.8352677105e-01
   9.5462184158e+02   1.1865363311e-01   0.0000000000e+00   4.9075631684e-01   0.0000000000e+00   0.0000000000e+00   3.9059005005e-01
   9.5462184158e+02   1.1865363311e-01   0.0000000000e+00   4.9075631684e-01   0.0000000000e+00   0.0000000000e+00   3.9059005005e-01
   9.4739118564e+02   1.1528415157e-01   0.0000000000e+00   5.0521762872e-01   0.0000000000e+00   0.0000000000e+00   3.7949821972e-01
   9.4739118564e+02   1.1528415157e-01   0.0000000000e+00   5.0521762872e-01   0.0000000000e+00   0.0000000000e+00   3.7949821972e-01
   9.5879466105e+02   1.2059816461e-01   0.0000000000e+00   4.8241067789e-01   0.0000000000e+00   0.0000000000e+00   3.9699115750e-01
   9.5879466105e+02   1.2059816461e-01   0.0000000000e+00   4.8241067789e-01   0.0000000000e+00   0.0000000000e+00   3.9699115750e-01
   9.5879466105e+02   1.2059816461e-01   0.0000000000e+00   4.8241067789e-01   0.0000000000e+00   0.0000000000e+00   3.9699115750e-01
   9.5879466105e+02   1.2059816461e-01   0.0000000000e+00   4.8241067789e-01   0.0000000000e+00   0.0000000000e+00   3.9699115750e-01
   9.5879466105e+02   1.2059816461e-01   0.0000000000e+00   4.8241067789e-01   0.0000000000e+00   0.0000000000e+00   3.9699115750e-01
   9.5879466105e+02   1.2059816461e-01   0.0000000000e+00   4.8241067789e-01   0.0000000000e+00   0.0000000000e+00   3.9699115750e-01
   9.5879466105e+02   1.2059816461e-01   0.0000000000e+00   4.8241067789e-01   0.0000000000e+00   0.0000000000e+00   3.9699115750e-01
   9.5879466105e+02   1.2059816461e-01   0.0000000000e+00   4.8241067789e-01   0.0000000000e+00   0.0000000000e+00   3.9699115750e-01
   9.5100651361e+02   1.1696889234e-01   0.0000000000e+00   4.9798697278e-01   0.0000000000e+00   0.0000000000e+00   3.8504413488e-01
   9.5100651361e+02   1.1696889234e-01   0.0000000000e+00   4.9798697278e-01   0.0000000000e+00   0.0000000000e+00   3.8504413488e-01
   9.5100651361e+02   1.1696889234e-01   0.0000000000e+00   4.9798697278e-01   0.0000000000e+00   0.0000000000e+00   3.8504413488e-01
   9.5100651361e+02   1.1696889234e-01   0.0000000000e+00   4.9798697278e-01   0.0000000000e+00   0.0000000000e+00   3.8504413488e-01
   9.6168928956e+02   1.2194705985e-01   0.0000000000e+00   4.7662142087e-01   0.0000000000e+00   0.0000000000e+00   4.0143151928e-01
   9.6168928956e+02   1.2194705985e-01   0.0000000000e+00   4.7662142087e-01   0.0000000000e+00   0.0000000000e+00   4.0143151928e-01
   9.6168928956e+02   1.2194705985e-01   0.0000000000e+00   4.7662142087e-01   0.0000000000e+00   0.0000000000e+00   4.0143151928e-01
   9.6168928956e+02   1.2194705985e-01   0.0000000000e+00   4.7662142087e-01   0.0000000000e+00   0.0000000000e+00   4.0143151928e-01
   9.5408114301e+02   1.1840166789e-01   0.0000000000e+00   4.9183771398e-01   0.0000000000e+00   0.0000000000e+00   3.8976061813e-01
   9.5408114301e+02   1.1840166789e-01   0.0000000000e+00   4.9183771398e-01   0.0000000000e+00   0.0000000000e+00   3.8976061813e-01
   9.5408114301e+02   1.1840166789e-01   0.0000000000e+00   4.9183771398e-01   0.0000000000e+00   0.0000000000e+00   3.8976061813e-01
   9.5408114301e+02   1.1840166789e-01   0.0000000000e+00   4.9183771398e-01   0.0000000000e+00   0.0000000000e+00   3.8976061813e-01
   9.5127163756e+02   1.1709243995e-01   0.0000000000e+00   4.9745672488e-01   0.0000000000e+00   0.0000000000e+00   3.8545083517e-01
   9.5127163756e+02   1.1709243995e-01   0.0000000000e+00   4.9745672488e-01   0.0000000000e+00   0.0000000000e+00   3.8545083517e-01
   9.6168928956e+02   1.2194705985e-01   0.0000000000e+00   4.7662142087e-01   0.0000000000e+00   0.0000000000e+00   4.0143151928e-01
   9.6168928956e+02   1.2194705985e-01   0.0000000000e+00   4.7662142087e-01   0.0000000000e+00   0.0000000000e+00   4.0143151928e-01
   9.6168928956e+02   1.2194705985e-01   0.0000000000e+00   4.7662142087e-01   0.0000000000e+00   0.0000000000e+00   4.0143151928e-01
   9.6168928956e+02   1.2194705985e-01   0.0000000000e+00   4.7662142087e-01   0.0000000000e+00   0.0000000000e+00   4.0143151928e-01
   9.4565262666e+02   1.1447398407e-01   0.0000000000e+00   5.0869474667e-01   0.0000000000e+00   0.0000000000e+00   3.7683126925e-01
   9.4565262666e+02   1.1447398407e-01   0.0000000000e+00   5.0869474667e-01   0.0000000000e+00   0.0000000000e+00   3.7683126925e-01
   9.6168928956e+02   1.2194705985e-01   0.0000000000e+00   4.7662142087e-01   0.0000000000e+00   0.0000000000e+00   4.0143151928e-01
   9.6168928956e+02   1.2194705985e-01   0.0000000000e+00   4.7662142087e-01   0.0000000000e+00   0.0000000000e+00   4.0143151928e-01
   9.6168928956e+02   1.2194705985e-01   0.0000000000e+00   4.7662142087e-01   0.0000000000e+00   0.0000000000e+00   4.0143151928e-01
   9.6168928956e+02   1.2194705985e-01   0.0000000000e+00   4.7662142087e-01   0.0000000000e+00   0.0000000000e+00   4.0143151928e-01
   9.6246354962e+02   1.2230786459e-01   0.0000000000e+00   4.7507290076e-01   0.0000000000e+00   0.0000000000e+00   4.0261923465e-01
   9.6246354962e+02   1.2230786459e-01   0.0000000000e+00   4.7507290076e-01   0.0000000000e+00   0.0000000000e+00   4.0261923465e-01
   9.6246354962e+02   1.2230786459e-01   0.0000000000e+00   4.7507290076e-01   0.0000000000e+00   0.0000000000e+00   4.0261923465e-01
   9.6246354962e+02   1.2230786459e-01   0.0000000000e+00   4.7507290076e-01   0.0000000000e+00   0.0000000000e+00   4.0261923465e-01
   9.6246354962e+02   1.2230786459e-01   0.0000000000e+00   4.7507290076e-01   0.0000000000e+00   0.0000000000e+00   4.0261923465e-01
   9.6246354962e+02   1.2230786459e-01   0.0000000000e+00   4.7507290076e-01   0.0000000000e+00   0.0000000000e+00   4.0261923465e-01
   9.6168928956e+02   1.2194705985e-01   0.0000000000e+00   4.7662142087e-01   0.0000000000e+00   0.0000000000e+00   4.0143151928e-01
   9.6168928956e+02   1.2194705985e-01   0.0000000000e+00   4.7662142087e-01   0.0000000000e+00   0.0000000000e+00   4.0143151928e-01
   9.6246354962e+02   1.2230786459e-01   0.0000000000e+00   4.7507290076e-01   0.0000000000e+00   0.0000000000e+00   4.0261923465e-01
   9.6246354962e+02   1.2230786459e-01   0.0000000000e+00   4.7507290076e-01   0.0000000000e+00   0.0000000000e+00   4.0261923465e-01
   9.6168928956e+02   1.2194705985e-01   0.0000000000e+00   4.7662142087e-01   0.0000000000e+00   0.0000000000e+00   4.0143151928e-01
   9.6168928956e+02   1.2194705985e-01   0.0000000000e+00   4.7662142087e-01   0.0000000000e+00   0.0000000000e+00   4.0143151928e-01
   9.3347752090e+02   1.0880039172e-01   0.0000000000e+00   5.3304495820e-01   0.0000000000e+00   0.0000000000e+00   3.5815465008e-01
   9.3347752090e+02   1.0880039172e-01   0.0000000000e+00   5.3304495820e-01   0.0000000000e+00   0.0000000000e+00   3.5815465008e-01
   9.3347752090e+02   1.0880039172e-01   0.0000000000e+00   5.3304495820e-01   0.0000000000e+00   0.0000000000e+00   3.5815465008e-01
   9.3347752090e+02   1.0880039172e-01   0.0000000000e+00   5.3304495820e-01   0.0000000000e+00   0.0000000000e+00   3.5815465008e-01
   9.3214766857e+02   1.0818068130e-01   0.0000000000e+00   5.3570466286e-01   0.0000000000e+00   0.0000000000e+00   3.5611465585e-01
   9.3214766857e+02   1.0818068130e-01   0.0000000000e+00   5.3570466286e-01   0.0000000000e+00   0.0000000000e+00   3.5611465585e-01
   9.3214766857e+02   1.0818068130e-01   0.0000000000e+00   5.3570466286e-01   0.0000000000e+00   0.0000000000e+00   3.5611465585e-01
   9.3214766857e+02   1.0818068130e-01   0.0000000000e+00   5.3570466286e-01   0.0000000000e+00   0.0000000000e+00   3.5611465585e-01
   9.3303423679e+02   1.0859382158e-01   0.0000000000e+00   5.3393152642e-01   0.0000000000e+00   0.0000000000e+00   3.5747465200e-01
   9.3303423679e+02   1.0859382158e-01   0.0000000000e+00   5.3393152642e-01   0.0000000000e+00   0.0000000000e+00   3.5747465200e-01
   9.3259095268e+02   1.0838725144e-01   0.0000000000e+00   5.3481809464e-01   0.0000000000e+00   0.0000000000e+00   3.5679465393e-01
   9.3259095268e+02   1.0838725144e-01   0.0000000000e+00   5.3481809464e-01   0.0000000000e+00   0.0000000000e+00   3.5679465393e-01
   9.3081781624e+02   1.0756097087e-01   0.0000000000e+00   5.3836436752e-01   0.0000000000e+00   0.0000000000e+00   3.5407466161e-01
   9.3081781624e+02   1.0756097087e-01   0.0000000000e+00   5.3836436752e-01   0.0000000000e+00   0.0000000000e+00   3.5407466161e-01
   9.3303423679e+02   1.0859382158e-01   0.0000000000e+00   5.3393152642e-01   0.0000000000e+00   0.0000000000e+00   3.5747465200e-01
   9.3303423679e+02   1.0859382158e-01   0.0000000000e+00   5.3393152642e-01   0.0000000000e+00   0.0000000000e+00   3.5747465200e-01
   9.7186837305e+02   1.2669050695e-01   0.0000000000e+00   4.5626325391e-01   0.0000000000e+00   0.0000000000e+00   4.1704623914e-01
   9.7186837305e+02   1.2669050695e-01   0.0000000000e+00   4.5626325391e-01   0.0000000000e+00   0.0000000000e+00   4.1704623914e-01
   9.7232671316e+02   1.2690409318e-01   0.0000000000e+00   4.5534657368e-01   0.0000000000e+00   0.0000000000e+00   4.1774933314e-01
   9.7232671316e+02   1.2690409318e-01   0.0000000000e+00   4.5534657368e-01   0.0000000000e+00   0.0000000000e+00   4.1774933314e-01
   9.7186837305e+02   1.2669050695e-01   0.0000000000e+00   4.5626325391e-01   0.0000000000e+00   0.0000000000e+00   4.1704623914e-01
   9.7186837305e+02   1.2669050695e-01   0.0000000000e+00   4.5626325391e-01   0.0000000000e+00   0.0000000000e+00   4.1704623914e-01
   9.7232671316e+02   1.2690409318e-01   0.0000000000e+00   4.5534657368e-01   0.0000000000e+00   0.0000000000e+00   4.1774933314e-01
   9.7232671316e+02   1.2690409318e-01   0.0000000000e+00   4.5534657368e-01   0.0000000000e+00   0.0000000000e+00   4.1774933314e-01
   9.7141003293e+02   1.2647692072e-01   0.0000000000e+00   4.5717993414e-01   0.0000000000e+00   0.0000000000e+00   4.1634314514e-01
   9.7141003293e+02   1.2647692072e-01   0.0000000000e+00   4.5717993414e-01   0.0000000000e+00   0.0000000000e+00   4.1634314514e-01
   9.7141003293e+02   1.2647692072e-01   0.0000000000e+00   4.5717993414e-01   0.0000000000e+00   0.0000000000e+00   4.1634314514e-01
   9.7141003293e+02   1.2647692072e-01   0.0000000000e+00   4.5717993414e-01   0.0000000000e+00   0.0000000000e+00   4.1634314514e-01
   9.7141003293e+02   1.2647692072e-01   0.0000000000e+00   4.5717993414e-01   0.0000000000e+00   0.0000000000e+00   4.1634314514e-01
   9.7141003293e+02   1.2647692072e-01   0.0000000000e+00   4.5717993414e-01   0.0000000000e+00   0.0000000000e+00   4.1634314514e-01
   9.7232671316e+02   1.2690409318e-01   0.0000000000e+00   4.5534657368e-01   0.0000000000e+00   0.0000000000e+00   4.1774933314e-01
   9.7232671316e+02   1.2690409318e-01   0.0000000000e+00   4.5534657368e-01   0.0000000000e+00   0.0000000000e+00   4.1774933314e-01
   9.3496752993e+02   1.0949473508e-01   0.0000000000e+00   5.3006494014e-01   0.0000000000e+00   0.0000000000e+00   3.6044032478e-01
   9.3496752993e+02   1.0949473508e-01   0.0000000000e+00   5.3006494014e-01   0.0000000000e+00   0.0000000000e+00   3.6044032478e-01
   9.3496752993e+02   1.0949473508e-01   0.0000000000e+00   5.3006494014e-01   0.0000000000e+00   0.0000000000e+00   3.6044032478e-01
   9.3496752993e+02   1.0949473508e-01   0.0000000000e+00   5.3006494014e-01   0.0000000000e+00   0.0000000000e+00   3.6044032478e-01
   9.3496752993e+02   1.0949473508e-01   0.0000000000e+00   5.3006494014e-01   0.0000000000e+00   0.0000000000e+00   3.6044032478e-01
   9.3496752993e+02   1.0949473508e-01   0.0000000000e+00   5.3006494014e-01   0.0000000000e+00   0.0000000000e+00   3.6044032478e-01
   9.3496752993e+02   1.0949473508e-01   0.0000000000e+00   5.3006494014e-01   0.0000000000e+00   0.0000000000e+00   3.6044032478e-01
   9.3496752993e+02   1.0949473508e-01   0.0000000000e+00   5.3006494014e-01   0.0000000000e+00   0.0000000000e+00   3.6044032478e-01
   9.3351639006e+02   1.0881850473e-01   0.0000000000e+00   5.3296721988e-01   0.0000000000e+00   0.0000000000e+00   3.5821427539e-01
   9.3351639006e+02   1.0881850473e-01   0.0000000000e+00   5.3296721988e-01   0.0000000000e+00   0.0000000000e+00   3.5821427539e-01
   9.3641866980e+02   1.1017096543e-01   0.0000000000e+00   5.2716266041e-01   0.0000000000e+00   0.0000000000e+00   3.6266637416e-01
   9.3641866980e+02   1.1017096543e-01   0.0000000000e+00   5.2716266041e-01   0.0000000000e+00   0.0000000000e+00   3.6266637416e-01
   9.3351639006e+02   1.0881850473e-01   0.0000000000e+00   5.3296721988e-01   0.0000000000e+00   0.0000000000e+00   3.5821427539e-01
   9.3351639006e+02   1.0881850473e-01   0.0000000000e+00   5.3296721988e-01   0.0000000000e+00   0.0000000000e+00   3.5821427539e-01
   9.3641866980e+02   1.1017096543e-01   0.0000000000e+00   5.2716266041e-01   0.0000000000e+00   0.0000000000e+00   3.6266637416e-01
   9.3641866980e+02   1.1017096543e-01   0.0000000000e+00   5.2716266041e-01   0.0000000000e+00   0.0000000000e+00   3.6266637416e-01
   9.6006142149e+02   1.2118847425e-01   0.0000000000e+00   4.7987715702e-01   0.0000000000e+00   0.0000000000e+00   3.9893436873e-01
   9.6006142149e+02   1.2118847425e-01   0.0000000000e+00   4.7987715702e-01   0.0000000000e+00   0.0000000000e+00   3.9893436873e-01
   9.6006142149e+02   1.2118847425e-01   0.0000000000e+00   4.7987715702e-01   0.0000000000e+00   0.0000000000e+00   3.9893436873e-01
   9.6006142149e+02   1.2118847425e-01   0.0000000000e+00   4.7987715702e-01   0.0000000000e+00   0.0000000000e+00   3.9893436873e-01
   9.6561651217e+02   1.2377714335e-01   0.0000000000e+00   4.6876697565e-01   0.0000000000e+00   0.0000000000e+00   4.0745588100e-01
   9.6561651217e+02   1.2377714335e-01   0.0000000000e+00   4.6876697565e-01   0.0000000000e+00   0.0000000000e+00   4.0745588100e-01
   9.6561651217e+02   1.2377714335e-01   0.0000000000e+00   4.6876697565e-01   0.0000000000e+00   0.0000000000e+00   4.0745588100e-01
   9.6561651217e+02   1.2377714335e-01   0.0000000000e+00   4.6876697565e-01   0.0000000000e+00   0.0000000000e+00   4.0745588100e-01
   9.6164510384e+02   1.2192646932e-01   0.0000000000e+00   4.7670979232e-01   0.0000000000e+00   0.0000000000e+00   4.0136373835e-01
   9.6164510384e+02   1.2192646932e-01   0.0000000000e+00   4.7670979232e-01   0.0000000000e+00   0.0000000000e+00   4.0136373835e-01
   9.6164510384e+02   1.2192646932e-01   0.0000000000e+00   4.7670979232e-01   0.0000000000e+00   0.0000000000e+00   4.0136373835e-01
   9.6164510384e+02   1.2192646932e-01   0.0000000000e+00   4.7670979232e-01   0.0000000000e+00   0.0000000000e+00   4.0136373835e-01
   9.6006142149e+02   1.2118847425e-01   0.0000000000e+00   4.7987715702e-01   0.0000000000e+00   0.0000000000e+00   3.9893436873e-01
   9.6006142149e+02   1.2118847425e-01   0.0000000000e+00   4.7987715702e-01   0.0000000000e+00   0.0000000000e+00   3.9893436873e-01
   9.6006142149e+02   1.2118847425e-01   0.0000000000e+00   4.7987715702e-01   0.0000000000e+00   0.0000000000e+00   3.9893436873e-01
   9.6006142149e+02   1.2118847425e-01   0.0000000000e+00   4.7987715702e-01   0.0000000000e+00   0.0000000000e+00   3.9893436873e-01
   9.6195701975e+02   1.2207182196e-01   0.0000000000e+00   4.7608596050e-01   0.0000000000e+00   0.0000000000e+00   4.0184221754e-01
   9.6195701975e+02   1.2207182196e-01   0.0000000000e+00   4.7608596050e-01   0.0000000000e+00   0.0000000000e+00   4.0184221754e-01
   9.6195701975e+02   1.2207182196e-01   0.0000000000e+00   4.7608596050e-01   0.0000000000e+00   0.0000000000e+00   4.0184221754e-01
   9.6195701975e+02   1.2207182196e-01   0.0000000000e+00   4.7608596050e-01   0.0000000000e+00   0.0000000000e+00   4.0184221754e-01
   9.6195701975e+02   1.2207182196e-01   0.0000000000e+00   4.7608596050e-01   0.0000000000e+00   0.0000000000e+00   4.0184221754e-01
   9.6195701975e+02   1.2207182196e-01   0.0000000000e+00   4.7608596050e-01   0.0000000000e+00   0.0000000000e+00   4.0184221754e-01
   9.6195701975e+02   1.2207182196e-01   0.0000000000e+00   4.7608596050e-01   0.0000000000e+00   0.0000000000e+00   4.0184221754e-01
   9.6195701975e+02   1.2207182196e-01   0.0000000000e+00   4.7608596050e-01   0.0000000000e+00   0.0000000000e+00   4.0184221754e-01
   9.3600584935e+02   1.0997859134e-01   0.0000000000e+00   5.2798830130e-01   0.0000000000e+00   0.0000000000e+00   3.6203310736e-01
   9.3600584935e+02   1.0997859134e-01   0.0000000000e+00   5.2798830130e-01   0.0000000000e+00   0.0000000000e+00   3.6203310736e-01
   9.3647597848e+02   1.1019767125e-01   0.0000000000e+00   5.2704804304e-01   0.0000000000e+00   0.0000000000e+00   3.6275428572e-01
   9.3647597848e+02   1.1019767125e-01   0.0000000000e+00   5.2704804304e-01   0.0000000000e+00   0.0000000000e+00   3.6275428572e-01
   9.3631926877e+02   1.1012464461e-01   0.0000000000e+00   5.2736146246e-01   0.0000000000e+00   0.0000000000e+00   3.6251389293e-01
   9.3631926877e+02   1.1012464461e-01   0.0000000000e+00   5.2736146246e-01   0.0000000000e+00   0.0000000000e+00   3.6251389293e-01
   9.3631926877e+02   1.1012464461e-01   0.0000000000e+00   5.2736146246e-01   0.0000000000e+00   0.0000000000e+00   3.6251389293e-01
   9.3631926877e+02   1.1012464461e-01   0.0000000000e+00   5.2736146246e-01   0.0000000000e+00   0.0000000000e+00   3.6251389293e-01
   9.3646880083e+02   1.1019432646e-01   0.0000000000e+00   5.2706239835e-01   0.0000000000e+00   0.0000000000e+00   3.6274327519e-01
   9.3646880083e+02   1.1019432646e-01   0.0000000000e+00   5.2706239835e-01   0.0000000000e+00   0.0000000000e+00   3.6274327519e-01
   9.3646880083e+02   1.1019432646e-01   0.0000000000e+00   5.2706239835e-01   0.0000000000e+00   0.0000000000e+00   3.6274327519e-01
   9.3646880083e+02   1.1019432646e-01   0.0000000000e+00   5.2706239835e-01   0.0000000000e+00   0.0000000000e+00   3.6274327519e-01
   9.3633362408e+02   1.1013133418e-01   0.0000000000e+00   5.2733275184e-01   0.0000000000e+00   0.0000000000e+00   3.6253591398e-01
   9.3633362408e+02   1.1013133418e-01   0.0000000000e+00   5.2733275184e-01   0.0000000000e+00   0.0000000000e+00   3.6253591398e-01
   9.3616255906e+02   1.1005161797e-01   0.0000000000e+00   5.2767488188e-01   0.0000000000e+00   0.0000000000e+00   3.6227350014e-01
   9.3616255906e+02   1.1005161797e-01   0.0000000000e+00   5.2767488188e-01   0.0000000000e+00   0.0000000000e+00   3.6227350014e-01
   9.6228296868e+02   1.2222371398e-01   0.0000000000e+00   4.7543406265e-01   0.0000000000e+00   0.0000000000e+00   4.0234222338e-01
   9.6228296868e+02   1.2222371398e-01   0.0000000000e+00   4.7543406265e-01   0.0000000000e+00   0.0000000000e+00   4.0234222338e-01
   9.6228296868e+02   1.2222371398e-01   0.0000000000e+00   4.7543406265e-01   0.0000000000e+00   0.0000000000e+00   4.0234222338e-01
   9.6228296868e+02   1.2222371398e-01   0.0000000000e+00   4.7543406265e-01   0.0000000000e+00   0.0000000000e+00   4.0234222338e-01
   9.6159457953e+02   1.2190292502e-01   0.0000000000e+00   4.7681084094e-01   0.0000000000e+00   0.0000000000e+00   4.0128623403e-01
   9.6159457953e+02   1.2190292502e-01   0.0000000000e+00   4.7681084094e-01   0.0000000000e+00   0.0000000000e+00   4.0128623403e-01
   9.6159457953e+02   1.2190292502e-01   0.0000000000e+00   4.7681084094e-01   0.0000000000e+00   0.0000000000e+00   4.0128623403e-01
   9.6159457953e+02   1.2190292502e-01   0.0000000000e+00   4.7681084094e-01   0.0000000000e+00   0.0000000000e+00   4.0128623403e-01
   9.4337467297e+02   1.1341245895e-01   0.0000000000e+00   5.1325065407e-01   0.0000000000e+00   0.0000000000e+00   3.7333688698e-01
   9.4337467297e+02   1.1341245895e-01   0.0000000000e+00   5.1325065407e-01   0.0000000000e+00   0.0000000000e+00   3.7333688698e-01
   9.4337467297e+02   1.1341245895e-01   0.0000000000e+00   5.1325065407e-01   0.0000000000e+00   0.0000000000e+00   3.7333688698e-01
   9.4337467297e+02   1.1341245895e-01   0.0000000000e+00   5.1325065407e-01   0.0000000000e+00   0.0000000000e+00   3.7333688698e-01
   9.4337467297e+02   1.1341245895e-01   0.0000000000e+00   5.1325065407e-01   0.0000000000e+00   0.0000000000e+00   3.7333688698e-01
   9.4337467297e+02   1.1341245895e-01   0.0000000000e+00   5.1325065407e-01   0.0000000000e+00   0.0000000000e+00   3.7333688698e-01
   9.4337467297e+02   1.1341245895e-01   0.0000000000e+00   5.1325065407e-01   0.0000000000e+00   0.0000000000e+00   3.7333688698e-01
   9.4337467297e+02   1.1341245895e-01   0.0000000000e+00   5.1325065407e-01   0.0000000000e+00   0.0000000000e+00   3.7333688698e-01
   9.6589034793e+02   1.2390475065e-01   0.0000000000e+00   4.6821930415e-01   0.0000000000e+00   0.0000000000e+00   4.0787594520e-01
   9.6589034793e+02   1.2390475065e-01   0.0000000000e+00   4.6821930415e-01   0.0000000000e+00   0.0000000000e+00   4.0787594520e-01
   9.6589034793e+02   1.2390475065e-01   0.0000000000e+00   4.6821930415e-01   0.0000000000e+00   0.0000000000e+00   4.0787594520e-01
   9.6589034793e+02   1.2390475065e-01   0.0000000000e+00   4.6821930415e-01   0.0000000000e+00   0.0000000000e+00   4.0787594520e-01
   9.6589034793e+02   1.2390475065e-01   0.0000000000e+00   4.6821930415e-01   0.0000000000e+00   0.0000000000e+00   4.0787594520e-01
   9.6589034793e+02   1.2390475065e-01   0.0000000000e+00   4.6821930415e-01   0.0000000000e+00   0.0000000000e+00   4.0787594520e-01
   9.6589034793e+02   1.2390475065e-01   0.0000000000e+00   4.6821930415e-01   0.0000000000e+00   0.0000000000e+00   4.0787594520e-01
   9.6589034793e+02   1.2390475065e-01   0.0000000000e+00   4.6821930415e-01   0.0000000000e+00   0.0000000000e+00   4.0787594520e-01
   9.4278003452e+02   1.1313535777e-01   0.0000000000e+00   5.1443993095e-01   0.0000000000e+00   0.0000000000e+00   3.7242471128e-01
   9.4278003452e+02   1.1313535777e-01   0.0000000000e+00   5.1443993095e-01   0.0000000000e+00   0.0000000000e+00   3.7242471128e-01
   9.4051632146e+02   1.1208046877e-01   0.0000000000e+00   5.1896735709e-01   0.0000000000e+00   0.0000000000e+00   3.6895217414e-01
   9.4051632146e+02   1.1208046877e-01   0.0000000000e+00   5.1896735709e-01   0.0000000000e+00   0.0000000000e+00   3.6895217414e-01
   9.3922699803e+02   1.1147964479e-01   0.0000000000e+00   5.2154600393e-01   0.0000000000e+00   0.0000000000e+00   3.6697435128e-01
   9.3922699803e+02   1.1147964479e-01   0.0000000000e+00   5.2154600393e-01   0.0000000000e+00   0.0000000000e+00   3.6697435128e-01
   9.4278003452e+02   1.1313535777e-01   0.0000000000e+00   5.1443993095e-01   0.0000000000e+00   0.0000000000e+00   3.7242471128e-01
   9.4278003452e+02   1.1313535777e-01   0.0000000000e+00   5.1443993095e-01   0.0000000000e+00   0.0000000000e+00   3.7242471128e-01
   9.5478766212e+02   1.1873090539e-01   0.0000000000e+00   4.9042467576e-01   0.0000000000e+00   0.0000000000e+00   3.9084441885e-01
   9.5478766212e+02   1.1873090539e-01   0.0000000000e+00   4.9042467576e-01   0.0000000000e+00   0.0000000000e+00   3.9084441885e-01
   9.5478766212e+02   1.1873090539e-01   0.0000000000e+00   4.9042467576e-01   0.0000000000e+00   0.0000000000e+00   3.9084441885e-01
   9.5478766212e+02   1.1873090539e-01   0.0000000000e+00   4.9042467576e-01   0.0000000000e+00   0.0000000000e+00   3.9084441885e-01
   9.5985523862e+02   1.2109239315e-01   0.0000000000e+00   4.8028952276e-01   0.0000000000e+00   0.0000000000e+00   3.9861808409e-01
   9.5985523862e+02   1.2109239315e-01   0.0000000000e+00   4.8028952276e-01   0.0000000000e+00   0.0000000000e+00   3.9861808409e-01
   9.4972008561e+02   1.1636941763e-01   0.0000000000e+00   5.0055982877e-01   0.0000000000e+00   0.0000000000e+00   3.8307075360e-01
   9.4972008561e+02   1.1636941763e-01   0.0000000000e+00   5.0055982877e-01   0.0000000000e+00   0.0000000000e+00   3.8307075360e-01