# time = 58.0314
# Grid Poins = 256    variable_0    variable_1    variable_2    variable_3    variable_4    variable_5    variable_6
   9.5000405126e+02   1.1650174546e-01   0.0000000000e+00   4.9999189747e-01   0.0000000000e+00   0.0000000000e+00   3.8350635707e-01
   9.5000405126e+02   1.1650174546e-01   0.0000000000e+00   4.9999189747e-01   0.0000000000e+00   0.0000000000e+00   3.8350635707e-01
   9.5000405126e+02   1.1650174546e-01   0.0000000000e+00   4.9999189747e-01   0.0000000000e+00   0.0000000000e+00   3.8350635707e-01
   9.5000405126e+02   1.1650174546e-01   0.0000000000e+00   4.9999189747e-01   0.0000000000e+00   0.0000000000e+00   3.8350635707e-01
   9.5000952843e+02   1.1650429781e-01   0.0000000000e+00   4.9998094315e-01   0.0000000000e+00   0.0000000000e+00   3.8351475904e-01
   9.5000952843e+02   1.1650429781e-01   0.0000000000e+00   4.9998094315e-01   0.0000000000e+00   0.0000000000e+00   3.8351475904e-01
   9.5000952843e+02   1.1650429781e-01   0.0000000000e+00   4.9998094315e-01   0.0000000000e+00   0.0000000000e+00   3.8351475904e-01
   9.5000952843e+02   1.1650429781e-01   0.0000000000e+00   4.9998094315e-01   0.0000000000e+00   0.0000000000e+00   3.8351475904e-01
   9.5000740346e+02   1.1650330758e-01   0.0000000000e+00   4.9998519309e-01   0.0000000000e+00   0.0000000000e+00   3.8351149934e-01
   9.5000740346e+02   1.1650330758e-01   0.0000000000e+00   4.9998519309e-01   0.0000000000e+00   0.0000000000e+00   3.8351149934e-01
   9.5000740346e+02   1.1650330758e-01   0.0000000000e+00   4.9998519309e-01   0.0000000000e+00   0.0000000000e+00   3.8351149934e-01
   9.5000740346e+02   1.1650330758e-01   0.0000000000e+00   4.9998519309e-01   0.0000000000e+00   0.0000000000e+00   3.8351149934e-01
   9.5000315352e+02   1.1650132711e-01   0.0000000000e+00   4.9999369296e-01   0.0000000000e+00   0.0000000000e+00   3.8350497993e-01
   9.5000315352e+02   1.1650132711e-01   0.0000000000e+00   4.9999369296e-01   0.0000000000e+00   0.0000000000e+00   3.8350497993e-01
   9.5000315352e+02   1.1650132711e-01   0.0000000000e+00   4.9999369296e-01   0.0000000000e+00   0.0000000000e+00   3.8350497993e-01
   9.5000315352e+02   1.1650132711e-01   0.0000000000e+00   4.9999369296e-01   0.0000000000e+00   0.0000000000e+00   3.8350497993e-01
   9.4998586208e+02   1.1649326931e-01   0.0000000000e+00   5.0002827583e-01   0.0000000000e+00   0.0000000000e+00   3.8347845486e-01
   9.4998586208e+02   1.1649326931e-01   0.0000000000e+00   5.0002827583e-01   0.0000000000e+00   0.0000000000e+00   3.8347845486e-01
   9.4998586208e+02   1.1649326931e-01   0.0000000000e+00   5.0002827583e-01   0.0000000000e+00   0.0000000000e+00   3.8347845486e-01
   9.4998586208e+02   1.1649326931e-01   0.0000000000e+00   5.0002827583e-01   0.0000000000e+00   0.0000000000e+00   3.8347845486e-01
   9.4997069562e+02   1.1648620175e-01   0.0000000000e+00   5.0005860876e-01   0.0000000000e+00   0.0000000000e+00   3.8345518949e-01
   9.4997069562e+02   1.1648620175e-01   0.0000000000e+00   5.0005860876e-01   0.0000000000e+00   0.0000000000e+00   3.8345518949e-01
   9.5000102855e+02   1.1650033687e-01   0.0000000000e+00   4.9999794290e-01   0.0000000000e+00   0.0000000000e+00   3.8350172023e-01
   9.5000102855e+02   1.1650033687e-01   0.0000000000e+00   4.9999794290e-01   0.0000000000e+00   0.0000000000e+00   3.8350172023e-01
   9.5000102855e+02   1.1650033687e-01   0.0000000000e+00   4.9999794290e-01   0.0000000000e+00   0.0000000000e+00   3.8350172023e-01
   9.5000102855e+02   1.1650033687e-01   0.0000000000e+00   4.9999794290e-01   0.0000000000e+00   0.0000000000e+00   3.8350172023e-01
   9.5000102855e+02   1.1650033687e-01   0.0000000000e+00   4.9999794290e-01   0.0000000000e+00   0.0000000000e+00   3.8350172023e-01
   9.5000102855e+02   1.1650033687e-01   0.0000000000e+00   4.9999794290e-01   0.0000000000e+00   0.0000000000e+00   3.8350172023e-01
   9.4997067506e+02   1.1648619217e-01   0.0000000000e+00   5.0005864987e-01   0.0000000000e+00   0.0000000000e+00   3.8345515796e-01
   9.4997067506e+02   1.1648619217e-01   0.0000000000e+00   5.0005864987e-01   0.0000000000e+00   0.0000000000e+00   3.8345515796e-01
   9.4997067506e+02   1.1648619217e-01   0.0000000000e+00   5.0005864987e-01   0.0000000000e+00   0.0000000000e+00   3.8345515796e-01
   9.4997067506e+02   1.1648619217e-01   0.0000000000e+00   5.0005864987e-01   0.0000000000e+00   0.0000000000e+00   3.8345515796e-01
   9.5000952843e+02   1.1650429781e-01   0.0000000000e+00   4.9998094315e-01   0.0000000000e+00   0.0000000000e+00   3.8351475904e-01
   9.5000952843e+02   1.1650429781e-01   0.0000000000e+00   4.9998094315e-01   0.0000000000e+00   0.0000000000e+00   3.8351475904e-01
   9.5000952843e+02   1.1650429781e-01   0.0000000000e+00   4.9998094315e-01   0.0000000000e+00   0.0000000000e+00   3.8351475904e-01
   9.5000952843e+02   1.1650429781e-01   0.0000000000e+00   4.9998094315e-01   0.0000000000e+00   0.0000000000e+00   3.8351475904e-01
   9.5000952843e+02   1.1650429781e-01   0.0000000000e+00   4.9998094315e-01   0.0000000000e+00   0.0000000000e+00   3.8351475904e-01
   9.5000952843e+02   1.1650429781e-01   0.0000000000e+00   4.9998094315e-01   0.0000000000e+00   0.0000000000e+00   3.8351475904e-01
   9.5000952843e+02   1.1650429781e-01   0.0000000000e+00   4.9998094315e-01   0.0000000000e+00   0.0000000000e+00   3.8351475904e-01
   9.5000952843e+02   1.1650429781e-01   0.0000000000e+00   4.9998094315e-01   0.0000000000e+00   0.0000000000e+00   3.8351475904e-01
   9.4997089090e+02   1.1648629275e-01   0.0000000000e+00   5.0005821819e-01   0.0000000000e+00   0.0000000000e+00   3.8345548906e-01
   9.4997089090e+02   1.1648629275e-01   0.0000000000e+00   5.0005821819e-01   0.0000000000e+00   0.0000000000e+00   3.8345548906e-01
   9.4997089090e+02   1.1648629275e-01   0.0000000000e+00   5.0005821819e-01   0.0000000000e+00   0.0000000000e+00   3.8345548906e-01
   9.4997089090e+02   1.1648629275e-01   0.0000000000e+00   5.0005821819e-01   0.0000000000e+00   0.0000000000e+00   3.8345548906e-01
   9.4996965753e+02   1.1648571800e-01   0.0000000000e+00   5.0006068494e-01   0.0000000000e+00   0.0000000000e+00   3.8345359707e-01
   9.4996965753e+02   1.1648571800e-01   0.0000000000e+00   5.0006068494e-01   0.0000000000e+00   0.0000000000e+00   3.8345359707e-01
   9.4996965753e+02   1.1648571800e-01   0.0000000000e+00   5.0006068494e-01   0.0000000000e+00   0.0000000000e+00   3.8345359707e-01
   9.4996965753e+02   1.1648571800e-01   0.0000000000e+00   5.0006068494e-01   0.0000000000e+00   0.0000000000e+00   3.8345359707e-01
   9.5000301286e+02   1.1650126156e-01   0.0000000000e+00   4.9999397427e-01   0.0000000000e+00   0.0000000000e+00   3.8350476417e-01
   9.5000301286e+02   1.1650126156e-01   0.0000000000e+00   4.9999397427e-01   0.0000000000e+00   0.0000000000e+00   3.8350476417e-01
   9.5000301286e+02   1.1650126156e-01   0.0000000000e+00   4.9999397427e-01   0.0000000000e+00   0.0000000000e+00   3.8350476417e-01
   9.5000301286e+02   1.1650126156e-01   0.0000000000e+00   4.9999397427e-01   0.0000000000e+00   0.0000000000e+00   3.8350476417e-01
   9.5000301286e+02   1.1650126156e-01   0.0000000000e+00   4.9999397427e-01   0.0000000000e+00   0.0000000000e+00   3.8350476417e-01
   9.5000301286e+02   1.1650126156e-01   0.0000000000e+00   4.9999397427e-01   0.0000000000e+00   0.0000000000e+00   3.8350476417e-01
   9.5000301286e+02   1.1650126156e-01   0.0000000000e+00   4.9999397427e-01   0.0000000000e+00   0.0000000000e+00   3.8350476417e-01
   9.5000301286e+02   1.1650126156e-01   0.0000000000e+00   4.9999397427e-01   0.0000000000e+00   0.0000000000e+00   3.8350476417e-01
   9.5000499718e+02   1.1650218625e-01   0.0000000000e+00   4.9999000564e-01   0.0000000000e+00   0.0000000000e+00   3.8350780811e-01
   9.5000499718e+02   1.1650218625e-01   0.0000000000e+00   4.9999000564e-01   0.0000000000e+00   0.0000000000e+00   3.8350780811e-01
   9.5000499718e+02   1.1650218625e-01   0.0000000000e+00   4.9999000564e-01   0.0000000000e+00   0.0000000000e+00   3.8350780811e-01
   9.5000499718e+02   1.1650218625e-01   0.0000000000e+00   4.9999000564e-01   0.0000000000e+00   0.0000000000e+00   3.8350780811e-01
   9.5000720432e+02   1.1650321478e-01   0.0000000000e+00   4.9998559137e-01   0.0000000000e+00   0.0000000000e+00   3.8351119386e-01
   9.5000720432e+02   1.1650321478e-01   0.0000000000e+00   4.9998559137e-01   0.0000000000e+00   0.0000000000e+00   3.8351119386e-01
   9.5000720432e+02   1.1650321478e-01   0.0000000000e+00   4.9998559137e-01   0.0000000000e+00   0.0000000000e+00   3.8351119386e-01
   9.5000720432e+02   1.1650321478e-01   0.0000000000e+00   4.9998559137e-01   0.0000000000e+00   0.0000000000e+00   3.8351119386e-01
   9.5002162048e+02   1.1650993270e-01   0.0000000000e+00   4.9995675903e-01   0.0000000000e+00   0.0000000000e+00   3.8353330826e-01
   9.5002162048e+02   1.1650993270e-01   0.0000000000e+00   4.9995675903e-01   0.0000000000e+00   0.0000000000e+00   3.8353330826e-01
   9.5000274253e+02   1.1650113559e-01   0.0000000000e+00   4.9999451494e-01   0.0000000000e+00   0.0000000000e+00   3.8350434947e-01
   9.5000274253e+02   1.1650113559e-01   0.0000000000e+00   4.9999451494e-01   0.0000000000e+00   0.0000000000e+00   3.8350434947e-01
   9.5001088328e+02   1.1650492917e-01   0.0000000000e+00   4.9997823345e-01   0.0000000000e+00   0.0000000000e+00   3.8351683738e-01
   9.5001088328e+02   1.1650492917e-01   0.0000000000e+00   4.9997823345e-01   0.0000000000e+00   0.0000000000e+00   3.8351683738e-01
   9.5001088328e+02   1.1650492917e-01   0.0000000000e+00   4.9997823345e-01   0.0000000000e+00   0.0000000000e+00   3.8351683738e-01
   9.5001088328e+02   1.1650492917e-01   0.0000000000e+00   4.9997823345e-01   0.0000000000e+00   0.0000000000e+00   3.8351683738e-01
   9.5001772579e+02   1.1650811778e-01   0.0000000000e+00   4.9996454841e-01   0.0000000000e+00   0.0000000000e+00   3.8352733381e-01
   9.5001772579e+02   1.1650811778e-01   0.0000000000e+00   4.9996454841e-01   0.0000000000e+00   0.0000000000e+00   3.8352733381e-01
   9.5001772579e+02   1.1650811778e-01   0.0000000000e+00   4.9996454841e-01   0.0000000000e+00   0.0000000000e+00   3.8352733381e-01
   9.5001772579e+02   1.1650811778e-01   0.0000000000e+00   4.9996454841e-01   0.0000000000e+00   0.0000000000e+00   3.8352733381e-01
   9.5000274253e+02   1.1650113559e-01   0.0000000000e+00   4.9999451494e-01   0.0000000000e+00   0.0000000000e+00   3.8350434947e-01
   9.5000274253e+02   1.1650113559e-01   0.0000000000e+00   4.9999451494e-01   0.0000000000e+00   0.0000000000e+00   3.8350434947e-01
   9.5000274253e+02   1.1650113559e-01   0.0000000000e+00   4.9999451494e-01   0.0000000000e+00   0.0000000000e+00   3.8350434947e-01
   9.5000274253e+02   1.1650113559e-01   0.0000000000e+00   4.9999451494e-01   0.0000000000e+00   0.0000000000e+00   3.8350434947e-01
   9.5000724412e+02   1.1650323332e-01   0.0000000000e+00   4.9998551177e-01   0.0000000000e+00   0.0000000000e+00   3.8351125491e-01
   9.5000724412e+02   1.1650323332e-01   0.0000000000e+00   4.9998551177e-01   0.0000000000e+00   0.0000000000e+00   3.8351125491e-01
   9.5000724412e+02   1.1650323332e-01   0.0000000000e+00   4.9998551177e-01   0.0000000000e+00   0.0000000000e+00   3.8351125491e-01
   9.5000724412e+02   1.1650323332e-01   0.0000000000e+00   4.9998551177e-01   0.0000000000e+00   0.0000000000e+00   3.8351125491e-01
   9.4999578039e+02   1.1649789123e-01   0.0000000000e+00   5.0000843922e-01   0.0000000000e+00   0.0000000000e+00   3.8349366955e-01
   9.4999578039e+02   1.1649789123e-01   0.0000000000e+00   5.0000843922e-01   0.0000000000e+00   0.0000000000e+00   3.8349366955e-01
   9.4999578039e+02   1.1649789123e-01   0.0000000000e+00   5.0000843922e-01   0.0000000000e+00   0.0000000000e+00   3.8349366955e-01
   9.4999578039e+02   1.1649789123e-01   0.0000000000e+00   5.0000843922e-01   0.0000000000e+00   0.0000000000e+00   3.8349366955e-01
   9.4999320161e+02   1.1649668952e-01   0.0000000000e+00   5.0001359678e-01   0.0000000000e+00   0.0000000000e+00   3.8348971369e-01
   9.4999320161e+02   1.1649668952e-01   0.0000000000e+00   5.0001359678e-01   0.0000000000e+00   0.0000000000e+00   3.8348971369e-01
   9.4999320161e+02   1.1649668952e-01   0.0000000000e+00   5.0001359678e-01   0.0000000000e+00   0.0000000000e+00   3.8348971369e-01
   9.4999320161e+02   1.1649668952e-01   0.0000000000e+00   5.0001359678e-01   0.0000000000e+00   0.0000000000e+00   3.8348971369e-01
   9.4999578039e+02   1.1649789123e-01   0.0000000000e+00   5.0000843922e-01   0.0000000000e+00   0.0000000000e+00   3.8349366955e-01
   9.4999578039e+02   1.1649789123e-01   0.0000000000e+00   5.0000843922e-01   0.0000000000e+00   0.0000000000e+00   3.8349366955e-01
   9.4999578039e+02   1.1649789123e-01   0.0000000000e+00   5.0000843922e-01   0.0000000000e+00   0.0000000000e+00   3.8349366955e-01
   9.4999578039e+02   1.1649789123e-01   0.0000000000e+00   5.0000843922e-01   0.0000000000e+00   0.0000000000e+00   3.8349366955e-01
   9.4997449623e+02   1.1648797283e-01   0.0000000000e+00   5.0005100755e-01   0.0000000000e+00   0.0000000000e+00   3.8346101963e-01
   9.4997449623e+02   1.1648797283e-01   0.0000000000e+00   5.0005100755e-01   0.0000000000e+00   0.0000000000e+00   3.8346101963e-01
   9.4997449623e+02   1.1648797283e-01   0.0000000000e+00   5.0005100755e-01   0.0000000000e+00   0.0000000000e+00   3.8346101963e-01
   9.4997449623e+02   1.1648797283e-01   0.0000000000e+00   5.0005100755e-01   0.0000000000e+00   0.0000000000e+00   3.8346101963e-01
   9.4999209608e+02   1.1649617435e-01   0.0000000000e+00   5.0001580785e-01   0.0000000000e+00   0.0000000000e+00   3.8348801781e-01
   9.4999209608e+02   1.1649617435e-01   0.0000000000e+00   5.0001580785e-01   0.0000000000e+00   0.0000000000e+00   3.8348801781e-01
   9.4999209608e+02   1.1649617435e-01   0.0000000000e+00   5.0001580785e-01   0.0000000000e+00   0.0000000000e+00   3.8348801781e-01
   9.4999209608e+02   1.1649617435e-01   0.0000000000e+00   5.0001580785e-01   0.0000000000e+00   0.0000000000e+00   3.8348801781e-01
   9.4998329615e+02   1.1649207359e-01   0.0000000000e+00   5.0003340770e-01   0.0000000000e+00   0.0000000000e+00   3.8347451872e-01
   9.4998329615e+02   1.1649207359e-01   0.0000000000e+00   5.0003340770e-01   0.0000000000e+00   0.0000000000e+00   3.8347451872e-01
   9.4998329615e+02   1.1649207359e-01   0.0000000000e+00   5.0003340770e-01   0.0000000000e+00   0.0000000000e+00   3.8347451872e-01
   9.4998329615e+02   1.1649207359e-01   0.0000000000e+00   5.0003340770e-01   0.0000000000e+00   0.0000000000e+00   3.8347451872e-01
   9.4998329615e+02   1.1649207359e-01   0.0000000000e+00   5.0003340770e-01   0.0000000000e+00   0.0000000000e+00   3.8347451872e-01
   9.4998329615e+02   1.1649207359e-01   0.0000000000e+00   5.0003340770e-01   0.0000000000e+00   0.0000000000e+00   3.8347451872e-01
   9.4998329615e+02   1.1649207359e-01   0.0000000000e+00   5.0003340770e-01   0.0000000000e+00   0.0000000000e+00   3.8347451872e-01
   9.4998329615e+02   1.1649207359e-01   0.0000000000e+00   5.0003340770e-01   0.0000000000e+00   0.0000000000e+00   3.8347451872e-01
   9.4999109703e+02   1.1649570879e-01   0.0000000000e+00   5.0001780595e-01   0.0000000000e+00   0.0000000000e+00   3.8348648526e-01
   9.4999109703e+02   1.1649570879e-01   0.0000000000e+00   5.0001780595e-01   0.0000000000e+00   0.0000000000e+00   3.8348648526e-01
   9.4999109703e+02   1.1649570879e-01   0.0000000000e+00   5.0001780595e-01   0.0000000000e+00   0.0000000000e+00   3.8348648526e-01
   9.4999109703e+02   1.1649570879e-01   0.0000000000e+00   5.0001780595e-01   0.0000000000e+00   0.0000000000e+00   3.8348648526e-01
   9.5000303495e+02   1.1650127186e-01   0.0000000000e+00   4.9999393010e-01   0.0000000000e+00   0.0000000000e+00   3.8350479805e-01
   9.5000303495e+02   1.1650127186e-01   0.0000000000e+00   4.9999393010e-01   0.0000000000e+00   0.0000000000e+00   3.8350479805e-01
   9.4997915910e+02   1.1649014572e-01   0.0000000000e+00   5.0004168179e-01   0.0000000000e+00   0.0000000000e+00   3.8346817248e-01
   9.4997915910e+02   1.1649014572e-01   0.0000000000e+00   5.0004168179e-01   0.0000000000e+00   0.0000000000e+00   3.8346817248e-01
   9.4999602128e+02   1.1649800349e-01   0.0000000000e+00   5.0000795743e-01   0.0000000000e+00   0.0000000000e+00   3.8349403908e-01
   9.4999602128e+02   1.1649800349e-01   0.0000000000e+00   5.0000795743e-01   0.0000000000e+00   0.0000000000e+00   3.8349403908e-01
   9.4999602128e+02   1.1649800349e-01   0.0000000000e+00   5.0000795743e-01   0.0000000000e+00   0.0000000000e+00   3.8349403908e-01
   9.4999602128e+02   1.1649800349e-01   0.0000000000e+00   5.0000795743e-01   0.0000000000e+00   0.0000000000e+00   3.8349403908e-01
   9.4999602128e+02   1.1649800349e-01   0.0000000000e+00   5.0000795743e-01   0.0000000000e+00   0.0000000000e+00   3.8349403908e-01
   9.4999602128e+02   1.1649800349e-01   0.0000000000e+00   5.0000795743e-01   0.0000000000e+00   0.0000000000e+00   3.8349403908e-01
   9.4999602128e+02   1.1649800349e-01   0.0000000000e+00   5.0000795743e-01   0.0000000000e+00   0.0000000000e+00   3.8349403908e-01
   9.4999602128e+02   1.1649800349e-01   0.0000000000e+00   5.0000795743e-01   0.0000000000e+00   0.0000000000e+00   3.8349403908e-01
   9.5001141849e+02   1.1650517858e-01   0.0000000000e+00   4.9997716302e-01   0.0000000000e+00   0.0000000000e+00   3.8351765840e-01
   9.5001141849e+02   1.1650517858e-01   0.0000000000e+00   4.9997716302e-01   0.0000000000e+00   0.0000000000e+00   3.8351765840e-01
   9.4997995732e+02   1.1649051769e-01   0.0000000000e+00   5.0004008536e-01   0.0000000000e+00   0.0000000000e+00   3.8346939695e-01
   9.4997995732e+02   1.1649051769e-01   0.0000000000e+00   5.0004008536e-01   0.0000000000e+00   0.0000000000e+00   3.8346939695e-01
   9.4997995732e+02   1.1649051769e-01   0.0000000000e+00   5.0004008536e-01   0.0000000000e+00   0.0000000000e+00   3.8346939695e-01
   9.4997995732e+02   1.1649051769e-01   0.0000000000e+00   5.0004008536e-01   0.0000000000e+00   0.0000000000e+00   3.8346939695e-01
   9.5001141849e+02   1.1650517858e-01   0.0000000000e+00   4.9997716302e-01   0.0000000000e+00   0.0000000000e+00   3.8351765840e-01
   9.5001141849e+02   1.1650517858e-01   0.0000000000e+00   4.9997716302e-01   0.0000000000e+00   0.0000000000e+00   3.8351765840e-01
   9.4998401951e+02   1.1649241067e-01   0.0000000000e+00   5.0003196098e-01   0.0000000000e+00   0.0000000000e+00   3.8347562835e-01
   9.4998401951e+02   1.1649241067e-01   0.0000000000e+00   5.0003196098e-01   0.0000000000e+00   0.0000000000e+00   3.8347562835e-01
   9.4998401951e+02   1.1649241067e-01   0.0000000000e+00   5.0003196098e-01   0.0000000000e+00   0.0000000000e+00   3.8347562835e-01
   9.4998401951e+02   1.1649241067e-01   0.0000000000e+00   5.0003196098e-01   0.0000000000e+00   0.0000000000e+00   3.8347562835e-01
   9.4996312478e+02   1.1648267374e-01   0.0000000000e+00   5.0007375044e-01   0.0000000000e+00   0.0000000000e+00   3.8344357582e-01
   9.4996312478e+02   1.1648267374e-01   0.0000000000e+00   5.0007375044e-01   0.0000000000e+00   0.0000000000e+00   3.8344357582e-01
   9.4996312478e+02   1.1648267374e-01   0.0000000000e+00   5.0007375044e-01   0.0000000000e+00   0.0000000000e+00   3.8344357582e-01
   9.4996312478e+02   1.1648267374e-01   0.0000000000e+00   5.0007375044e-01   0.0000000000e+00   0.0000000000e+00   3.8344357582e-01
   9.4998302766e+02   1.1649194847e-01   0.0000000000e+00   5.0003394469e-01   0.0000000000e+00   0.0000000000e+00   3.8347410685e-01
   9.4998302766e+02   1.1649194847e-01   0.0000000000e+00   5.0003394469e-01   0.0000000000e+00   0.0000000000e+00   3.8347410685e-01
   9.4998302766e+02   1.1649194847e-01   0.0000000000e+00   5.0003394469e-01   0.0000000000e+00   0.0000000000e+00   3.8347410685e-01
   9.4998302766e+02   1.1649194847e-01   0.0000000000e+00   5.0003394469e-01   0.0000000000e+00   0.0000000000e+00   3.8347410685e-01
   9.4998854005e+02   1.1649451724e-01   0.0000000000e+00   5.0002291990e-01   0.0000000000e+00   0.0000000000e+00   3.8348256286e-01
   9.4998854005e+02   1.1649451724e-01   0.0000000000e+00   5.0002291990e-01   0.0000000000e+00   0.0000000000e+00   3.8348256286e-01
   9.4998302766e+02   1.1649194847e-01   0.0000000000e+00   5.0003394469e-01   0.0000000000e+00   0.0000000000e+00   3.8347410685e-01
   9.4998302766e+02   1.1649194847e-01   0.0000000000e+00   5.0003394469e-01   0.0000000000e+00   0.0000000000e+00   3.8347410685e-01
   9.4998424868e+02   1.1649251747e-01   0.0000000000e+00   5.0003150263e-01   0.0000000000e+00   0.0000000000e+00   3.8347597990e-01
   9.4998424868e+02   1.1649251747e-01   0.0000000000e+00   5.0003150263e-01   0.0000000000e+00   0.0000000000e+00   3.8347597990e-01
   9.4998424868e+02   1.1649251747e-01   0.0000000000e+00   5.0003150263e-01   0.0000000000e+00   0.0000000000e+00   3.8347597990e-01
   9.4998424868e+02   1.1649251747e-01   0.0000000000e+00   5.0003150263e-01   0.0000000000e+00   0.0000000000e+00   3.8347597990e-01
   9.4997995732e+02   1.1649051769e-01   0.0000000000e+00   5.0004008536e-01   0.0000000000e+00   0.0000000000e+00   3.8346939695e-01
   9.4997995732e+02   1.1649051769e-01   0.0000000000e+00   5.0004008536e-01   0.0000000000e+00   0.0000000000e+00   3.8346939695e-01
   9.4998302766e+02   1.1649194847e-01   0.0000000000e+00   5.0003394469e-01   0.0000000000e+00   0.0000000000e+00   3.8347410685e-01
   9.4998302766e+02   1.1649194847e-01   0.0000000000e+00   5.0003394469e-01   0.0000000000e+00   0.0000000000e+00   3.8347410685e-01
   9.4996169988e+02   1.1648200974e-01   0.0000000000e+00   5.0007660024e-01   0.0000000000e+00   0.0000000000e+00   3.8344139003e-01
   9.4996169988e+02   1.1648200974e-01   0.0000000000e+00   5.0007660024e-01   0.0000000000e+00   0.0000000000e+00   3.8344139003e-01
   9.4996169988e+02   1.1648200974e-01   0.0000000000e+00   5.0007660024e-01   0.0000000000e+00   0.0000000000e+00   3.8344139003e-01
   9.4996169988e+02   1.1648200974e-01   0.0000000000e+00   5.0007660024e-01   0.0000000000e+00   0.0000000000e+00   3.8344139003e-01
   9.4998047754e+02   1.1649076011e-01   0.0000000000e+00   5.0003904492e-01   0.0000000000e+00   0.0000000000e+00   3.8347019496e-01
   9.4998047754e+02   1.1649076011e-01   0.0000000000e+00   5.0003904492e-01   0.0000000000e+00   0.0000000000e+00   3.8347019496e-01
   9.4998047754e+02   1.1649076011e-01   0.0000000000e+00   5.0003904492e-01   0.0000000000e+00   0.0000000000e+00   3.8347019496e-01
   9.4998047754e+02   1.1649076011e-01   0.0000000000e+00   5.0003904492e-01   0.0000000000e+00   0.0000000000e+00   3.8347019496e-01
   9.4998047754e+02   1.1649076011e-01   0.0000000000e+00   5.0003904492e-01   0.0000000000e+00   0.0000000000e+00   3.8347019496e-01
   9.4998047754e+02   1.1649076011e-01   0.0000000000e+00   5.0003904492e-01   0.0000000000e+00   0.0000000000e+00   3.8347019496e-01
   9.4998047754e+02   1.1649076011e-01   0.0000000000e+00   5.0003904492e-01   0.0000000000e+00   0.0000000000e+00   3.8347019496e-01
   9.4998047754e+02   1.1649076011e-01   0.0000000000e+00   5.0003904492e-01   0.0000000000e+00   0.0000000000e+00   3.8347019496e-01
   9.4996151326e+02   1.1648192277e-01   0.0000000000e+00   5.0007697349e-01   0.0000000000e+00   0.0000000000e+00   3.8344110374e-01
   9.4996151326e+02   1.1648192277e-01   0.0000000000e+00   5.0007697349e-01   0.0000000000e+00   0.0000000000e+00   3.8344110374e-01
   9.4996151326e+02   1.1648192277e-01   0.0000000000e+00   5.0007697349e-01   0.0000000000e+00   0.0000000000e+00   3.8344110374e-01
   9.4996151326e+02   1.1648192277e-01   0.0000000000e+00   5.0007697349e-01   0.0000000000e+00   0.0000000000e+00   3.8344110374e-01
   9.4997741351e+02   1.1648933228e-01   0.0000000000e+00   5.0004517297e-01   0.0000000000e+00   0.0000000000e+00   3.8346549475e-01
   9.4997741351e+02   1.1648933228e-01   0.0000000000e+00   5.0004517297e-01   0.0000000000e+00   0.0000000000e+00   3.8346549475e-01
   9.4997741351e+02   1.1648933228e-01   0.0000000000e+00   5.0004517297e-01   0.0000000000e+00   0.0000000000e+00   3.8346549475e-01
   9.4997741351e+02   1.1648933228e-01   0.0000000000e+00   5.0004517297e-01   0.0000000000e+00   0.0000000000e+00   3.8346549475e-01
   9.4997771877e+02   1.1648947453e-01   0.0000000000e+00   5.0004456246e-01   0.0000000000e+00   0.0000000000e+00   3.8346596301e-01
   9.4997771877e+02   1.1648947453e-01   0.0000000000e+00   5.0004456246e-01   0.0000000000e+00   0.0000000000e+00   3.8346596301e-01
   9.4997771877e+02   1.1648947453e-01   0.0000000000e+00   5.0004456246e-01   0.0000000000e+00   0.0000000000e+00   3.8346596301e-01
   9.4997771877e+02   1.1648947453e-01   0.0000000000e+00   5.0004456246e-01   0.0000000000e+00   0.0000000000e+00   3.8346596301e-01
   9.4997568372e+02   1.1648852620e-01   0.0000000000e+00   5.0004863255e-01   0.0000000000e+00   0.0000000000e+00   3.8346284125e-01
   9.4997568372e+02   1.1648852620e-01   0.0000000000e+00   5.0004863255e-01   0.0000000000e+00   0.0000000000e+00   3.8346284125e-01
   9.4997568372e+02   1.1648852620e-01   0.0000000000e+00   5.0004863255e-01   0.0000000000e+00   0.0000000000e+00   3.8346284125e-01
   9.4997568372e+02   1.1648852620e-01   0.0000000000e+00   5.0004863255e-01   0.0000000000e+00   0.0000000000e+00   3.8346284125e-01
   9.4997761702e+02   1.1648942711e-01   0.0000000000e+00   5.0004476597e-01   0.0000000000e+00   0.0000000000e+00   3.8346580692e-01
   9.4997761702e+02   1.1648942711e-01   0.0000000000e+00   5.0004476597e-01   0.0000000000e+00   0.0000000000e+00   3.8346580692e-01
   9.4997761702e+02   1.1648942711e-01   0.0000000000e+00   5.0004476597e-01   0.0000000000e+00   0.0000000000e+00   3.8346580692e-01
   9.4997761702e+02   1.1648942711e-01   0.0000000000e+00   5.0004476597e-01   0.0000000000e+00   0.0000000000e+00   3.8346580692e-01
   9.5002434945e+02   1.1651120440e-01   0.0000000000e+00   4.9995130110e-01   0.0000000000e+00   0.0000000000e+00   3.8353749450e-01
   9.5002434945e+02   1.1651120440e-01   0.0000000000e+00   4.9995130110e-01   0.0000000000e+00   0.0000000000e+00   3.8353749450e-01
   9.5002434945e+02   1.1651120440e-01   0.0000000000e+00   4.9995130110e-01   0.0000000000e+00   0.0000000000e+00   3.8353749450e-01
   9.5002434945e+02   1.1651120440e-01   0.0000000000e+00   4.9995130110e-01   0.0000000000e+00   0.0000000000e+00   3.8353749450e-01
   9.5000534594e+02   1.1650234878e-01   0.0000000000e+00   4.9998930811e-01   0.0000000000e+00   0.0000000000e+00   3.8350834311e-01
   9.5000534594e+02   1.1650234878e-01   0.0000000000e+00   4.9998930811e-01   0.0000000000e+00   0.0000000000e+00   3.8350834311e-01
   9.5004335296e+02   1.1652006002e-01   0.0000000000e+00   4.9991329408e-01   0.0000000000e+00   0.0000000000e+00   3.8356664589e-01
   9.5004335296e+02   1.1652006002e-01   0.0000000000e+00   4.9991329408e-01   0.0000000000e+00   0.0000000000e+00   3.8356664589e-01
   9.5003272376e+02   1.1651510683e-01   0.0000000000e+00   4.9993455247e-01   0.0000000000e+00   0.0000000000e+00   3.8355034070e-01
   9.5003272376e+02   1.1651510683e-01   0.0000000000e+00   4.9993455247e-01   0.0000000000e+00   0.0000000000e+00   3.8355034070e-01
   9.5003272376e+02   1.1651510683e-01   0.0000000000e+00   4.9993455247e-01   0.0000000000e+00   0.0000000000e+00   3.8355034070e-01
   9.5003272376e+02   1.1651510683e-01   0.0000000000e+00   4.9993455247e-01   0.0000000000e+00   0.0000000000e+00   3.8355034070e-01
   9.5001447188e+02   1.1650660146e-01   0.0000000000e+00   4.9997105623e-01   0.0000000000e+00   0.0000000000e+00   3.8352234231e-01
   9.5001447188e+02   1.1650660146e-01   0.0000000000e+00   4.9997105623e-01   0.0000000000e+00   0.0000000000e+00   3.8352234231e-01
   9.5001447188e+02   1.1650660146e-01   0.0000000000e+00   4.9997105623e-01   0.0000000000e+00   0.0000000000e+00   3.8352234231e-01
   9.5001447188e+02   1.1650660146e-01   0.0000000000e+00   4.9997105623e-01   0.0000000000e+00   0.0000000000e+00   3.8352234231e-01
   9.5004370763e+02   1.1652022530e-01   0.0000000000e+00   4.9991258474e-01   0.0000000000e+00   0.0000000000e+00   3.8356718996e-01
   9.5004370763e+02   1.1652022530e-01   0.0000000000e+00   4.9991258474e-01   0.0000000000e+00   0.0000000000e+00   3.8356718996e-01
   9.5004394114e+02   1.1652033412e-01   0.0000000000e+00   4.9991211771e-01   0.0000000000e+00   0.0000000000e+00   3.8356754817e-01
   9.5004394114e+02   1.1652033412e-01   0.0000000000e+00   4.9991211771e-01   0.0000000000e+00   0.0000000000e+00   3.8356754817e-01
   9.5004394114e+02   1.1652033412e-01   0.0000000000e+00   4.9991211771e-01   0.0000000000e+00   0.0000000000e+00   3.8356754817e-01
   9.5004394114e+02   1.1652033412e-01   0.0000000000e+00   4.9991211771e-01   0.0000000000e+00   0.0000000000e+00   3.8356754817e-01
   9.5004370763e+02   1.1652022530e-01   0.0000000000e+00   4.9991258474e-01   0.0000000000e+00   0.0000000000e+00   3.8356718996e-01
   9.5004370763e+02   1.1652022530e-01   0.0000000000e+00   4.9991258474e-01   0.0000000000e+00   0.0000000000e+00   3.8356718996e-01
   9.5003448387e+02   1.1651592703e-01   0.0000000000e+00   4.9993103226e-01   0.0000000000e+00   0.0000000000e+00   3.8355304071e-01
   9.5003448387e+02   1.1651592703e-01   0.0000000000e+00   4.9993103226e-01   0.0000000000e+00   0.0000000000e+00   3.8355304071e-01
   9.5003448387e+02   1.1651592703e-01   0.0000000000e+00   4.9993103226e-01   0.0000000000e+00   0.0000000000e+00   3.8355304071e-01
   9.5003448387e+02   1.1651592703e-01   0.0000000000e+00   4.9993103226e-01   0.0000000000e+00   0.0000000000e+00   3.8355304071e-01
   9.5003726077e+02   1.1651722107e-01   0.0000000000e+00   4.9992547847e-01   0.0000000000e+00   0.0000000000e+00   3.8355730047e-01
   9.5003726077e+02   1.1651722107e-01   0.0000000000e+00   4.9992547847e-01   0.0000000000e+00   0.0000000000e+00   3.8355730047e-01
   9.5003726077e+02   1.1651722107e-01   0.0000000000e+00   4.9992547847e-01   0.0000000000e+00   0.0000000000e+00   3.8355730047e-01
   9.5003726077e+02   1.1651722107e-01   0.0000000000e+00   4.9992547847e-01   0.0000000000e+00   0.0000000000e+00   3.8355730047e-01
   9.5002755522e+02   1.1651269828e-01   0.0000000000e+00   4.9994488957e-01   0.0000000000e+00   0.0000000000e+00   3.8354241215e-01
   9.5002755522e+02   1.1651269828e-01   0.0000000000e+00   4.9994488957e-01   0.0000000000e+00   0.0000000000e+00   3.8354241215e-01
   9.5002755522e+02   1.1651269828e-01   0.0000000000e+00   4.9994488957e-01   0.0000000000e+00   0.0000000000e+00   3.8354241215e-01
   9.5002755522e+02   1.1651269828e-01   0.0000000000e+00   4.9994488957e-01   0.0000000000e+00   0.0000000000e+00   3.8354241215e-01
   9.5002557009e+02   1.1651177322e-01   0.0000000000e+00   4.9994885983e-01   0.0000000000e+00   0.0000000000e+00   3.8353936696e-01
   9.5002557009e+02   1.1651177322e-01   0.0000000000e+00   4.9994885983e-01   0.0000000000e+00   0.0000000000e+00   3.8353936696e-01
   9.5002557009e+02   1.1651177322e-01   0.0000000000e+00   4.9994885983e-01   0.0000000000e+00   0.0000000000e+00   3.8353936696e-01
   9.5002557009e+02   1.1651177322e-01   0.0000000000e+00   4.9994885983e-01   0.0000000000e+00   0.0000000000e+00   3.8353936696e-01
   9.5003152547e+02   1.1651454842e-01   0.0000000000e+00   4.9993694905e-01   0.0000000000e+00   0.0000000000e+00   3.8354850252e-01
   9.5003152547e+02   1.1651454842e-01   0.0000000000e+00   4.9993694905e-01   0.0000000000e+00   0.0000000000e+00   3.8354850252e-01
   9.5002557009e+02   1.1651177322e-01   0.0000000000e+00   4.9994885983e-01   0.0000000000e+00   0.0000000000e+00   3.8353936696e-01
   9.5002557009e+02   1.1651177322e-01   0.0000000000e+00   4.9994885983e-01   0.0000000000e+00   0.0000000000e+00   3.8353936696e-01
   9.5002557009e+02   1.1651177322e-01   0.0000000000e+00   4.9994885983e-01   0.0000000000e+00   0.0000000000e+00   3.8353936696e-01
   9.5002557009e+02   1.1651177322e-01   0.0000000000e+00   4.9994885983e-01   0.0000000000e+00   0.0000000000e+00   3.8353936696e-01
   9.5003152547e+02   1.1651454842e-01   0.0000000000e+00   4.9993694905e-01   0.0000000000e+00   0.0000000000e+00   3.8354850252e-01
   9.5003152547e+02   1.1651454842e-01   0.0000000000e+00   4.9993694905e-01   0.0000000000e+00   0.0000000000e+00   3.8354850252e-01
   9.4999580806e+02   1.1649790413e-01   0.0000000000e+00   5.0000838388e-01   0.0000000000e+00   0.0000000000e+00   3.8349371199e-01
   9.4999580806e+02   1.1649790413e-01   0.0000000000e+00   5.0000838388e-01   0.0000000000e+00   0.0000000000e+00   3.8349371199e-01
   9.4999580806e+02   1.1649790413e-01   0.0000000000e+00   5.0000838388e-01   0.0000000000e+00   0.0000000000e+00   3.8349371199e-01
   9.4999580806e+02   1.1649790413e-01   0.0000000000e+00   5.0000838388e-01   0.0000000000e+00   0.0000000000e+00   3.8349371199e-01
   9.4999580806e+02   1.1649790413e-01   0.0000000000e+00   5.0000838388e-01   0.0000000000e+00   0.0000000000e+00   3.8349371199e-01
   9.4999580806e+02   1.1649790413e-01   0.0000000000e+00   5.0000838388e-01   0.0000000000e+00   0.0000000000e+00   3.8349371199e-01
   9.4999580806e+02   1.1649790413e-01   0.0000000000e+00   5.0000838388e-01   0.0000000000e+00   0.0000000000e+00   3.8349371199e-01
   9.4999580806e+02   1.1649790413e-01   0.0000000000e+00   5.0000838388e-01   0.0000000000e+00   0.0000000000e+00   3.8349371199e-01
   9.5004442162e+02   1.1652055802e-01   0.0000000000e+00   4.9991115676e-01   0.0000000000e+00   0.0000000000e+00   3.8356828522e-01
   9.5004442162e+02   1.1652055802e-01   0.0000000000e+00   4.9991115676e-01   0.0000000000e+00   0.0000000000e+00   3.8356828522e-01
   9.5004582766e+02   1.1652121323e-01   0.0000000000e+00   4.9990834468e-01   0.0000000000e+00   0.0000000000e+00   3.8357044209e-01
   9.5004582766e+02   1.1652121323e-01   0.0000000000e+00   4.9990834468e-01   0.0000000000e+00   0.0000000000e+00   3.8357044209e-01
   9.5004582766e+02   1.1652121323e-01   0.0000000000e+00   4.9990834468e-01   0.0000000000e+00   0.0000000000e+00   3.8357044209e-01
   9.5004582766e+02   1.1652121323e-01   0.0000000000e+00   4.9990834468e-01   0.0000000000e+00   0.0000000000e+00   3.8357044209e-01
   9.5004160954e+02   1.1651924759e-01   0.0000000000e+00   4.9991678092e-01   0.0000000000e+00   0.0000000000e+00   3.8356397149e-01
   9.5004160954e+02   1.1651924759e-01   0.0000000000e+00   4.9991678092e-01   0.0000000000e+00   0.0000000000e+00   3.8356397149e-01