# time = 3.22894
# Grid Poins = 256    variable_0    variable_1    variable_2    variable_3    variable_4    variable_5    variable_6
   7.0000000000e+02   0.0000000000e+00   0.0000000000e+00   1.0000000000e+00   0.0000000000e+00   0.0000000000e+00   0.0000000000e+00
   7.0000000000e+02   0.0000000000e+00   0.0000000000e+00   1.0000000000e+00   0.0000000000e+00   0.0000000000e+00   0.0000000000e+00
   7.0000000000e+02   0.0000000000e+00   0.0000000000e+00   1.0000000000e+00   0.0000000000e+00   0.0000000000e+00   0.0000000000e+00
   7.0000000000e+02   0.0000000000e+00   0.0000000000e+00   1.0000000000e+00   0.0000000000e+00   0.0000000000e+00   0.0000000000e+00
   7.0000000000e+02   0.0000000000e+00   0.0000000000e+00   1.0000000000e+00   0.0000000000e+00   0.0000000000e+00   0.0000000000e+00
   7.0000000000e+02   0.0000000000e+00   0.0000000000e+00   1.0000000000e+00   0.0000000000e+00   0.0000000000e+00   0.0000000000e+00
   7.0000000000e+02   0.0000000000e+00   0.0000000000e+00   1.0000000000e+00   0.0000000000e+00   0.0000000000e+00   0.0000000000e+00
   7.0000000000e+02   0.0000000000e+00   0.0000000000e+00   1.0000000000e+00   0.0000000000e+00   0.0000000000e+00   0.0000000000e+00
   1.2000000000e+03   2.3299971514e-01   0.0000000000e+00   0.0000000000e+00   0.0000000000e+00   0.0000000000e+00   7.6700028486e-01
   1.2000000000e+03   2.3299971514e-01   0.0000000000e+00   0.0000000000e+00   0.0000000000e+00   0.0000000000e+00   7.6700028486e-01
   1.2000000000e+03   2.3299971514e-01   0.0000000000e+00   0.0000000000e+00   0.0000000000e+00   0.0000000000e+00   7.6700028486e-01
   1.2000000000e+03   2.3299971514e-01   0.0000000000e+00   0.0000000000e+00   0.0000000000e+00   0.0000000000e+00   7.6700028486e-01
   1.2000000000e+03   2.3299971514e-01   0.0000000000e+00   0.0000000000e+00   0.0000000000e+00   0.0000000000e+00   7.6700028486e-01
   1.2000000000e+03   2.3299971514e-01   0.0000000000e+00   0.0000000000e+00   0.0000000000e+00   0.0000000000e+00   7.6700028486e-01
   1.2000000000e+03   2.3299971514e-01   0.0000000000e+00   0.0000000000e+00   0.0000000000e+00   0.0000000000e+00   7.6700028486e-01
   1.2000000000e+03   2.3299971514e-01   0.0000000000e+00   0.0000000000e+00   0.0000000000e+00   0.0000000000e+00   7.6700028486e-01
   7.0000000000e+02   0.0000000000e+00   0.0000000000e+00   1.0000000000e+00   0.0000000000e+00   0.0000000000e+00   0.0000000000e+00
   7.0000000000e+02   0.0000000000e+00   0.0000000000e+00   1.0000000000e+00   0.0000000000e+00   0.0000000000e+00   0.0000000000e+00
   7.0000000000e+02   0.0000000000e+00   0.0000000000e+00   1.0000000000e+00   0.0000000000e+00   0.0000000000e+00   0.0000000000e+00
   7.0000000000e+02   0.0000000000e+00   0.0000000000e+00   1.0000000000e+00   0.0000000000e+00   0.0000000000e+00   0.0000000000e+00
   7.0000000000e+02   0.0000000000e+00   0.0000000000e+00   1.0000000000e+00   0.0000000000e+00   0.0000000000e+00   0.0000000000e+00
   7.0000000000e+02   0.0000000000e+00   0.0000000000e+00   1.0000000000e+00   0.0000000000e+00   0.0000000000e+00   0.0000000000e+00
   7.0000000000e+02   0.0000000000e+00   0.0000000000e+00   1.0000000000e+00   0.0000000000e+00   0.0000000000e+00   0.0000000000e+00
   7.0000000000e+02   0.0000000000e+00   0.0000000000e+00   1.0000000000e+00   0.0000000000e+00   0.0000000000e+00   0.0000000000e+00
   1.2000000000e+03   2.3299971514e-01   0.0000000000e+00   0.0000000000e+00   0.0000000000e+00   0.0000000000e+00   7.6700028486e-01
   1.2000000000e+03   2.3299971514e-01   0.0000000000e+00   0.0000000000e+00   0.0000000000e+00   0.0000000000e+00   7.6700028486e-01
   1.2000000000e+03   2.3299971514e-01   0.0000000000e+00   0.0000000000e+00   0.0000000000e+00   0.0000000000e+00   7.6700028486e-01
   1.2000000000e+03   2.3299971514e-01   0.0000000000e+00   0.0000000000e+00   0.0000000000e+00   0.0000000000e+00   7.6700028486e-01
   1.2000000000e+03   2.3299971514e-01   0.0000000000e+00   0.0000000000e+00   0.0000000000e+00   0.0000000000e+00   7.6700028486e-01
   1.2000000000e+03   2.3299971514e-01   0.0000000000e+00   0.0000000000e+00   0.0000000000e+00   0.0000000000e+00   7.6700028486e-01
   1.2000000000e+03   2.3299971514e-01   0.0000000000e+00   0.0000000000e+00   0.0000000000e+00   0.0000000000e+00   7.6700028486e-01
   1.2000000000e+03   2.3299971514e-01   0.0000000000e+00   0.0000000000e+00   0.0000000000e+00   0.0000000000e+00   7.6700028486e-01
   1.2000000000e+03   2.3299971514e-01   0.0000000000e+00   0.0000000000e+00   0.0000000000e+00   0.0000000000e+00   7.6700028486e-01
   1.2000000000e+03   2.3299971514e-01   0.0000000000e+00   0.0000000000e+00   0.0000000000e+00   0.0000000000e+00   7.6700028486e-01
   1.2000000000e+03   2.3299971514e-01   0.0000000000e+00   0.0000000000e+00   0.0000000000e+00   0.0000000000e+00   7.6700028486e-01
   1.2000000000e+03   2.3299971514e-01   0.0000000000e+00   0.0000000000e+00   0.0000000000e+00   0.0000000000e+00   7.6700028486e-01
   1.2000000000e+03   2.3299971514e-01   0.0000000000e+00   0.0000000000e+00   0.0000000000e+00   0.0000000000e+00   7.6700028486e-01
   1.2000000000e+03   2.3299971514e-01   0.0000000000e+00   0.0000000000e+00   0.0000000000e+00   0.0000000000e+00   7.6700028486e-01
   1.2000000000e+03   2.3299971514e-01   0.0000000000e+00   0.0000000000e+00   0.0000000000e+00   0.0000000000e+00   7.6700028486e-01
   1.2000000000e+03   2.3299971514e-01   0.0000000000e+00   0.0000000000e+00   0.0000000000e+00   0.0000000000e+00   7.6700028486e-01
   1.2000000000e+03   2.3299971514e-01   0.0000000000e+00   0.0000000000e+00   0.0000000000e+00   0.0000000000e+00   7.6700028486e-01
   1.2000000000e+03   2.3299971514e-01   0.0000000000e+00   0.0000000000e+00   0.0000000000e+00   0.0000000000e+00   7.6700028486e-01
   1.2000000000e+03   2.3299971514e-01   0.0000000000e+00   0.0000000000e+00   0.0000000000e+00   0.0000000000e+00   7.6700028486e-01
   1.2000000000e+03   2.3299971514e-01   0.0000000000e+00   0.0000000000e+00   0.0000000000e+00   0.0000000000e+00   7.6700028486e-01
   1.2000000000e+03   2.3299971514e-01   0.0000000000e+00   0.0000000000e+00   0.0000000000e+00   0.0000000000e+00   7.6700028486e-01
   1.2000000000e+03   2.3299971514e-01   0.0000000000e+00   0.0000000000e+00   0.0000000000e+00   0.0000000000e+00   7.6700028486e-01
   1.2000000000e+03   2.3299971514e-01   0.0000000000e+00   0.0000000000e+00   0.0000000000e+00   0.0000000000e+00   7.6700028486e-01
   1.2000000000e+03   2.3299971514e-01   0.0000000000e+00   0.0000000000e+00   0.0000000000e+00   0.0000000000e+00   7.6700028486e-01
   7.0000000000e+02   0.0000000000e+00   0.0000000000e+00   1.0000000000e+00   0.0000000000e+00   0.0000000000e+00   0.0000000000e+00
   7.0000000000e+02   0.0000000000e+00   0.0000000000e+00   1.0000000000e+00   0.0000000000e+00   0.0000000000e+00   0.0000000000e+00
   7.0000000000e+02   0.0000000000e+00   0.0000000000e+00   1.0000000000e+00   0.0000000000e+00   0.0000000000e+00   0.0000000000e+00
   7.0000000000e+02   0.0000000000e+00   0.0000000000e+00   1.0000000000e+00   0.0000000000e+00   0.0000000000e+00   0.0000000000e+00
   7.0000000000e+02   0.0000000000e+00   0.0000000000e+00   1.0000000000e+00   0.0000000000e+00   0.0000000000e+00   0.0000000000e+00
   7.0000000000e+02   0.0000000000e+00   0.0000000000e+00   1.0000000000e+00   0.0000000000e+00   0.0000000000e+00   0.0000000000e+00
   7.0000000000e+02   0.0000000000e+00   0.0000000000e+00   1.0000000000e+00   0.0000000000e+00   0.0000000000e+00   0.0000000000e+00
   7.0000000000e+02   0.0000000000e+00   0.0000000000e+00   1.0000000000e+00   0.0000000000e+00   0.0000000000e+00   0.0000000000e+00
   7.0000000000e+02   0.0000000000e+00   0.0000000000e+00   1.0000000000e+00   0.0000000000e+00   0.0000000000e+00   0.0000000000e+00
   7.0000000000e+02   0.0000000000e+00   0.0000000000e+00   1.0000000000e+00   0.0000000000e+00   0.0000000000e+00   0.0000000000e+00
   7.0000000000e+02   0.0000000000e+00   0.0000000000e+00   1.0000000000e+00   0.0000000000e+00   0.0000000000e+00   0.0000000000e+00
   7.0000000000e+02   0.0000000000e+00   0.0000000000e+00   1.0000000000e+00   0.0000000000e+00   0.0000000000e+00   0.0000000000e+00
   7.0000000000e+02   0.0000000000e+00   0.0000000000e+00   1.0000000000e+00   0.0000000000e+00   0.0000000000e+00   0.0000000000e+00
   7.0000000000e+02   0.0000000000e+00   0.0000000000e+00   1.0000000000e+00   0.0000000000e+00   0.0000000000e+00   0.0000000000e+00
   7.0000000000e+02   0.0000000000e+00   0.0000000000e+00   1.0000000000e+00   0.0000000000e+00   0.0000000000e+00   0.0000000000e+00
   7.0000000000e+02   0.0000000000e+00   0.0000000000e+00   1.0000000000e+00   0.0000000000e+00   0.0000000000e+00   0.0000000000e+00
   1.2000000000e+03   2.3299971514e-01   0.0000000000e+00   0.0000000000e+00   0.0000000000e+00   0.0000000000e+00   7.6700028486e-01
   1.2000000000e+03   2.3299971514e-01   0.0000000000e+00   0.0000000000e+00   0.0000000000e+00   0.0000000000e+00   7.6700028486e-01
   1.2000000000e+03   2.3299971514e-01   0.0000000000e+00   0.0000000000e+00   0.0000000000e+00   0.0000000000e+00   7.6700028486e-01
   1.2000000000e+03   2.3299971514e-01   0.0000000000e+00   0.0000000000e+00   0.0000000000e+00   0.0000000000e+00   7.6700028486e-01
   1.2000000000e+03   2.3299971514e-01   0.0000000000e+00   0.0000000000e+00   0.0000000000e+00   0.0000000000e+00   7.6700028486e-01
   1.2000000000e+03   2.3299971514e-01   0.0000000000e+00   0.0000000000e+00   0.0000000000e+00   0.0000000000e+00   7.6700028486e-01
   1.2000000000e+03   2.3299971514e-01   0.0000000000e+00   0.0000000000e+00   0.0000000000e+00   0.0000000000e+00   7.6700028486e-01
   1.2000000000e+03   2.3299971514e-01   0.0000000000e+00   0.0000000000e+00   0.0000000000e+00   0.0000000000e+00   7.6700028486e-01
   1.2000000000e+03   2.3299971514e-01   0.0000000000e+00   0.0000000000e+00   0.0000000000e+00   0.0000000000e+00   7.6700028486e-01
   1.2000000000e+03   2.3299971514e-01   0.0000000000e+00   0.0000000000e+00   0.0000000000e+00   0.0000000000e+00   7.6700028486e-01
   1.2000000000e+03   2.3299971514e-01   0.0000000000e+00   0.0000000000e+00   0.0000000000e+00   0.0000000000e+00   7.6700028486e-01
   1.2000000000e+03   2.3299971514e-01   0.0000000000e+00   0.0000000000e+00   0.0000000000e+00   0.0000000000e+00   7.6700028486e-01
   1.2000000000e+03   2.3299971514e-01   0.0000000000e+00   0.0000000000e+00   0.0000000000e+00   0.0000000000e+00   7.6700028486e-01
   1.2000000000e+03   2.3299971514e-01   0.0000000000e+00   0.0000000000e+00   0.0000000000e+00   0.0000000000e+00   7.6700028486e-01
   1.2000000000e+03   2.3299971514e-01   0.0000000000e+00   0.0000000000e+00   0.0000000000e+00   0.0000000000e+00   7.6700028486e-01
   1.2000000000e+03   2.3299971514e-01   0.0000000000e+00   0.0000000000e+00   0.0000000000e+00   0.0000000000e+00   7.6700028486e-01
   9.6562500000e+02   1.2378109867e-01   0.0000000000e+00   4.6875000000e-01   0.0000000000e+00   0.0000000000e+00   4.0746890133e-01
   9.6562500000e+02   1.2378109867e-01   0.0000000000e+00   4.6875000000e-01   0.0000000000e+00   0.0000000000e+00   4.0746890133e-01
   9.8125000000e+02   1.3106233977e-01   0.0000000000e+00   4.3750000000e-01   0.0000000000e+00   0.0000000000e+00   4.3143766023e-01
   9.8125000000e+02   1.3106233977e-01   0.0000000000e+00   4.3750000000e-01   0.0000000000e+00   0.0000000000e+00   4.3143766023e-01
   9.5000000000e+02   1.1649985757e-01   0.0000000000e+00   5.0000000000e-01   0.0000000000e+00   0.0000000000e+00   3.8350014243e-01
   9.5000000000e+02   1.1649985757e-01   0.0000000000e+00   5.0000000000e-01   0.0000000000e+00   0.0000000000e+00   3.8350014243e-01
   9.6562500000e+02   1.2378109867e-01   0.0000000000e+00   4.6875000000e-01   0.0000000000e+00   0.0000000000e+00   4.0746890133e-01
   9.6562500000e+02   1.2378109867e-01   0.0000000000e+00   4.6875000000e-01   0.0000000000e+00   0.0000000000e+00   4.0746890133e-01
   9.5000000000e+02   1.1649985757e-01   0.0000000000e+00   5.0000000000e-01   0.0000000000e+00   0.0000000000e+00   3.8350014243e-01
   9.5000000000e+02   1.1649985757e-01   0.0000000000e+00   5.0000000000e-01   0.0000000000e+00   0.0000000000e+00   3.8350014243e-01
   9.1875000000e+02   1.0193737537e-01   0.0000000000e+00   5.6250000000e-01   0.0000000000e+00   0.0000000000e+00   3.3556262463e-01
   9.1875000000e+02   1.0193737537e-01   0.0000000000e+00   5.6250000000e-01   0.0000000000e+00   0.0000000000e+00   3.3556262463e-01
   9.5000000000e+02   1.1649985757e-01   0.0000000000e+00   5.0000000000e-01   0.0000000000e+00   0.0000000000e+00   3.8350014243e-01
   9.5000000000e+02   1.1649985757e-01   0.0000000000e+00   5.0000000000e-01   0.0000000000e+00   0.0000000000e+00   3.8350014243e-01
   9.1875000000e+02   1.0193737537e-01   0.0000000000e+00   5.6250000000e-01   0.0000000000e+00   0.0000000000e+00   3.3556262463e-01
   9.1875000000e+02   1.0193737537e-01   0.0000000000e+00   5.6250000000e-01   0.0000000000e+00   0.0000000000e+00   3.3556262463e-01
   7.6250000000e+02   2.9124964393e-02   0.0000000000e+00   8.7500000000e-01   0.0000000000e+00   0.0000000000e+00   9.5875035607e-02
   7.6250000000e+02   2.9124964393e-02   0.0000000000e+00   8.7500000000e-01   0.0000000000e+00   0.0000000000e+00   9.5875035607e-02
   7.6250000000e+02   2.9124964393e-02   0.0000000000e+00   8.7500000000e-01   0.0000000000e+00   0.0000000000e+00   9.5875035607e-02
   7.6250000000e+02   2.9124964393e-02   0.0000000000e+00   8.7500000000e-01   0.0000000000e+00   0.0000000000e+00   9.5875035607e-02
   7.0000000000e+02   0.0000000000e+00   0.0000000000e+00   1.0000000000e+00   0.0000000000e+00   0.0000000000e+00   0.0000000000e+00
   7.0000000000e+02   0.0000000000e+00   0.0000000000e+00   1.0000000000e+00   0.0000000000e+00   0.0000000000e+00   0.0000000000e+00
   8.2500000000e+02   5.8249928785e-02   0.0000000000e+00   7.5000000000e-01   0.0000000000e+00   0.0000000000e+00   1.9175007121e-01
   8.2500000000e+02   5.8249928785e-02   0.0000000000e+00   7.5000000000e-01   0.0000000000e+00   0.0000000000e+00   1.9175007121e-01
   1.1687500000e+03   2.1843723294e-01   0.0000000000e+00   6.2500000000e-02   0.0000000000e+00   0.0000000000e+00   7.1906276706e-01
   1.1687500000e+03   2.1843723294e-01   0.0000000000e+00   6.2500000000e-02   0.0000000000e+00   0.0000000000e+00   7.1906276706e-01
   1.1687500000e+03   2.1843723294e-01   0.0000000000e+00   6.2500000000e-02   0.0000000000e+00   0.0000000000e+00   7.1906276706e-01
   1.1687500000e+03   2.1843723294e-01   0.0000000000e+00   6.2500000000e-02   0.0000000000e+00   0.0000000000e+00   7.1906276706e-01
   1.0750000000e+03   1.7474978636e-01   0.0000000000e+00   2.5000000000e-01   0.0000000000e+00   0.0000000000e+00   5.7525021364e-01
   1.0750000000e+03   1.7474978636e-01   0.0000000000e+00   2.5000000000e-01   0.0000000000e+00   0.0000000000e+00   5.7525021364e-01
   1.1375000000e+03   2.0387475075e-01   0.0000000000e+00   1.2500000000e-01   0.0000000000e+00   0.0000000000e+00   6.7112524925e-01
   1.1375000000e+03   2.0387475075e-01   0.0000000000e+00   1.2500000000e-01   0.0000000000e+00   0.0000000000e+00   6.7112524925e-01
   7.0000000000e+02   0.0000000000e+00   0.0000000000e+00   1.0000000000e+00   0.0000000000e+00   0.0000000000e+00   0.0000000000e+00
   7.0000000000e+02   0.0000000000e+00   0.0000000000e+00   1.0000000000e+00   0.0000000000e+00   0.0000000000e+00   0.0000000000e+00
   7.0000000000e+02   0.0000000000e+00   0.0000000000e+00   1.0000000000e+00   0.0000000000e+00   0.0000000000e+00   0.0000000000e+00
   7.0000000000e+02   0.0000000000e+00   0.0000000000e+00   1.0000000000e+00   0.0000000000e+00   0.0000000000e+00   0.0000000000e+00
   7.0000000000e+02   0.0000000000e+00   0.0000000000e+00   1.0000000000e+00   0.0000000000e+00   0.0000000000e+00   0.0000000000e+00
   7.0000000000e+02   0.0000000000e+00   0.0000000000e+00   1.0000000000e+00   0.0000000000e+00   0.0000000000e+00   0.0000000000e+00
   7.0000000000e+02   0.0000000000e+00   0.0000000000e+00   1.0000000000e+00   0.0000000000e+00   0.0000000000e+00   0.0000000000e+00
   7.0000000000e+02   0.0000000000e+00   0.0000000000e+00   1.0000000000e+00   0.0000000000e+00   0.0000000000e+00   0.0000000000e+00
   7.0000000000e+02   0.0000000000e+00   0.0000000000e+00   1.0000000000e+00   0.0000000000e+00   0.0000000000e+00   0.0000000000e+00
   7.0000000000e+02   0.0000000000e+00   0.0000000000e+00   1.0000000000e+00   0.0000000000e+00   0.0000000000e+00   0.0000000000e+00
   7.0000000000e+02   0.0000000000e+00   0.0000000000e+00   1.0000000000e+00   0.0000000000e+00   0.0000000000e+00   0.0000000000e+00
   7.0000000000e+02   0.0000000000e+00   0.0000000000e+00   1.0000000000e+00   0.0000000000e+00   0.0000000000e+00   0.0000000000e+00
   7.0000000000e+02   0.0000000000e+00   0.0000000000e+00   1.0000000000e+00   0.0000000000e+00   0.0000000000e+00   0.0000000000e+00
   7.0000000000e+02   0.0000000000e+00   0.0000000000e+00   1.0000000000e+00   0.0000000000e+00   0.0000000000e+00   0.0000000000e+00
   7.0000000000e+02   0.0000000000e+00   0.0000000000e+00   1.0000000000e+00   0.0000000000e+00   0.0000000000e+00   0.0000000000e+00
   7.0000000000e+02   0.0000000000e+00   0.0000000000e+00   1.0000000000e+00   0.0000000000e+00   0.0000000000e+00   0.0000000000e+00
   7.0000000000e+02   0.0000000000e+00   0.0000000000e+00   1.0000000000e+00   0.0000000000e+00   0.0000000000e+00   0.0000000000e+00
   7.0000000000e+02   0.0000000000e+00   0.0000000000e+00   1.0000000000e+00   0.0000000000e+00   0.0000000000e+00   0.0000000000e+00
   7.0000000000e+02   0.0000000000e+00   0.0000000000e+00   1.0000000000e+00   0.0000000000e+00   0.0000000000e+00   0.0000000000e+00
   7.0000000000e+02   0.0000000000e+00   0.0000000000e+00   1.0000000000e+00   0.0000000000e+00   0.0000000000e+00   0.0000000000e+00
   7.0000000000e+02   0.0000000000e+00   0.0000000000e+00   1.0000000000e+00   0.0000000000e+00   0.0000000000e+00   0.0000000000e+00
   7.0000000000e+02   0.0000000000e+00   0.0000000000e+00   1.0000000000e+00   0.0000000000e+00   0.0000000000e+00   0.0000000000e+00
   7.0000000000e+02   0.0000000000e+00   0.0000000000e+00   1.0000000000e+00   0.0000000000e+00   0.0000000000e+00   0.0000000000e+00
   7.0000000000e+02   0.0000000000e+00   0.0000000000e+00   1.0000000000e+00   0.0000000000e+00   0.0000000000e+00   0.0000000000e+00
   7.0000000000e+02   0.0000000000e+00   0.0000000000e+00   1.0000000000e+00   0.0000000000e+00   0.0000000000e+00   0.0000000000e+00
   7.0000000000e+02   0.0000000000e+00   0.0000000000e+00   1.0000000000e+00   0.0000000000e+00   0.0000000000e+00   0.0000000000e+00
   7.0000000000e+02   0.0000000000e+00   0.0000000000e+00   1.0000000000e+00   0.0000000000e+00   0.0000000000e+00   0.0000000000e+00
   7.0000000000e+02   0.0000000000e+00   0.0000000000e+00   1.0000000000e+00   0.0000000000e+00   0.0000000000e+00   0.0000000000e+00
   7.0000000000e+02   0.0000000000e+00   0.0000000000e+00   1.0000000000e+00   0.0000000000e+00   0.0000000000e+00   0.0000000000e+00
   7.0000000000e+02   0.0000000000e+00   0.0000000000e+00   1.0000000000e+00   0.0000000000e+00   0.0000000000e+00   0.0000000000e+00
   7.0000000000e+02   0.0000000000e+00   0.0000000000e+00   1.0000000000e+00   0.0000000000e+00   0.0000000000e+00   0.0000000000e+00
   7.0000000000e+02   0.0000000000e+00   0.0000000000e+00   1.0000000000e+00   0.0000000000e+00   0.0000000000e+00   0.0000000000e+00
   7.0000000000e+02   0.0000000000e+00   0.0000000000e+00   1.0000000000e+00   0.0000000000e+00   0.0000000000e+00   0.0000000000e+00
   7.0000000000e+02   0.0000000000e+00   0.0000000000e+00   1.0000000000e+00   0.0000000000e+00   0.0000000000e+00   0.0000000000e+00
   7.0000000000e+02   0.0000000000e+00   0.0000000000e+00   1.0000000000e+00   0.0000000000e+00   0.0000000000e+00   0.0000000000e+00
   7.0000000000e+02   0.0000000000e+00   0.0000000000e+00   1.0000000000e+00   0.0000000000e+00   0.0000000000e+00   0.0000000000e+00
   7.0000000000e+02   0.0000000000e+00   0.0000000000e+00   1.0000000000e+00   0.0000000000e+00   0.0000000000e+00   0.0000000000e+00
   7.0000000000e+02   0.0000000000e+00   0.0000000000e+00   1.0000000000e+00   0.0000000000e+00   0.0000000000e+00   0.0000000000e+00
   7.0000000000e+02   0.0000000000e+00   0.0000000000e+00   1.0000000000e+00   0.0000000000e+00   0.0000000000e+00   0.0000000000e+00
   7.0000000000e+02   0.0000000000e+00   0.0000000000e+00   1.0000000000e+00   0.0000000000e+00   0.0000000000e+00   0.0000000000e+00
   7.0000000000e+02   0.0000000000e+00   0.0000000000e+00   1.0000000000e+00   0.0000000000e+00   0.0000000000e+00   0.0000000000e+00
   7.0000000000e+02   0.0000000000e+00   0.0000000000e+00   1.0000000000e+00   0.0000000000e+00   0.0000000000e+00   0.0000000000e+00
   7.0000000000e+02   0.0000000000e+00   0.0000000000e+00   1.0000000000e+00   0.0000000000e+00   0.0000000000e+00   0.0000000000e+00
   7.0000000000e+02   0.0000000000e+00   0.0000000000e+00   1.0000000000e+00   0.0000000000e+00   0.0000000000e+00   0.0000000000e+00
   7.0000000000e+02   0.0000000000e+00   0.0000000000e+00   1.0000000000e+00   0.0000000000e+00   0.0000000000e+00   0.0000000000e+00
   7.0000000000e+02   0.0000000000e+00   0.0000000000e+00   1.0000000000e+00   0.0000000000e+00   0.0000000000e+00   0.0000000000e+00
   7.0000000000e+02   0.0000000000e+00   0.0000000000e+00   1.0000000000e+00   0.0000000000e+00   0.0000000000e+00   0.0000000000e+00
   7.0000000000e+02   0.0000000000e+00   0.0000000000e+00   1.0000000000e+00   0.0000000000e+00   0.0000000000e+00   0.0000000000e+00
   1.0125000000e+03   1.4562482196e-01   0.0000000000e+00   3.7500000000e-01   0.0000000000e+00   0.0000000000e+00   4.7937517804e-01
   1.0125000000e+03   1.4562482196e-01   0.0000000000e+00   3.7500000000e-01   0.0000000000e+00   0.0000000000e+00   4.7937517804e-01
   8.8750000000e+02   8.7374893178e-02   0.0000000000e+00   6.2500000000e-01   0.0000000000e+00   0.0000000000e+00   2.8762510682e-01
   8.8750000000e+02   8.7374893178e-02   0.0000000000e+00   6.2500000000e-01   0.0000000000e+00   0.0000000000e+00   2.8762510682e-01
   8.8750000000e+02   8.7374893178e-02   0.0000000000e+00   6.2500000000e-01   0.0000000000e+00   0.0000000000e+00   2.8762510682e-01
   8.8750000000e+02   8.7374893178e-02   0.0000000000e+00   6.2500000000e-01   0.0000000000e+00   0.0000000000e+00   2.8762510682e-01
   1.0125000000e+03   1.4562482196e-01   0.0000000000e+00   3.7500000000e-01   0.0000000000e+00   0.0000000000e+00   4.7937517804e-01
   1.0125000000e+03   1.4562482196e-01   0.0000000000e+00   3.7500000000e-01   0.0000000000e+00   0.0000000000e+00   4.7937517804e-01
   7.0000000000e+02   0.0000000000e+00   0.0000000000e+00   1.0000000000e+00   0.0000000000e+00   0.0000000000e+00   0.0000000000e+00
   7.0000000000e+02   0.0000000000e+00   0.0000000000e+00   1.0000000000e+00   0.0000000000e+00   0.0000000000e+00   0.0000000000e+00
   7.0000000000e+02   0.0000000000e+00   0.0000000000e+00   1.0000000000e+00   0.0000000000e+00   0.0000000000e+00   0.0000000000e+00
   7.0000000000e+02   0.0000000000e+00   0.0000000000e+00   1.0000000000e+00   0.0000000000e+00   0.0000000000e+00   0.0000000000e+00
   7.0000000000e+02   0.0000000000e+00   0.0000000000e+00   1.0000000000e+00   0.0000000000e+00   0.0000000000e+00   0.0000000000e+00
   7.0000000000e+02   0.0000000000e+00   0.0000000000e+00   1.0000000000e+00   0.0000000000e+00   0.0000000000e+00   0.0000000000e+00
   7.0000000000e+02   0.0000000000e+00   0.0000000000e+00   1.0000000000e+00   0.0000000000e+00   0.0000000000e+00   0.0000000000e+00
   7.0000000000e+02   0.0000000000e+00   0.0000000000e+00   1.0000000000e+00   0.0000000000e+00   0.0000000000e+00   0.0000000000e+00
   1.2000000000e+03   2.3299971514e-01   0.0000000000e+00   0.0000000000e+00   0.0000000000e+00   0.0000000000e+00   7.6700028486e-01
   1.2000000000e+03   2.3299971514e-01   0.0000000000e+00   0.0000000000e+00   0.0000000000e+00   0.0000000000e+00   7.6700028486e-01
   1.2000000000e+03   2.3299971514e-01   0.0000000000e+00   0.0000000000e+00   0.0000000000e+00   0.0000000000e+00   7.6700028486e-01
   1.2000000000e+03   2.3299971514e-01   0.0000000000e+00   0.0000000000e+00   0.0000000000e+00   0.0000000000e+00   7.6700028486e-01
   7.0000000000e+02   0.0000000000e+00   0.0000000000e+00   1.0000000000e+00   0.0000000000e+00   0.0000000000e+00   0.0000000000e+00
   7.0000000000e+02   0.0000000000e+00   0.0000000000e+00   1.0000000000e+00   0.0000000000e+00   0.0000000000e+00   0.0000000000e+00
   1.2000000000e+03   2.3299971514e-01   0.0000000000e+00   0.0000000000e+00   0.0000000000e+00   0.0000000000e+00   7.6700028486e-01
   1.2000000000e+03   2.3299971514e-01   0.0000000000e+00   0.0000000000e+00   0.0000000000e+00   0.0000000000e+00   7.6700028486e-01
   9.5000000000e+02   1.1649985757e-01   0.0000000000e+00   5.0000000000e-01   0.0000000000e+00   0.0000000000e+00   3.8350014243e-01
   9.5000000000e+02   1.1649985757e-01   0.0000000000e+00   5.0000000000e-01   0.0000000000e+00   0.0000000000e+00   3.8350014243e-01
   9.5000000000e+02   1.1649985757e-01   0.0000000000e+00   5.0000000000e-01   0.0000000000e+00   0.0000000000e+00   3.8350014243e-01
   9.5000000000e+02   1.1649985757e-01   0.0000000000e+00   5.0000000000e-01   0.0000000000e+00   0.0000000000e+00   3.8350014243e-01
   1.2000000000e+03   2.3299971514e-01   0.0000000000e+00   0.0000000000e+00   0.0000000000e+00   0.0000000000e+00   7.6700028486e-01
   1.2000000000e+03   2.3299971514e-01   0.0000000000e+00   0.0000000000e+00   0.0000000000e+00   0.0000000000e+00   7.6700028486e-01
   1.2000000000e+03   2.3299971514e-01   0.0000000000e+00   0.0000000000e+00   0.0000000000e+00   0.0000000000e+00   7.6700028486e-01
   1.2000000000e+03   2.3299971514e-01   0.0000000000e+00   0.0000000000e+00   0.0000000000e+00   0.0000000000e+00   7.6700028486e-01
   1.2000000000e+03   2.3299971514e-01   0.0000000000e+00   0.0000000000e+00   0.0000000000e+00   0.0000000000e+00   7.6700028486e-01
   1.2000000000e+03   2.3299971514e-01   0.0000000000e+00   0.0000000000e+00   0.0000000000e+00   0.0000000000e+00   7.6700028486e-01
   1.2000000000e+03   2.3299971514e-01   0.0000000000e+00   0.0000000000e+00   0.0000000000e+00   0.0000000000e+00   7.6700028486e-01
   1.2000000000e+03   2.3299971514e-01   0.0000000000e+00   0.0000000000e+00   0.0000000000e+00   0.0000000000e+00   7.6700028486e-01
   1.2000000000e+03   2.3299971514e-01   0.0000000000e+00   0.0000000000e+00   0.0000000000e+00   0.0000000000e+00   7.6700028486e-01
   1.2000000000e+03   2.3299971514e-01   0.0000000000e+00   0.0000000000e+00   0.0000000000e+00   0.0000000000e+00   7.6700028486e-01
   1.2000000000e+03   2.3299971514e-01   0.0000000000e+00   0.0000000000e+00   0.0000000000e+00   0.0000000000e+00   7.6700028486e-01
   1.2000000000e+03   2.3299971514e-01   0.0000000000e+00   0.0000000000e+00   0.0000000000e+00   0.0000000000e+00   7.6700028486e-01
   1.2000000000e+03   2.3299971514e-01   0.0000000000e+00   0.0000000000e+00   0.0000000000e+00   0.0000000000e+00   7.6700028486e-01
   1.2000000000e+03   2.3299971514e-01   0.0000000000e+00   0.0000000000e+00   0.0000000000e+00   0.0000000000e+00   7.6700028486e-01
   1.2000000000e+03   2.3299971514e-01   0.0000000000e+00   0.0000000000e+00   0.0000000000e+00   0.0000000000e+00   7.6700028486e-01
   1.2000000000e+03   2.3299971514e-01   0.0000000000e+00   0.0000000000e+00   0.0000000000e+00   0.0000000000e+00   7.6700028486e-01
   1.2000000000e+03   2.3299971514e-01   0.0000000000e+00   0.0000000000e+00   0.0000000000e+00   0.0000000000e+00   7.6700028486e-01
   1.2000000000e+03   2.3299971514e-01   0.0000000000e+00   0.0000000000e+00   0.0000000000e+00   0.0000000000e+00   7.6700028486e-01
   1.2000000000e+03   2.3299971514e-01   0.0000000000e+00   0.0000000000e+00   0.0000000000e+00   0.0000000000e+00   7.6700028486e-01
   1.2000000000e+03   2.3299971514e-01   0.0000000000e+00   0.0000000000e+00   0.0000000000e+00   0.0000000000e+00   7.6700028486e-01
   1.2000000000e+03   2.3299971514e-01   0.0000000000e+00   0.0000000000e+00   0.0000000000e+00   0.0000000000e+00   7.6700028486e-01
   1.2000000000e+03   2.3299971514e-01   0.0000000000e+00   0.0000000000e+00   0.0000000000e+00   0.0000000000e+00   7.6700028486e-01
   1.2000000000e+03   2.3299971514e-01   0.0000000000e+00   0.0000000000e+00   0.0000000000e+00   0.0000000000e+00   7.6700028486e-01
   1.2000000000e+03   2.3299971514e-01   0.0000000000e+00   0.0000000000e+00   0.0000000000e+00   0.0000000000e+00   7.6700028486e-01
   1.2000000000e+03   2.3299971514e-01   0.0000000000e+00   0.0000000000e+00   0.0000000000e+00   0.0000000000e+00   7.6700028486e-01
   1.2000000000e+03   2.3299971514e-01   0.0000000000e+00   0.0000000000e+00   0.0000000000e+00   0.0000000000e+00   7.6700028486e-01
   1.2000000000e+03   2.3299971514e-01   0.0000000000e+00   0.0000000000e+00   0.0000000000e+00   0.0000000000e+00   7.6700028486e-01
   1.2000000000e+03   2.3299971514e-01   0.0000000000e+00   0.0000000000e+00   0.0000000000e+00   0.0000000000e+00   7.6700028486e-01
   1.2000000000e+03   2.3299971514e-01   0.0000000000e+00   0.0000000000e+00   0.0000000000e+00   0.0000000000e+00   7.6700028486e-01
   1.2000000000e+03   2.3299971514e-01   0.0000000000e+00   0.0000000000e+00   0.0000000000e+00   0.0000000000e+00   7.6700028486e-01
   1.2000000000e+03   2.3299971514e-01   0.0000000000e+00   0.0000000000e+00   0.0000000000e+00   0.0000000000e+00   7.6700028486e-01
   1.2000000000e+03   2.3299971514e-01   0.0000000000e+00   0.0000000000e+00   0.0000000000e+00   0.0000000000e+00   7.6700028486e-01
   1.2000000000e+03   2.3299971514e-01   0.0000000000e+00   0.0000000000e+00   0.0000000000e+00   0.0000000000e+00   7.6700028486e-01
   1.2000000000e+03   2.3299971514e-01   0.0000000000e+00   0.0000000000e+00   0.0000000000e+00   0.0000000000e+00   7.6700028486e-01
   1.2000000000e+03   2.3299971514e-01   0.0000000000e+00   0.0000000000e+00   0.0000000000e+00   0.0000000000e+00   7.6700028486e-01
   1.2000000000e+03   2.3299971514e-01   0.0000000000e+00   0.0000000000e+00   0.0000000000e+00   0.0000000000e+00   7.6700028486e-01
   7.0000000000e+02   0.0000000000e+00   0.0000000000e+00   1.0000000000e+00   0.0000000000e+00   0.0000000000e+00   0.0000000000e+00
   7.0000000000e+02   0.0000000000e+00   0.0000000000e+00   1.0000000000e+00   0.0000000000e+00   0.0000000000e+00   0.0000000000e+00
   7.0000000000e+02   0.0000000000e+00   0.0000000000e+00   1.0000000000e+00   0.0000000000e+00   0.0000000000e+00   0.0000000000e+00
   7.0000000000e+02   0.0000000000e+00   0.0000000000e+00   1.0000000000e+00   0.0000000000e+00   0.0000000000e+00   0.0000000000e+00
   7.0000000000e+02   0.0000000000e+00   0.0000000000e+00   1.0000000000e+00   0.0000000000e+00   0.0000000000e+00   0.0000000000e+00
   7.0000000000e+02   0.0000000000e+00   0.0000000000e+00   1.0000000000e+00   0.0000000000e+00   0.0000000000e+00   0.0000000000e+00
   7.0000000000e+02   0.0000000000e+00   0.0000000000e+00   1.0000000000e+00   0.0000000000e+00   0.0000000000e+00   0.0000000000e+00
   7.0000000000e+02   0.0000000000e+00   0.0000000000e+00   1.0000000000e+00   0.0000000000e+00   0.0000000000e+00   0.0000000000e+00
   7.0000000000e+02   0.0000000000e+00   0.0000000000e+00   1.0000000000e+00   0.0000000000e+00   0.0000000000e+00   0.0000000000e+00
   7.0000000000e+02   0.0000000000e+00   0.0000000000e+00   1.0000000000e+00   0.0000000000e+00   0.0000000000e+00   0.0000000000e+00
   7.0000000000e+02   0.0000000000e+00   0.0000000000e+00   1.0000000000e+00   0.0000000000e+00   0.0000000000e+00   0.0000000000e+00
   7.0000000000e+02   0.0000000000e+00   0.0000000000e+00   1.0000000000e+00   0.0000000000e+00   0.0000000000e+00   0.0000000000e+00
   7.0000000000e+02   0.0000000000e+00   0.0000000000e+00   1.0000000000e+00   0.0000000000e+00   0.0000000000e+00   0.0000000000e+00
   7.0000000000e+02   0.0000000000e+00   0.0000000000e+00   1.0000000000e+00   0.0000000000e+00   0.0000000000e+00   0.0000000000e+00
   7.0000000000e+02   0.0000000000e+00   0.0000000000e+00   1.0000000000e+00   0.0000000000e+00   0.0000000000e+00   0.0000000000e+00
   7.0000000000e+02   0.0000000000e+00   0.0000000000e+00   1.0000000000e+00   0.0000000000e+00   0.0000000000e+00   0.0000000000e+00
   1.2000000000e+03   2.3299971514e-01   0.0000000000e+00   0.0000000000e+00   0.0000000000e+00   0.0000000000e+00   7.6700028486e-01
   1.2000000000e+03   2.3299971514e-01   0.0000000000e+00   0.0000000000e+00   0.0000000000e+00   0.0000000000e+00   7.6700028486e-01
   1.2000000000e+03   2.3299971514e-01   0.0000000000e+00   0.0000000000e+00   0.0000000000e+00   0.0000000000e+00   7.6700028486e-01
   1.2000000000e+03   2.3299971514e-01   0.0000000000e+00   0.0000000000e+00   0.0000000000e+00   0.0000000000e+00   7.6700028486e-01
   1.2000000000e+03   2.3299971514e-01   0.0000000000e+00   0.0000000000e+00   0.0000000000e+00   0.0000000000e+00   7.6700028486e-01
   1.2000000000e+03   2.3299971514e-01   0.0000000000e+00   0.0000000000e+00   0.0000000000e+00   0.0000000000e+00   7.6700028486e-01
   1.2000000000e+03   2.3299971514e-01   0.0000000000e+00   0.0000000000e+00   0.0000000000e+00   0.0000000000e+00   7.6700028486e-01
   1.2000000000e+03   2.3299971514e-01   0.0000000000e+00   0.0000000000e+00   0.0000000000e+00   0.0000000000e+00   7.6700028486e-01
   1.2000000000e+03   2.3299971514e-01   0.0000000000e+00   0.0000000000e+00   0.0000000000e+00   0.0000000000e+00   7.6700028486e-01
   1.2000000000e+03   2.3299971514e-01   0.0000000000e+00   0.0000000000e+00   0.0000000000e+00   0.0000000000e+00   7.6700028486e-01
   1.2000000000e+03   2.3299971514e-01   0.0000000000e+00   0.0000000000e+00   0.0000000000e+00   0.0000000000e+00   7.6700028486e-01
   1.2000000000e+03   2.3299971514e-01   0.0000000000e+00   0.0000000000e+00   0.0000000000e+00   0.0000000000e+00   7.6700028486e-01
   1.2000000000e+03   2.3299971514e-01   0.0000000000e+00   0.0000000000e+00   0.0000000000e+00   0.0000000000e+00   7.6700028486e-01
   1.2000000000e+03   2.3299971514e-01   0.0000000000e+00   0.0000000000e+00   0.0000000000e+00   0.0000000000e+00   7.6700028486e-01
   1.2000000000e+03   2.3299971514e-01   0.0000000000e+00   0.0000000000e+00   0.0000000000e+00   0.0000000000e+00   7.6700028486e-01
   1.2000000000e+03   2.3299971514e-01   0.0000000000e+00   0.0000000000e+00   0.0000000000e+00   0.0000000000e+00   7.6700028486e-01