# time = 7.92283
# Grid Poins = 256    variable_0    variable_1    variable_2    variable_3    variable_4    variable_5    variable_6
   1.1630203247e+03   2.1576720752e-01   0.0000000000e+00   7.3959350586e-02   0.0000000000e+00   0.0000000000e+00   7.1027344189e-01
   1.1630203247e+03   2.1576720752e-01   0.0000000000e+00   7.3959350586e-02   0.0000000000e+00   0.0000000000e+00   7.1027344189e-01
   1.1630203247e+03   2.1576720752e-01   0.0000000000e+00   7.3959350586e-02   0.0000000000e+00   0.0000000000e+00   7.1027344189e-01
   1.1630203247e+03   2.1576720752e-01   0.0000000000e+00   7.3959350586e-02   0.0000000000e+00   0.0000000000e+00   7.1027344189e-01
   1.1630203247e+03   2.1576720752e-01   0.0000000000e+00   7.3959350586e-02   0.0000000000e+00   0.0000000000e+00   7.1027344189e-01
   1.1630203247e+03   2.1576720752e-01   0.0000000000e+00   7.3959350586e-02   0.0000000000e+00   0.0000000000e+00   7.1027344189e-01
   1.1630203247e+03   2.1576720752e-01   0.0000000000e+00   7.3959350586e-02   0.0000000000e+00   0.0000000000e+00   7.1027344189e-01
   1.1630203247e+03   2.1576720752e-01   0.0000000000e+00   7.3959350586e-02   0.0000000000e+00   0.0000000000e+00   7.1027344189e-01
   1.1647140503e+03   2.1655648268e-01   0.0000000000e+00   7.0571899414e-02   0.0000000000e+00   0.0000000000e+00   7.1287161791e-01
   1.1647140503e+03   2.1655648268e-01   0.0000000000e+00   7.0571899414e-02   0.0000000000e+00   0.0000000000e+00   7.1287161791e-01
   1.1647140503e+03   2.1655648268e-01   0.0000000000e+00   7.0571899414e-02   0.0000000000e+00   0.0000000000e+00   7.1287161791e-01
   1.1647140503e+03   2.1655648268e-01   0.0000000000e+00   7.0571899414e-02   0.0000000000e+00   0.0000000000e+00   7.1287161791e-01
   1.1647140503e+03   2.1655648268e-01   0.0000000000e+00   7.0571899414e-02   0.0000000000e+00   0.0000000000e+00   7.1287161791e-01
   1.1647140503e+03   2.1655648268e-01   0.0000000000e+00   7.0571899414e-02   0.0000000000e+00   0.0000000000e+00   7.1287161791e-01
   1.1647140503e+03   2.1655648268e-01   0.0000000000e+00   7.0571899414e-02   0.0000000000e+00   0.0000000000e+00   7.1287161791e-01
   1.1647140503e+03   2.1655648268e-01   0.0000000000e+00   7.0571899414e-02   0.0000000000e+00   0.0000000000e+00   7.1287161791e-01
   9.5714111328e+02   1.1982761229e-01   0.0000000000e+00   4.8571777344e-01   0.0000000000e+00   0.0000000000e+00   3.9445461427e-01
   9.5714111328e+02   1.1982761229e-01   0.0000000000e+00   4.8571777344e-01   0.0000000000e+00   0.0000000000e+00   3.9445461427e-01
   9.5714111328e+02   1.1982761229e-01   0.0000000000e+00   4.8571777344e-01   0.0000000000e+00   0.0000000000e+00   3.9445461427e-01
   9.5714111328e+02   1.1982761229e-01   0.0000000000e+00   4.8571777344e-01   0.0000000000e+00   0.0000000000e+00   3.9445461427e-01
   9.5714111328e+02   1.1982761229e-01   0.0000000000e+00   4.8571777344e-01   0.0000000000e+00   0.0000000000e+00   3.9445461427e-01
   9.5714111328e+02   1.1982761229e-01   0.0000000000e+00   4.8571777344e-01   0.0000000000e+00   0.0000000000e+00   3.9445461427e-01
   9.5714111328e+02   1.1982761229e-01   0.0000000000e+00   4.8571777344e-01   0.0000000000e+00   0.0000000000e+00   3.9445461427e-01
   9.5714111328e+02   1.1982761229e-01   0.0000000000e+00   4.8571777344e-01   0.0000000000e+00   0.0000000000e+00   3.9445461427e-01
   1.0876953125e+03   1.8066579475e-01   0.0000000000e+00   2.2460937500e-01   0.0000000000e+00   0.0000000000e+00   5.9472483025e-01
   1.0876953125e+03   1.8066579475e-01   0.0000000000e+00   2.2460937500e-01   0.0000000000e+00   0.0000000000e+00   5.9472483025e-01
   1.0876953125e+03   1.8066579475e-01   0.0000000000e+00   2.2460937500e-01   0.0000000000e+00   0.0000000000e+00   5.9472483025e-01
   1.0876953125e+03   1.8066579475e-01   0.0000000000e+00   2.2460937500e-01   0.0000000000e+00   0.0000000000e+00   5.9472483025e-01
   1.0876953125e+03   1.8066579475e-01   0.0000000000e+00   2.2460937500e-01   0.0000000000e+00   0.0000000000e+00   5.9472483025e-01
   1.0876953125e+03   1.8066579475e-01   0.0000000000e+00   2.2460937500e-01   0.0000000000e+00   0.0000000000e+00   5.9472483025e-01
   1.0876953125e+03   1.8066579475e-01   0.0000000000e+00   2.2460937500e-01   0.0000000000e+00   0.0000000000e+00   5.9472483025e-01
   1.0876953125e+03   1.8066579475e-01   0.0000000000e+00   2.2460937500e-01   0.0000000000e+00   0.0000000000e+00   5.9472483025e-01
   8.8603515625e+02   8.6692276825e-02   0.0000000000e+00   6.2792968750e-01   0.0000000000e+00   0.0000000000e+00   2.8537803568e-01
   8.8603515625e+02   8.6692276825e-02   0.0000000000e+00   6.2792968750e-01   0.0000000000e+00   0.0000000000e+00   2.8537803568e-01
   8.8603515625e+02   8.6692276825e-02   0.0000000000e+00   6.2792968750e-01   0.0000000000e+00   0.0000000000e+00   2.8537803568e-01
   8.8603515625e+02   8.6692276825e-02   0.0000000000e+00   6.2792968750e-01   0.0000000000e+00   0.0000000000e+00   2.8537803568e-01
   8.8603515625e+02   8.6692276825e-02   0.0000000000e+00   6.2792968750e-01   0.0000000000e+00   0.0000000000e+00   2.8537803568e-01
   8.8603515625e+02   8.6692276825e-02   0.0000000000e+00   6.2792968750e-01   0.0000000000e+00   0.0000000000e+00   2.8537803568e-01
   8.8603515625e+02   8.6692276825e-02   0.0000000000e+00   6.2792968750e-01   0.0000000000e+00   0.0000000000e+00   2.8537803568e-01
   8.8603515625e+02   8.6692276825e-02   0.0000000000e+00   6.2792968750e-01   0.0000000000e+00   0.0000000000e+00   2.8537803568e-01
   8.4735412598e+02   6.8666938754e-02   0.0000000000e+00   7.0529174805e-01   0.0000000000e+00   0.0000000000e+00   2.2604131320e-01
   8.4735412598e+02   6.8666938754e-02   0.0000000000e+00   7.0529174805e-01   0.0000000000e+00   0.0000000000e+00   2.2604131320e-01
   8.4735412598e+02   6.8666938754e-02   0.0000000000e+00   7.0529174805e-01   0.0000000000e+00   0.0000000000e+00   2.2604131320e-01
   8.4735412598e+02   6.8666938754e-02   0.0000000000e+00   7.0529174805e-01   0.0000000000e+00   0.0000000000e+00   2.2604131320e-01
   9.3698425293e+02   1.1043452685e-01   0.0000000000e+00   5.2603149414e-01   0.0000000000e+00   0.0000000000e+00   3.6353397901e-01
   9.3698425293e+02   1.1043452685e-01   0.0000000000e+00   5.2603149414e-01   0.0000000000e+00   0.0000000000e+00   3.6353397901e-01
   9.3698425293e+02   1.1043452685e-01   0.0000000000e+00   5.2603149414e-01   0.0000000000e+00   0.0000000000e+00   3.6353397901e-01
   9.3698425293e+02   1.1043452685e-01   0.0000000000e+00   5.2603149414e-01   0.0000000000e+00   0.0000000000e+00   3.6353397901e-01
   8.7990112305e+02   8.3833820847e-02   0.0000000000e+00   6.4019775391e-01   0.0000000000e+00   0.0000000000e+00   2.7596842525e-01
   8.7990112305e+02   8.3833820847e-02   0.0000000000e+00   6.4019775391e-01   0.0000000000e+00   0.0000000000e+00   2.7596842525e-01
   8.7990112305e+02   8.3833820847e-02   0.0000000000e+00   6.4019775391e-01   0.0000000000e+00   0.0000000000e+00   2.7596842525e-01
   8.7990112305e+02   8.3833820847e-02   0.0000000000e+00   6.4019775391e-01   0.0000000000e+00   0.0000000000e+00   2.7596842525e-01
   9.2931671143e+02   1.0686145688e-01   0.0000000000e+00   5.4136657715e-01   0.0000000000e+00   0.0000000000e+00   3.5177196597e-01
   9.2931671143e+02   1.0686145688e-01   0.0000000000e+00   5.4136657715e-01   0.0000000000e+00   0.0000000000e+00   3.5177196597e-01
   9.2931671143e+02   1.0686145688e-01   0.0000000000e+00   5.4136657715e-01   0.0000000000e+00   0.0000000000e+00   3.5177196597e-01
   9.2931671143e+02   1.0686145688e-01   0.0000000000e+00   5.4136657715e-01   0.0000000000e+00   0.0000000000e+00   3.5177196597e-01
   8.0253906250e+02   4.7783144706e-02   0.0000000000e+00   7.9492187500e-01   0.0000000000e+00   0.0000000000e+00   1.5729498029e-01
   8.0253906250e+02   4.7783144706e-02   0.0000000000e+00   7.9492187500e-01   0.0000000000e+00   0.0000000000e+00   1.5729498029e-01
   8.8296813965e+02   8.5263048836e-02   0.0000000000e+00   6.3406372070e-01   0.0000000000e+00   0.0000000000e+00   2.8067323046e-01
   8.8296813965e+02   8.5263048836e-02   0.0000000000e+00   6.3406372070e-01   0.0000000000e+00   0.0000000000e+00   2.8067323046e-01
   9.5726318359e+02   1.1988449699e-01   0.0000000000e+00   4.8547363281e-01   0.0000000000e+00   0.0000000000e+00   3.9464187020e-01
   9.5726318359e+02   1.1988449699e-01   0.0000000000e+00   4.8547363281e-01   0.0000000000e+00   0.0000000000e+00   3.9464187020e-01
   8.0253906250e+02   4.7783144706e-02   0.0000000000e+00   7.9492187500e-01   0.0000000000e+00   0.0000000000e+00   1.5729498029e-01
   8.0253906250e+02   4.7783144706e-02   0.0000000000e+00   7.9492187500e-01   0.0000000000e+00   0.0000000000e+00   1.5729498029e-01
   1.0164839745e+03   1.4748135179e-01   0.0000000000e+00   3.6703205109e-01   0.0000000000e+00   0.0000000000e+00   4.8548659712e-01
   1.0164839745e+03   1.4748135179e-01   0.0000000000e+00   3.6703205109e-01   0.0000000000e+00   0.0000000000e+00   4.8548659712e-01
   1.0164839745e+03   1.4748135179e-01   0.0000000000e+00   3.6703205109e-01   0.0000000000e+00   0.0000000000e+00   4.8548659712e-01
   1.0164839745e+03   1.4748135179e-01   0.0000000000e+00   3.6703205109e-01   0.0000000000e+00   0.0000000000e+00   4.8548659712e-01
   8.3085937500e+02   6.0980394197e-02   0.0000000000e+00   7.3828125000e-01   0.0000000000e+00   0.0000000000e+00   2.0073835580e-01
   8.3085937500e+02   6.0980394197e-02   0.0000000000e+00   7.3828125000e-01   0.0000000000e+00   0.0000000000e+00   2.0073835580e-01
   8.3085937500e+02   6.0980394197e-02   0.0000000000e+00   7.3828125000e-01   0.0000000000e+00   0.0000000000e+00   2.0073835580e-01
   8.3085937500e+02   6.0980394197e-02   0.0000000000e+00   7.3828125000e-01   0.0000000000e+00   0.0000000000e+00   2.0073835580e-01
   8.3085937500e+02   6.0980394197e-02   0.0000000000e+00   7.3828125000e-01   0.0000000000e+00   0.0000000000e+00   2.0073835580e-01
   8.3085937500e+02   6.0980394197e-02   0.0000000000e+00   7.3828125000e-01   0.0000000000e+00   0.0000000000e+00   2.0073835580e-01
   1.0041229248e+03   1.4172110969e-01   0.0000000000e+00   3.9175415039e-01   0.0000000000e+00   0.0000000000e+00   4.6652473992e-01
   1.0041229248e+03   1.4172110969e-01   0.0000000000e+00   3.9175415039e-01   0.0000000000e+00   0.0000000000e+00   4.6652473992e-01
   8.3085937500e+02   6.0980394197e-02   0.0000000000e+00   7.3828125000e-01   0.0000000000e+00   0.0000000000e+00   2.0073835580e-01
   8.3085937500e+02   6.0980394197e-02   0.0000000000e+00   7.3828125000e-01   0.0000000000e+00   0.0000000000e+00   2.0073835580e-01
   1.0041229248e+03   1.4172110969e-01   0.0000000000e+00   3.9175415039e-01   0.0000000000e+00   0.0000000000e+00   4.6652473992e-01
   1.0041229248e+03   1.4172110969e-01   0.0000000000e+00   3.9175415039e-01   0.0000000000e+00   0.0000000000e+00   4.6652473992e-01
   8.2979125977e+02   6.0482653106e-02   0.0000000000e+00   7.4041748047e-01   0.0000000000e+00   0.0000000000e+00   1.9909986643e-01
   8.2979125977e+02   6.0482653106e-02   0.0000000000e+00   7.4041748047e-01   0.0000000000e+00   0.0000000000e+00   1.9909986643e-01
   8.0543823242e+02   4.9134156238e-02   0.0000000000e+00   7.8912353516e-01   0.0000000000e+00   0.0000000000e+00   1.6174230861e-01
   8.0543823242e+02   4.9134156238e-02   0.0000000000e+00   7.8912353516e-01   0.0000000000e+00   0.0000000000e+00   1.6174230861e-01
   8.0543823242e+02   4.9134156238e-02   0.0000000000e+00   7.8912353516e-01   0.0000000000e+00   0.0000000000e+00   1.6174230861e-01
   8.0543823242e+02   4.9134156238e-02   0.0000000000e+00   7.8912353516e-01   0.0000000000e+00   0.0000000000e+00   1.6174230861e-01
   8.2979125977e+02   6.0482653106e-02   0.0000000000e+00   7.4041748047e-01   0.0000000000e+00   0.0000000000e+00   1.9909986643e-01
   8.2979125977e+02   6.0482653106e-02   0.0000000000e+00   7.4041748047e-01   0.0000000000e+00   0.0000000000e+00   1.9909986643e-01
   1.0141125441e+03   1.4637626658e-01   0.0000000000e+00   3.7177491188e-01   0.0000000000e+00   0.0000000000e+00   4.8184882154e-01
   1.0141125441e+03   1.4637626658e-01   0.0000000000e+00   3.7177491188e-01   0.0000000000e+00   0.0000000000e+00   4.8184882154e-01
   1.0141125441e+03   1.4637626658e-01   0.0000000000e+00   3.7177491188e-01   0.0000000000e+00   0.0000000000e+00   4.8184882154e-01
   1.0141125441e+03   1.4637626658e-01   0.0000000000e+00   3.7177491188e-01   0.0000000000e+00   0.0000000000e+00   4.8184882154e-01
   1.0007037640e+03   1.4012778269e-01   0.0000000000e+00   3.9859247208e-01   0.0000000000e+00   0.0000000000e+00   4.6127974523e-01
   1.0007037640e+03   1.4012778269e-01   0.0000000000e+00   3.9859247208e-01   0.0000000000e+00   0.0000000000e+00   4.6127974523e-01
   1.0103685379e+03   1.4463156184e-01   0.0000000000e+00   3.7926292419e-01   0.0000000000e+00   0.0000000000e+00   4.7610551397e-01
   1.0103685379e+03   1.4463156184e-01   0.0000000000e+00   3.7926292419e-01   0.0000000000e+00   0.0000000000e+00   4.7610551397e-01
   1.0183193505e+03   1.4833663597e-01   0.0000000000e+00   3.6336129904e-01   0.0000000000e+00   0.0000000000e+00   4.8830206499e-01
   1.0183193505e+03   1.4833663597e-01   0.0000000000e+00   3.6336129904e-01   0.0000000000e+00   0.0000000000e+00   4.8830206499e-01
   1.0183193505e+03   1.4833663597e-01   0.0000000000e+00   3.6336129904e-01   0.0000000000e+00   0.0000000000e+00   4.8830206499e-01
   1.0183193505e+03   1.4833663597e-01   0.0000000000e+00   3.6336129904e-01   0.0000000000e+00   0.0000000000e+00   4.8830206499e-01
   1.0140881062e+03   1.4636487853e-01   0.0000000000e+00   3.7182378769e-01   0.0000000000e+00   0.0000000000e+00   4.8181133378e-01
   1.0140881062e+03   1.4636487853e-01   0.0000000000e+00   3.7182378769e-01   0.0000000000e+00   0.0000000000e+00   4.8181133378e-01
   1.0103685379e+03   1.4463156184e-01   0.0000000000e+00   3.7926292419e-01   0.0000000000e+00   0.0000000000e+00   4.7610551397e-01
   1.0103685379e+03   1.4463156184e-01   0.0000000000e+00   3.7926292419e-01   0.0000000000e+00   0.0000000000e+00   4.7610551397e-01
   1.0254360557e+03   1.5165301653e-01   0.0000000000e+00   3.4912788868e-01   0.0000000000e+00   0.0000000000e+00   4.9921909479e-01
   1.0254360557e+03   1.5165301653e-01   0.0000000000e+00   3.4912788868e-01   0.0000000000e+00   0.0000000000e+00   4.9921909479e-01
   1.0254360557e+03   1.5165301653e-01   0.0000000000e+00   3.4912788868e-01   0.0000000000e+00   0.0000000000e+00   4.9921909479e-01
   1.0254360557e+03   1.5165301653e-01   0.0000000000e+00   3.4912788868e-01   0.0000000000e+00   0.0000000000e+00   4.9921909479e-01
   1.0201791346e+03   1.4920329431e-01   0.0000000000e+00   3.5964173079e-01   0.0000000000e+00   0.0000000000e+00   4.9115497490e-01
   1.0201791346e+03   1.4920329431e-01   0.0000000000e+00   3.5964173079e-01   0.0000000000e+00   0.0000000000e+00   4.9115497490e-01
   1.0201791346e+03   1.4920329431e-01   0.0000000000e+00   3.5964173079e-01   0.0000000000e+00   0.0000000000e+00   4.9115497490e-01
   1.0201791346e+03   1.4920329431e-01   0.0000000000e+00   3.5964173079e-01   0.0000000000e+00   0.0000000000e+00   4.9115497490e-01
   9.6080322266e+02   1.2153415317e-01   0.0000000000e+00   4.7839355469e-01   0.0000000000e+00   0.0000000000e+00   4.0007229214e-01
   9.6080322266e+02   1.2153415317e-01   0.0000000000e+00   4.7839355469e-01   0.0000000000e+00   0.0000000000e+00   4.0007229214e-01
   9.6080322266e+02   1.2153415317e-01   0.0000000000e+00   4.7839355469e-01   0.0000000000e+00   0.0000000000e+00   4.0007229214e-01
   9.6080322266e+02   1.2153415317e-01   0.0000000000e+00   4.7839355469e-01   0.0000000000e+00   0.0000000000e+00   4.0007229214e-01
   9.6080322266e+02   1.2153415317e-01   0.0000000000e+00   4.7839355469e-01   0.0000000000e+00   0.0000000000e+00   4.0007229214e-01
   9.6080322266e+02   1.2153415317e-01   0.0000000000e+00   4.7839355469e-01   0.0000000000e+00   0.0000000000e+00   4.0007229214e-01
   9.6080322266e+02   1.2153415317e-01   0.0000000000e+00   4.7839355469e-01   0.0000000000e+00   0.0000000000e+00   4.0007229214e-01
   9.6080322266e+02   1.2153415317e-01   0.0000000000e+00   4.7839355469e-01   0.0000000000e+00   0.0000000000e+00   4.0007229214e-01
   8.9628906250e+02   9.1470591295e-02   0.0000000000e+00   6.0742187500e-01   0.0000000000e+00   0.0000000000e+00   3.0110753370e-01
   8.9628906250e+02   9.1470591295e-02   0.0000000000e+00   6.0742187500e-01   0.0000000000e+00   0.0000000000e+00   3.0110753370e-01
   8.9628906250e+02   9.1470591295e-02   0.0000000000e+00   6.0742187500e-01   0.0000000000e+00   0.0000000000e+00   3.0110753370e-01
   8.9628906250e+02   9.1470591295e-02   0.0000000000e+00   6.0742187500e-01   0.0000000000e+00   0.0000000000e+00   3.0110753370e-01
   7.6542968750e+02   3.0490197098e-02   0.0000000000e+00   8.6914062500e-01   0.0000000000e+00   0.0000000000e+00   1.0036917790e-01
   7.6542968750e+02   3.0490197098e-02   0.0000000000e+00   8.6914062500e-01   0.0000000000e+00   0.0000000000e+00   1.0036917790e-01
   7.6542968750e+02   3.0490197098e-02   0.0000000000e+00   8.6914062500e-01   0.0000000000e+00   0.0000000000e+00   1.0036917790e-01
   7.6542968750e+02   3.0490197098e-02   0.0000000000e+00   8.6914062500e-01   0.0000000000e+00   0.0000000000e+00   1.0036917790e-01
   8.3989257812e+02   6.5189861707e-02   0.0000000000e+00   7.2021484375e-01   0.0000000000e+00   0.0000000000e+00   2.1459529454e-01
   8.3989257812e+02   6.5189861707e-02   0.0000000000e+00   7.2021484375e-01   0.0000000000e+00   0.0000000000e+00   2.1459529454e-01
   8.3989257812e+02   6.5189861707e-02   0.0000000000e+00   7.2021484375e-01   0.0000000000e+00   0.0000000000e+00   2.1459529454e-01
   8.3989257812e+02   6.5189861707e-02   0.0000000000e+00   7.2021484375e-01   0.0000000000e+00   0.0000000000e+00   2.1459529454e-01
   8.3989257812e+02   6.5189861707e-02   0.0000000000e+00   7.2021484375e-01   0.0000000000e+00   0.0000000000e+00   2.1459529454e-01
   8.3989257812e+02   6.5189861707e-02   0.0000000000e+00   7.2021484375e-01   0.0000000000e+00   0.0000000000e+00   2.1459529454e-01
   8.3989257812e+02   6.5189861707e-02   0.0000000000e+00   7.2021484375e-01   0.0000000000e+00   0.0000000000e+00   2.1459529454e-01
   8.3989257812e+02   6.5189861707e-02   0.0000000000e+00   7.2021484375e-01   0.0000000000e+00   0.0000000000e+00   2.1459529454e-01
   8.8614196777e+02   8.6742050934e-02   0.0000000000e+00   6.2771606445e-01   0.0000000000e+00   0.0000000000e+00   2.8554188461e-01
   8.8614196777e+02   8.6742050934e-02   0.0000000000e+00   6.2771606445e-01   0.0000000000e+00   0.0000000000e+00   2.8554188461e-01
   8.8614196777e+02   8.6742050934e-02   0.0000000000e+00   6.2771606445e-01   0.0000000000e+00   0.0000000000e+00   2.8554188461e-01
   8.8614196777e+02   8.6742050934e-02   0.0000000000e+00   6.2771606445e-01   0.0000000000e+00   0.0000000000e+00   2.8554188461e-01
   8.8614196777e+02   8.6742050934e-02   0.0000000000e+00   6.2771606445e-01   0.0000000000e+00   0.0000000000e+00   2.8554188461e-01
   8.8614196777e+02   8.6742050934e-02   0.0000000000e+00   6.2771606445e-01   0.0000000000e+00   0.0000000000e+00   2.8554188461e-01
   8.8614196777e+02   8.6742050934e-02   0.0000000000e+00   6.2771606445e-01   0.0000000000e+00   0.0000000000e+00   2.8554188461e-01
   8.8614196777e+02   8.6742050934e-02   0.0000000000e+00   6.2771606445e-01   0.0000000000e+00   0.0000000000e+00   2.8554188461e-01
   8.8031311035e+02   8.4025806696e-02   0.0000000000e+00   6.3937377930e-01   0.0000000000e+00   0.0000000000e+00   2.7660041401e-01
   8.8031311035e+02   8.4025806696e-02   0.0000000000e+00   6.3937377930e-01   0.0000000000e+00   0.0000000000e+00   2.7660041401e-01
   8.8031311035e+02   8.4025806696e-02   0.0000000000e+00   6.3937377930e-01   0.0000000000e+00   0.0000000000e+00   2.7660041401e-01
   8.8031311035e+02   8.4025806696e-02   0.0000000000e+00   6.3937377930e-01   0.0000000000e+00   0.0000000000e+00   2.7660041401e-01
   9.2656250000e+02   1.0557799592e-01   0.0000000000e+00   5.4687500000e-01   0.0000000000e+00   0.0000000000e+00   3.4754700408e-01
   9.2656250000e+02   1.0557799592e-01   0.0000000000e+00   5.4687500000e-01   0.0000000000e+00   0.0000000000e+00   3.4754700408e-01
   9.2656250000e+02   1.0557799592e-01   0.0000000000e+00   5.4687500000e-01   0.0000000000e+00   0.0000000000e+00   3.4754700408e-01
   9.2656250000e+02   1.0557799592e-01   0.0000000000e+00   5.4687500000e-01   0.0000000000e+00   0.0000000000e+00   3.4754700408e-01
   8.8031311035e+02   8.4025806696e-02   0.0000000000e+00   6.3937377930e-01   0.0000000000e+00   0.0000000000e+00   2.7660041401e-01
   8.8031311035e+02   8.4025806696e-02   0.0000000000e+00   6.3937377930e-01   0.0000000000e+00   0.0000000000e+00   2.7660041401e-01
   8.8031311035e+02   8.4025806696e-02   0.0000000000e+00   6.3937377930e-01   0.0000000000e+00   0.0000000000e+00   2.7660041401e-01
   8.8031311035e+02   8.4025806696e-02   0.0000000000e+00   6.3937377930e-01   0.0000000000e+00   0.0000000000e+00   2.7660041401e-01
   9.2656250000e+02   1.0557799592e-01   0.0000000000e+00   5.4687500000e-01   0.0000000000e+00   0.0000000000e+00   3.4754700408e-01
   9.2656250000e+02   1.0557799592e-01   0.0000000000e+00   5.4687500000e-01   0.0000000000e+00   0.0000000000e+00   3.4754700408e-01
   9.2656250000e+02   1.0557799592e-01   0.0000000000e+00   5.4687500000e-01   0.0000000000e+00   0.0000000000e+00   3.4754700408e-01
   9.2656250000e+02   1.0557799592e-01   0.0000000000e+00   5.4687500000e-01   0.0000000000e+00   0.0000000000e+00   3.4754700408e-01
   9.9003906250e+02   1.3515803788e-01   0.0000000000e+00   4.1992187500e-01   0.0000000000e+00   0.0000000000e+00   4.4492008712e-01
   9.9003906250e+02   1.3515803788e-01   0.0000000000e+00   4.1992187500e-01   0.0000000000e+00   0.0000000000e+00   4.4492008712e-01
   9.9003906250e+02   1.3515803788e-01   0.0000000000e+00   4.1992187500e-01   0.0000000000e+00   0.0000000000e+00   4.4492008712e-01
   9.9003906250e+02   1.3515803788e-01   0.0000000000e+00   4.1992187500e-01   0.0000000000e+00   0.0000000000e+00   4.4492008712e-01
   8.3436889648e+02   6.2615829209e-02   0.0000000000e+00   7.3126220703e-01   0.0000000000e+00   0.0000000000e+00   2.0612196376e-01
   8.3436889648e+02   6.2615829209e-02   0.0000000000e+00   7.3126220703e-01   0.0000000000e+00   0.0000000000e+00   2.0612196376e-01
   8.3436889648e+02   6.2615829209e-02   0.0000000000e+00   7.3126220703e-01   0.0000000000e+00   0.0000000000e+00   2.0612196376e-01
   8.3436889648e+02   6.2615829209e-02   0.0000000000e+00   7.3126220703e-01   0.0000000000e+00   0.0000000000e+00   2.0612196376e-01
   9.2391510010e+02   1.0434430908e-01   0.0000000000e+00   5.5216979980e-01   0.0000000000e+00   0.0000000000e+00   3.4348589112e-01
   9.2391510010e+02   1.0434430908e-01   0.0000000000e+00   5.5216979980e-01   0.0000000000e+00   0.0000000000e+00   3.4348589112e-01
   9.2391510010e+02   1.0434430908e-01   0.0000000000e+00   5.5216979980e-01   0.0000000000e+00   0.0000000000e+00   3.4348589112e-01
   9.2391510010e+02   1.0434430908e-01   0.0000000000e+00   5.5216979980e-01   0.0000000000e+00   0.0000000000e+00   3.4348589112e-01
   9.9003906250e+02   1.3515803788e-01   0.0000000000e+00   4.1992187500e-01   0.0000000000e+00   0.0000000000e+00   4.4492008712e-01
   9.9003906250e+02   1.3515803788e-01   0.0000000000e+00   4.1992187500e-01   0.0000000000e+00   0.0000000000e+00   4.4492008712e-01
   9.9003906250e+02   1.3515803788e-01   0.0000000000e+00   4.1992187500e-01   0.0000000000e+00   0.0000000000e+00   4.4492008712e-01
   9.9003906250e+02   1.3515803788e-01   0.0000000000e+00   4.1992187500e-01   0.0000000000e+00   0.0000000000e+00   4.4492008712e-01
   1.0886718750e+03   1.8112087232e-01   0.0000000000e+00   2.2265625000e-01   0.0000000000e+00   0.0000000000e+00   5.9622287768e-01
   1.0886718750e+03   1.8112087232e-01   0.0000000000e+00   2.2265625000e-01   0.0000000000e+00   0.0000000000e+00   5.9622287768e-01
   1.0886718750e+03   1.8112087232e-01   0.0000000000e+00   2.2265625000e-01   0.0000000000e+00   0.0000000000e+00   5.9622287768e-01
   1.0886718750e+03   1.8112087232e-01   0.0000000000e+00   2.2265625000e-01   0.0000000000e+00   0.0000000000e+00   5.9622287768e-01
   1.0886718750e+03   1.8112087232e-01   0.0000000000e+00   2.2265625000e-01   0.0000000000e+00   0.0000000000e+00   5.9622287768e-01
   1.0886718750e+03   1.8112087232e-01   0.0000000000e+00   2.2265625000e-01   0.0000000000e+00   0.0000000000e+00   5.9622287768e-01
   1.0886718750e+03   1.8112087232e-01   0.0000000000e+00   2.2265625000e-01   0.0000000000e+00   0.0000000000e+00   5.9622287768e-01
   1.0886718750e+03   1.8112087232e-01   0.0000000000e+00   2.2265625000e-01   0.0000000000e+00   0.0000000000e+00   5.9622287768e-01
   9.6868820190e+02   1.2520854901e-01   0.0000000000e+00   4.6262359619e-01   0.0000000000e+00   0.0000000000e+00   4.1216785480e-01
   9.6868820190e+02   1.2520854901e-01   0.0000000000e+00   4.6262359619e-01   0.0000000000e+00   0.0000000000e+00   4.1216785480e-01
   9.6868820190e+02   1.2520854901e-01   0.0000000000e+00   4.6262359619e-01   0.0000000000e+00   0.0000000000e+00   4.1216785480e-01
   9.6868820190e+02   1.2520854901e-01   0.0000000000e+00   4.6262359619e-01   0.0000000000e+00   0.0000000000e+00   4.1216785480e-01
   9.6868820190e+02   1.2520854901e-01   0.0000000000e+00   4.6262359619e-01   0.0000000000e+00   0.0000000000e+00   4.1216785480e-01
   9.6868820190e+02   1.2520854901e-01   0.0000000000e+00   4.6262359619e-01   0.0000000000e+00   0.0000000000e+00   4.1216785480e-01
   9.6868820190e+02   1.2520854901e-01   0.0000000000e+00   4.6262359619e-01   0.0000000000e+00   0.0000000000e+00   4.1216785480e-01
   9.6868820190e+02   1.2520854901e-01   0.0000000000e+00   4.6262359619e-01   0.0000000000e+00   0.0000000000e+00   4.1216785480e-01
   9.3373812437e+02   1.0892183279e-01   0.0000000000e+00   5.3252375126e-01   0.0000000000e+00   0.0000000000e+00   3.5855441595e-01
   9.3373812437e+02   1.0892183279e-01   0.0000000000e+00   5.3252375126e-01   0.0000000000e+00   0.0000000000e+00   3.5855441595e-01
   9.9335021973e+02   1.3670103527e-01   0.0000000000e+00   4.1329956055e-01   0.0000000000e+00   0.0000000000e+00   4.4999940419e-01
   9.9335021973e+02   1.3670103527e-01   0.0000000000e+00   4.1329956055e-01   0.0000000000e+00   0.0000000000e+00   4.4999940419e-01
   9.5360882282e+02   1.1818156695e-01   0.0000000000e+00   4.9278235435e-01   0.0000000000e+00   0.0000000000e+00   3.8903607870e-01
   9.5360882282e+02   1.1818156695e-01   0.0000000000e+00   4.9278235435e-01   0.0000000000e+00   0.0000000000e+00   3.8903607870e-01
   9.3373812437e+02   1.0892183279e-01   0.0000000000e+00   5.3252375126e-01   0.0000000000e+00   0.0000000000e+00   3.5855441595e-01
   9.3373812437e+02   1.0892183279e-01   0.0000000000e+00   5.3252375126e-01   0.0000000000e+00   0.0000000000e+00   3.5855441595e-01
   9.5360882282e+02   1.1818156695e-01   0.0000000000e+00   4.9278235435e-01   0.0000000000e+00   0.0000000000e+00   3.8903607870e-01
   9.5360882282e+02   1.1818156695e-01   0.0000000000e+00   4.9278235435e-01   0.0000000000e+00   0.0000000000e+00   3.8903607870e-01
   9.5360882282e+02   1.1818156695e-01   0.0000000000e+00   4.9278235435e-01   0.0000000000e+00   0.0000000000e+00   3.8903607870e-01
   9.5360882282e+02   1.1818156695e-01   0.0000000000e+00   4.9278235435e-01   0.0000000000e+00   0.0000000000e+00   3.8903607870e-01
   9.5360882282e+02   1.1818156695e-01   0.0000000000e+00   4.9278235435e-01   0.0000000000e+00   0.0000000000e+00   3.8903607870e-01
   9.5360882282e+02   1.1818156695e-01   0.0000000000e+00   4.9278235435e-01   0.0000000000e+00   0.0000000000e+00   3.8903607870e-01
   9.5360882282e+02   1.1818156695e-01   0.0000000000e+00   4.9278235435e-01   0.0000000000e+00   0.0000000000e+00   3.8903607870e-01
   9.5360882282e+02   1.1818156695e-01   0.0000000000e+00   4.9278235435e-01   0.0000000000e+00   0.0000000000e+00   3.8903607870e-01
   9.1855521202e+02   1.0184660429e-01   0.0000000000e+00   5.6288957596e-01   0.0000000000e+00   0.0000000000e+00   3.3526381976e-01
   9.1855521202e+02   1.0184660429e-01   0.0000000000e+00   5.6288957596e-01   0.0000000000e+00   0.0000000000e+00   3.3526381976e-01
   9.1855521202e+02   1.0184660429e-01   0.0000000000e+00   5.6288957596e-01   0.0000000000e+00   0.0000000000e+00   3.3526381976e-01
   9.1855521202e+02   1.0184660429e-01   0.0000000000e+00   5.6288957596e-01   0.0000000000e+00   0.0000000000e+00   3.3526381976e-01
   8.4297103882e+02   6.6624422636e-02   0.0000000000e+00   7.1405792236e-01   0.0000000000e+00   0.0000000000e+00   2.1931765500e-01
   8.4297103882e+02   6.6624422636e-02   0.0000000000e+00   7.1405792236e-01   0.0000000000e+00   0.0000000000e+00   2.1931765500e-01
   8.4297103882e+02   6.6624422636e-02   0.0000000000e+00   7.1405792236e-01   0.0000000000e+00   0.0000000000e+00   2.1931765500e-01
   8.4297103882e+02   6.6624422636e-02   0.0000000000e+00   7.1405792236e-01   0.0000000000e+00   0.0000000000e+00   2.1931765500e-01
   9.1855521202e+02   1.0184660429e-01   0.0000000000e+00   5.6288957596e-01   0.0000000000e+00   0.0000000000e+00   3.3526381976e-01
   9.1855521202e+02   1.0184660429e-01   0.0000000000e+00   5.6288957596e-01   0.0000000000e+00   0.0000000000e+00   3.3526381976e-01
   9.1855521202e+02   1.0184660429e-01   0.0000000000e+00   5.6288957596e-01   0.0000000000e+00   0.0000000000e+00   3.3526381976e-01
   9.1855521202e+02   1.0184660429e-01   0.0000000000e+00   5.6288957596e-01   0.0000000000e+00   0.0000000000e+00   3.3526381976e-01
   8.4297103882e+02   6.6624422636e-02   0.0000000000e+00   7.1405792236e-01   0.0000000000e+00   0.0000000000e+00   2.1931765500e-01
   8.4297103882e+02   6.6624422636e-02   0.0000000000e+00   7.1405792236e-01   0.0000000000e+00   0.0000000000e+00   2.1931765500e-01
   8.4297103882e+02   6.6624422636e-02   0.0000000000e+00   7.1405792236e-01   0.0000000000e+00   0.0000000000e+00   2.1931765500e-01
   8.4297103882e+02   6.6624422636e-02   0.0000000000e+00   7.1405792236e-01   0.0000000000e+00   0.0000000000e+00   2.1931765500e-01
   8.9969177246e+02   9.3056252198e-02   0.0000000000e+00   6.0061645508e-01   0.0000000000e+00   0.0000000000e+00   3.0632729272e-01
   8.9969177246e+02   9.3056252198e-02   0.0000000000e+00   6.0061645508e-01   0.0000000000e+00   0.0000000000e+00   3.0632729272e-01
   9.8320312500e+02   1.3197249490e-01   0.0000000000e+00   4.3359375000e-01   0.0000000000e+00   0.0000000000e+00   4.3443375510e-01
   9.8320312500e+02   1.3197249490e-01   0.0000000000e+00   4.3359375000e-01   0.0000000000e+00   0.0000000000e+00   4.3443375510e-01
   8.6134643555e+02   7.5187347043e-02   0.0000000000e+00   6.7730712891e-01   0.0000000000e+00   0.0000000000e+00   2.4750552405e-01
   8.6134643555e+02   7.5187347043e-02   0.0000000000e+00   6.7730712891e-01   0.0000000000e+00   0.0000000000e+00   2.4750552405e-01
   8.9969177246e+02   9.3056252198e-02   0.0000000000e+00   6.0061645508e-01   0.0000000000e+00   0.0000000000e+00   3.0632729272e-01
   8.9969177246e+02   9.3056252198e-02   0.0000000000e+00   6.0061645508e-01   0.0000000000e+00   0.0000000000e+00   3.0632729272e-01
   1.0408203125e+03   1.5882207145e-01   0.0000000000e+00   3.1835937500e-01   0.0000000000e+00   0.0000000000e+00   5.2281855355e-01
   1.0408203125e+03   1.5882207145e-01   0.0000000000e+00   3.1835937500e-01   0.0000000000e+00   0.0000000000e+00   5.2281855355e-01
   1.0408203125e+03   1.5882207145e-01   0.0000000000e+00   3.1835937500e-01   0.0000000000e+00   0.0000000000e+00   5.2281855355e-01
   1.0408203125e+03   1.5882207145e-01   0.0000000000e+00   3.1835937500e-01   0.0000000000e+00   0.0000000000e+00   5.2281855355e-01
   1.0408203125e+03   1.5882207145e-01   0.0000000000e+00   3.1835937500e-01   0.0000000000e+00   0.0000000000e+00   5.2281855355e-01
   1.0408203125e+03   1.5882207145e-01   0.0000000000e+00   3.1835937500e-01   0.0000000000e+00   0.0000000000e+00   5.2281855355e-01
   1.0408203125e+03   1.5882207145e-01   0.0000000000e+00   3.1835937500e-01   0.0000000000e+00   0.0000000000e+00   5.2281855355e-01
   1.0408203125e+03   1.5882207145e-01   0.0000000000e+00   3.1835937500e-01   0.0000000000e+00   0.0000000000e+00   5.2281855355e-01
   1.1042968750e+03   1.8840211341e-01   0.0000000000e+00   1.9140625000e-01   0.0000000000e+00   0.0000000000e+00   6.2019163659e-01
   1.1042968750e+03   1.8840211341e-01   0.0000000000e+00   1.9140625000e-01   0.0000000000e+00   0.0000000000e+00   6.2019163659e-01
   1.1042968750e+03   1.8840211341e-01   0.0000000000e+00   1.9140625000e-01   0.0000000000e+00   0.0000000000e+00   6.2019163659e-01
   1.1042968750e+03   1.8840211341e-01   0.0000000000e+00   1.9140625000e-01   0.0000000000e+00   0.0000000000e+00   6.2019163659e-01
   8.6705322266e+02   7.7846706584e-02   0.0000000000e+00   6.6589355469e-01   0.0000000000e+00   0.0000000000e+00   2.5625973873e-01
   8.6705322266e+02   7.7846706584e-02   0.0000000000e+00   6.6589355469e-01   0.0000000000e+00   0.0000000000e+00   2.5625973873e-01
   8.6705322266e+02   7.7846706584e-02   0.0000000000e+00   6.6589355469e-01   0.0000000000e+00   0.0000000000e+00   2.5625973873e-01
   8.6705322266e+02   7.7846706584e-02   0.0000000000e+00   6.6589355469e-01   0.0000000000e+00   0.0000000000e+00   2.5625973873e-01
   9.7148437500e+02   1.2651156408e-01   0.0000000000e+00   4.5703125000e-01   0.0000000000e+00   0.0000000000e+00   4.1645718592e-01
   9.7148437500e+02   1.2651156408e-01   0.0000000000e+00   4.5703125000e-01   0.0000000000e+00   0.0000000000e+00   4.1645718592e-01
   8.6705322266e+02   7.7846706584e-02   0.0000000000e+00   6.6589355469e-01   0.0000000000e+00   0.0000000000e+00   2.5625973873e-01
   8.6705322266e+02   7.7846706584e-02   0.0000000000e+00   6.6589355469e-01   0.0000000000e+00   0.0000000000e+00   2.5625973873e-01
   9.7148437500e+02   1.2651156408e-01   0.0000000000e+00   4.5703125000e-01   0.0000000000e+00   0.0000000000e+00   4.1645718592e-01
   9.7148437500e+02   1.2651156408e-01   0.0000000000e+00   4.5703125000e-01   0.0000000000e+00   0.0000000000e+00   4.1645718592e-01
   8.6705322266e+02   7.7846706584e-02   0.0000000000e+00   6.6589355469e-01   0.0000000000e+00   0.0000000000e+00   2.5625973873e-01
   8.6705322266e+02   7.7846706584e-02   0.0000000000e+00   6.6589355469e-01   0.0000000000e+00   0.0000000000e+00   2.5625973873e-01