# time = 22.7106
# Grid Poins = 256    variable_0    variable_1    variable_2    variable_3    variable_4    variable_5    variable_6
   9.5026491405e+02   1.1662330737e-01   0.0000000000e+00   4.9947017189e-01   0.0000000000e+00   0.0000000000e+00   3.8390652074e-01
   9.5026491405e+02   1.1662330737e-01   0.0000000000e+00   4.9947017189e-01   0.0000000000e+00   0.0000000000e+00   3.8390652074e-01
   9.5026491405e+02   1.1662330737e-01   0.0000000000e+00   4.9947017189e-01   0.0000000000e+00   0.0000000000e+00   3.8390652074e-01
   9.5026491405e+02   1.1662330737e-01   0.0000000000e+00   4.9947017189e-01   0.0000000000e+00   0.0000000000e+00   3.8390652074e-01
   9.4878788030e+02   1.1593501048e-01   0.0000000000e+00   5.0242423940e-01   0.0000000000e+00   0.0000000000e+00   3.8164075012e-01
   9.4878788030e+02   1.1593501048e-01   0.0000000000e+00   5.0242423940e-01   0.0000000000e+00   0.0000000000e+00   3.8164075012e-01
   9.4878788030e+02   1.1593501048e-01   0.0000000000e+00   5.0242423940e-01   0.0000000000e+00   0.0000000000e+00   3.8164075012e-01
   9.4878788030e+02   1.1593501048e-01   0.0000000000e+00   5.0242423940e-01   0.0000000000e+00   0.0000000000e+00   3.8164075012e-01
   9.4878788030e+02   1.1593501048e-01   0.0000000000e+00   5.0242423940e-01   0.0000000000e+00   0.0000000000e+00   3.8164075012e-01
   9.4878788030e+02   1.1593501048e-01   0.0000000000e+00   5.0242423940e-01   0.0000000000e+00   0.0000000000e+00   3.8164075012e-01
   9.4878788030e+02   1.1593501048e-01   0.0000000000e+00   5.0242423940e-01   0.0000000000e+00   0.0000000000e+00   3.8164075012e-01
   9.4878788030e+02   1.1593501048e-01   0.0000000000e+00   5.0242423940e-01   0.0000000000e+00   0.0000000000e+00   3.8164075012e-01
   9.5026491405e+02   1.1662330737e-01   0.0000000000e+00   4.9947017189e-01   0.0000000000e+00   0.0000000000e+00   3.8390652074e-01
   9.5026491405e+02   1.1662330737e-01   0.0000000000e+00   4.9947017189e-01   0.0000000000e+00   0.0000000000e+00   3.8390652074e-01
   9.5026491405e+02   1.1662330737e-01   0.0000000000e+00   4.9947017189e-01   0.0000000000e+00   0.0000000000e+00   3.8390652074e-01
   9.5026491405e+02   1.1662330737e-01   0.0000000000e+00   4.9947017189e-01   0.0000000000e+00   0.0000000000e+00   3.8390652074e-01
   9.4811790932e+02   1.1562280438e-01   0.0000000000e+00   5.0376418137e-01   0.0000000000e+00   0.0000000000e+00   3.8061301425e-01
   9.4811790932e+02   1.1562280438e-01   0.0000000000e+00   5.0376418137e-01   0.0000000000e+00   0.0000000000e+00   3.8061301425e-01
   9.4811790932e+02   1.1562280438e-01   0.0000000000e+00   5.0376418137e-01   0.0000000000e+00   0.0000000000e+00   3.8061301425e-01
   9.4811790932e+02   1.1562280438e-01   0.0000000000e+00   5.0376418137e-01   0.0000000000e+00   0.0000000000e+00   3.8061301425e-01
   9.4698296128e+02   1.1509391925e-01   0.0000000000e+00   5.0603407743e-01   0.0000000000e+00   0.0000000000e+00   3.7887200332e-01
   9.4698296128e+02   1.1509391925e-01   0.0000000000e+00   5.0603407743e-01   0.0000000000e+00   0.0000000000e+00   3.7887200332e-01
   9.4869857713e+02   1.1589339525e-01   0.0000000000e+00   5.0260284574e-01   0.0000000000e+00   0.0000000000e+00   3.8150375901e-01
   9.4869857713e+02   1.1589339525e-01   0.0000000000e+00   5.0260284574e-01   0.0000000000e+00   0.0000000000e+00   3.8150375901e-01
   9.4784076921e+02   1.1549365725e-01   0.0000000000e+00   5.0431846159e-01   0.0000000000e+00   0.0000000000e+00   3.8018788116e-01
   9.4784076921e+02   1.1549365725e-01   0.0000000000e+00   5.0431846159e-01   0.0000000000e+00   0.0000000000e+00   3.8018788116e-01
   9.4784076921e+02   1.1549365725e-01   0.0000000000e+00   5.0431846159e-01   0.0000000000e+00   0.0000000000e+00   3.8018788116e-01
   9.4784076921e+02   1.1549365725e-01   0.0000000000e+00   5.0431846159e-01   0.0000000000e+00   0.0000000000e+00   3.8018788116e-01
   9.4811790932e+02   1.1562280438e-01   0.0000000000e+00   5.0376418137e-01   0.0000000000e+00   0.0000000000e+00   3.8061301425e-01
   9.4811790932e+02   1.1562280438e-01   0.0000000000e+00   5.0376418137e-01   0.0000000000e+00   0.0000000000e+00   3.8061301425e-01
   9.4811790932e+02   1.1562280438e-01   0.0000000000e+00   5.0376418137e-01   0.0000000000e+00   0.0000000000e+00   3.8061301425e-01
   9.4811790932e+02   1.1562280438e-01   0.0000000000e+00   5.0376418137e-01   0.0000000000e+00   0.0000000000e+00   3.8061301425e-01
   9.4616703639e+02   1.1471369871e-01   0.0000000000e+00   5.0766592723e-01   0.0000000000e+00   0.0000000000e+00   3.7762037406e-01
   9.4616703639e+02   1.1471369871e-01   0.0000000000e+00   5.0766592723e-01   0.0000000000e+00   0.0000000000e+00   3.7762037406e-01
   9.4616703639e+02   1.1471369871e-01   0.0000000000e+00   5.0766592723e-01   0.0000000000e+00   0.0000000000e+00   3.7762037406e-01
   9.4616703639e+02   1.1471369871e-01   0.0000000000e+00   5.0766592723e-01   0.0000000000e+00   0.0000000000e+00   3.7762037406e-01
   9.4616703639e+02   1.1471369871e-01   0.0000000000e+00   5.0766592723e-01   0.0000000000e+00   0.0000000000e+00   3.7762037406e-01
   9.4616703639e+02   1.1471369871e-01   0.0000000000e+00   5.0766592723e-01   0.0000000000e+00   0.0000000000e+00   3.7762037406e-01
   9.4616703639e+02   1.1471369871e-01   0.0000000000e+00   5.0766592723e-01   0.0000000000e+00   0.0000000000e+00   3.7762037406e-01
   9.4616703639e+02   1.1471369871e-01   0.0000000000e+00   5.0766592723e-01   0.0000000000e+00   0.0000000000e+00   3.7762037406e-01
   9.4710675360e+02   1.1515160640e-01   0.0000000000e+00   5.0578649279e-01   0.0000000000e+00   0.0000000000e+00   3.7906190081e-01
   9.4710675360e+02   1.1515160640e-01   0.0000000000e+00   5.0578649279e-01   0.0000000000e+00   0.0000000000e+00   3.7906190081e-01
   9.4710675360e+02   1.1515160640e-01   0.0000000000e+00   5.0578649279e-01   0.0000000000e+00   0.0000000000e+00   3.7906190081e-01
   9.4710675360e+02   1.1515160640e-01   0.0000000000e+00   5.0578649279e-01   0.0000000000e+00   0.0000000000e+00   3.7906190081e-01
   9.4804647082e+02   1.1558951409e-01   0.0000000000e+00   5.0390705836e-01   0.0000000000e+00   0.0000000000e+00   3.8050342756e-01
   9.4804647082e+02   1.1558951409e-01   0.0000000000e+00   5.0390705836e-01   0.0000000000e+00   0.0000000000e+00   3.8050342756e-01
   9.4804647082e+02   1.1558951409e-01   0.0000000000e+00   5.0390705836e-01   0.0000000000e+00   0.0000000000e+00   3.8050342756e-01
   9.4804647082e+02   1.1558951409e-01   0.0000000000e+00   5.0390705836e-01   0.0000000000e+00   0.0000000000e+00   3.8050342756e-01
   9.4804647082e+02   1.1558951409e-01   0.0000000000e+00   5.0390705836e-01   0.0000000000e+00   0.0000000000e+00   3.8050342756e-01
   9.4804647082e+02   1.1558951409e-01   0.0000000000e+00   5.0390705836e-01   0.0000000000e+00   0.0000000000e+00   3.8050342756e-01
   9.4804647082e+02   1.1558951409e-01   0.0000000000e+00   5.0390705836e-01   0.0000000000e+00   0.0000000000e+00   3.8050342756e-01
   9.4804647082e+02   1.1558951409e-01   0.0000000000e+00   5.0390705836e-01   0.0000000000e+00   0.0000000000e+00   3.8050342756e-01
   9.4804647082e+02   1.1558951409e-01   0.0000000000e+00   5.0390705836e-01   0.0000000000e+00   0.0000000000e+00   3.8050342756e-01
   9.4804647082e+02   1.1558951409e-01   0.0000000000e+00   5.0390705836e-01   0.0000000000e+00   0.0000000000e+00   3.8050342756e-01
   9.4804647082e+02   1.1558951409e-01   0.0000000000e+00   5.0390705836e-01   0.0000000000e+00   0.0000000000e+00   3.8050342756e-01
   9.4804647082e+02   1.1558951409e-01   0.0000000000e+00   5.0390705836e-01   0.0000000000e+00   0.0000000000e+00   3.8050342756e-01
   9.4710675360e+02   1.1515160640e-01   0.0000000000e+00   5.0578649279e-01   0.0000000000e+00   0.0000000000e+00   3.7906190081e-01
   9.4710675360e+02   1.1515160640e-01   0.0000000000e+00   5.0578649279e-01   0.0000000000e+00   0.0000000000e+00   3.7906190081e-01
   9.4710675360e+02   1.1515160640e-01   0.0000000000e+00   5.0578649279e-01   0.0000000000e+00   0.0000000000e+00   3.7906190081e-01
   9.4710675360e+02   1.1515160640e-01   0.0000000000e+00   5.0578649279e-01   0.0000000000e+00   0.0000000000e+00   3.7906190081e-01
   9.4616703639e+02   1.1471369871e-01   0.0000000000e+00   5.0766592723e-01   0.0000000000e+00   0.0000000000e+00   3.7762037406e-01
   9.4616703639e+02   1.1471369871e-01   0.0000000000e+00   5.0766592723e-01   0.0000000000e+00   0.0000000000e+00   3.7762037406e-01
   9.4616703639e+02   1.1471369871e-01   0.0000000000e+00   5.0766592723e-01   0.0000000000e+00   0.0000000000e+00   3.7762037406e-01
   9.4616703639e+02   1.1471369871e-01   0.0000000000e+00   5.0766592723e-01   0.0000000000e+00   0.0000000000e+00   3.7762037406e-01
   9.5160481897e+02   1.1724770230e-01   0.0000000000e+00   4.9679036206e-01   0.0000000000e+00   0.0000000000e+00   3.8596193565e-01
   9.5160481897e+02   1.1724770230e-01   0.0000000000e+00   4.9679036206e-01   0.0000000000e+00   0.0000000000e+00   3.8596193565e-01
   9.5073356746e+02   1.1684169959e-01   0.0000000000e+00   4.9853286507e-01   0.0000000000e+00   0.0000000000e+00   3.8462543534e-01
   9.5073356746e+02   1.1684169959e-01   0.0000000000e+00   4.9853286507e-01   0.0000000000e+00   0.0000000000e+00   3.8462543534e-01
   9.5116919322e+02   1.1704470094e-01   0.0000000000e+00   4.9766161356e-01   0.0000000000e+00   0.0000000000e+00   3.8529368549e-01
   9.5116919322e+02   1.1704470094e-01   0.0000000000e+00   4.9766161356e-01   0.0000000000e+00   0.0000000000e+00   3.8529368549e-01
   9.5116919322e+02   1.1704470094e-01   0.0000000000e+00   4.9766161356e-01   0.0000000000e+00   0.0000000000e+00   3.8529368549e-01
   9.5116919322e+02   1.1704470094e-01   0.0000000000e+00   4.9766161356e-01   0.0000000000e+00   0.0000000000e+00   3.8529368549e-01
   9.4201707038e+02   1.1277981691e-01   0.0000000000e+00   5.1596585924e-01   0.0000000000e+00   0.0000000000e+00   3.7125432384e-01
   9.4201707038e+02   1.1277981691e-01   0.0000000000e+00   5.1596585924e-01   0.0000000000e+00   0.0000000000e+00   3.7125432384e-01
   9.4201707038e+02   1.1277981691e-01   0.0000000000e+00   5.1596585924e-01   0.0000000000e+00   0.0000000000e+00   3.7125432384e-01
   9.4201707038e+02   1.1277981691e-01   0.0000000000e+00   5.1596585924e-01   0.0000000000e+00   0.0000000000e+00   3.7125432384e-01
   9.4201707038e+02   1.1277981691e-01   0.0000000000e+00   5.1596585924e-01   0.0000000000e+00   0.0000000000e+00   3.7125432384e-01
   9.4201707038e+02   1.1277981691e-01   0.0000000000e+00   5.1596585924e-01   0.0000000000e+00   0.0000000000e+00   3.7125432384e-01
   9.4201707038e+02   1.1277981691e-01   0.0000000000e+00   5.1596585924e-01   0.0000000000e+00   0.0000000000e+00   3.7125432384e-01
   9.4201707038e+02   1.1277981691e-01   0.0000000000e+00   5.1596585924e-01   0.0000000000e+00   0.0000000000e+00   3.7125432384e-01
   9.4079253785e+02   1.1220918545e-01   0.0000000000e+00   5.1841492430e-01   0.0000000000e+00   0.0000000000e+00   3.6937589025e-01
   9.4079253785e+02   1.1220918545e-01   0.0000000000e+00   5.1841492430e-01   0.0000000000e+00   0.0000000000e+00   3.6937589025e-01
   9.4079253785e+02   1.1220918545e-01   0.0000000000e+00   5.1841492430e-01   0.0000000000e+00   0.0000000000e+00   3.6937589025e-01
   9.4079253785e+02   1.1220918545e-01   0.0000000000e+00   5.1841492430e-01   0.0000000000e+00   0.0000000000e+00   3.6937589025e-01
   9.4234444229e+02   1.1293237204e-01   0.0000000000e+00   5.1531111543e-01   0.0000000000e+00   0.0000000000e+00   3.7175651254e-01
   9.4234444229e+02   1.1293237204e-01   0.0000000000e+00   5.1531111543e-01   0.0000000000e+00   0.0000000000e+00   3.7175651254e-01
   9.4234444229e+02   1.1293237204e-01   0.0000000000e+00   5.1531111543e-01   0.0000000000e+00   0.0000000000e+00   3.7175651254e-01
   9.4234444229e+02   1.1293237204e-01   0.0000000000e+00   5.1531111543e-01   0.0000000000e+00   0.0000000000e+00   3.7175651254e-01
   9.5202634736e+02   1.1744413429e-01   0.0000000000e+00   4.9594730527e-01   0.0000000000e+00   0.0000000000e+00   3.8660856044e-01
   9.5202634736e+02   1.1744413429e-01   0.0000000000e+00   4.9594730527e-01   0.0000000000e+00   0.0000000000e+00   3.8660856044e-01
   9.5202634736e+02   1.1744413429e-01   0.0000000000e+00   4.9594730527e-01   0.0000000000e+00   0.0000000000e+00   3.8660856044e-01
   9.5202634736e+02   1.1744413429e-01   0.0000000000e+00   4.9594730527e-01   0.0000000000e+00   0.0000000000e+00   3.8660856044e-01
   9.5155362531e+02   1.1722384608e-01   0.0000000000e+00   4.9689274937e-01   0.0000000000e+00   0.0000000000e+00   3.8588340455e-01
   9.5155362531e+02   1.1722384608e-01   0.0000000000e+00   4.9689274937e-01   0.0000000000e+00   0.0000000000e+00   3.8588340455e-01
   9.5155362531e+02   1.1722384608e-01   0.0000000000e+00   4.9689274937e-01   0.0000000000e+00   0.0000000000e+00   3.8588340455e-01
   9.5155362531e+02   1.1722384608e-01   0.0000000000e+00   4.9689274937e-01   0.0000000000e+00   0.0000000000e+00   3.8588340455e-01
   9.5125015737e+02   1.1708243019e-01   0.0000000000e+00   4.9749968526e-01   0.0000000000e+00   0.0000000000e+00   3.8541788455e-01
   9.5125015737e+02   1.1708243019e-01   0.0000000000e+00   4.9749968526e-01   0.0000000000e+00   0.0000000000e+00   3.8541788455e-01
   9.5125015737e+02   1.1708243019e-01   0.0000000000e+00   4.9749968526e-01   0.0000000000e+00   0.0000000000e+00   3.8541788455e-01
   9.5125015737e+02   1.1708243019e-01   0.0000000000e+00   4.9749968526e-01   0.0000000000e+00   0.0000000000e+00   3.8541788455e-01
   9.4285576499e+02   1.1317064812e-01   0.0000000000e+00   5.1428847003e-01   0.0000000000e+00   0.0000000000e+00   3.7254088185e-01
   9.4285576499e+02   1.1317064812e-01   0.0000000000e+00   5.1428847003e-01   0.0000000000e+00   0.0000000000e+00   3.7254088185e-01
   9.4199758171e+02   1.1277073521e-01   0.0000000000e+00   5.1600483658e-01   0.0000000000e+00   0.0000000000e+00   3.7122442821e-01
   9.4199758171e+02   1.1277073521e-01   0.0000000000e+00   5.1600483658e-01   0.0000000000e+00   0.0000000000e+00   3.7122442821e-01
   9.5125015737e+02   1.1708243019e-01   0.0000000000e+00   4.9749968526e-01   0.0000000000e+00   0.0000000000e+00   3.8541788455e-01
   9.5125015737e+02   1.1708243019e-01   0.0000000000e+00   4.9749968526e-01   0.0000000000e+00   0.0000000000e+00   3.8541788455e-01
   9.5125015737e+02   1.1708243019e-01   0.0000000000e+00   4.9749968526e-01   0.0000000000e+00   0.0000000000e+00   3.8541788455e-01
   9.5125015737e+02   1.1708243019e-01   0.0000000000e+00   4.9749968526e-01   0.0000000000e+00   0.0000000000e+00   3.8541788455e-01
   9.4285576499e+02   1.1317064812e-01   0.0000000000e+00   5.1428847003e-01   0.0000000000e+00   0.0000000000e+00   3.7254088185e-01
   9.4285576499e+02   1.1317064812e-01   0.0000000000e+00   5.1428847003e-01   0.0000000000e+00   0.0000000000e+00   3.7254088185e-01
   9.4199758171e+02   1.1277073521e-01   0.0000000000e+00   5.1600483658e-01   0.0000000000e+00   0.0000000000e+00   3.7122442821e-01
   9.4199758171e+02   1.1277073521e-01   0.0000000000e+00   5.1600483658e-01   0.0000000000e+00   0.0000000000e+00   3.7122442821e-01
   9.4336708768e+02   1.1340892421e-01   0.0000000000e+00   5.1326582463e-01   0.0000000000e+00   0.0000000000e+00   3.7332525116e-01
   9.4336708768e+02   1.1340892421e-01   0.0000000000e+00   5.1326582463e-01   0.0000000000e+00   0.0000000000e+00   3.7332525116e-01
   9.4336708768e+02   1.1340892421e-01   0.0000000000e+00   5.1326582463e-01   0.0000000000e+00   0.0000000000e+00   3.7332525116e-01
   9.4336708768e+02   1.1340892421e-01   0.0000000000e+00   5.1326582463e-01   0.0000000000e+00   0.0000000000e+00   3.7332525116e-01
   9.4336708768e+02   1.1340892421e-01   0.0000000000e+00   5.1326582463e-01   0.0000000000e+00   0.0000000000e+00   3.7332525116e-01
   9.4336708768e+02   1.1340892421e-01   0.0000000000e+00   5.1326582463e-01   0.0000000000e+00   0.0000000000e+00   3.7332525116e-01
   9.4336708768e+02   1.1340892421e-01   0.0000000000e+00   5.1326582463e-01   0.0000000000e+00   0.0000000000e+00   3.7332525116e-01
   9.4336708768e+02   1.1340892421e-01   0.0000000000e+00   5.1326582463e-01   0.0000000000e+00   0.0000000000e+00   3.7332525116e-01
   9.5116919322e+02   1.1704470094e-01   0.0000000000e+00   4.9766161356e-01   0.0000000000e+00   0.0000000000e+00   3.8529368549e-01
   9.5116919322e+02   1.1704470094e-01   0.0000000000e+00   4.9766161356e-01   0.0000000000e+00   0.0000000000e+00   3.8529368549e-01
   9.5116919322e+02   1.1704470094e-01   0.0000000000e+00   4.9766161356e-01   0.0000000000e+00   0.0000000000e+00   3.8529368549e-01
   9.5116919322e+02   1.1704470094e-01   0.0000000000e+00   4.9766161356e-01   0.0000000000e+00   0.0000000000e+00   3.8529368549e-01
   9.5116919322e+02   1.1704470094e-01   0.0000000000e+00   4.9766161356e-01   0.0000000000e+00   0.0000000000e+00   3.8529368549e-01
   9.5116919322e+02   1.1704470094e-01   0.0000000000e+00   4.9766161356e-01   0.0000000000e+00   0.0000000000e+00   3.8529368549e-01
   9.5116919322e+02   1.1704470094e-01   0.0000000000e+00   4.9766161356e-01   0.0000000000e+00   0.0000000000e+00   3.8529368549e-01
   9.5116919322e+02   1.1704470094e-01   0.0000000000e+00   4.9766161356e-01   0.0000000000e+00   0.0000000000e+00   3.8529368549e-01
   9.5665074828e+02   1.1959910248e-01   0.0000000000e+00   4.8669850343e-01   0.0000000000e+00   0.0000000000e+00   3.9370239409e-01
   9.5665074828e+02   1.1959910248e-01   0.0000000000e+00   4.8669850343e-01   0.0000000000e+00   0.0000000000e+00   3.9370239409e-01
   9.5665074828e+02   1.1959910248e-01   0.0000000000e+00   4.8669850343e-01   0.0000000000e+00   0.0000000000e+00   3.9370239409e-01
   9.5665074828e+02   1.1959910248e-01   0.0000000000e+00   4.8669850343e-01   0.0000000000e+00   0.0000000000e+00   3.9370239409e-01
   9.5665074828e+02   1.1959910248e-01   0.0000000000e+00   4.8669850343e-01   0.0000000000e+00   0.0000000000e+00   3.9370239409e-01
   9.5665074828e+02   1.1959910248e-01   0.0000000000e+00   4.8669850343e-01   0.0000000000e+00   0.0000000000e+00   3.9370239409e-01
   9.5665074828e+02   1.1959910248e-01   0.0000000000e+00   4.8669850343e-01   0.0000000000e+00   0.0000000000e+00   3.9370239409e-01
   9.5665074828e+02   1.1959910248e-01   0.0000000000e+00   4.8669850343e-01   0.0000000000e+00   0.0000000000e+00   3.9370239409e-01
   9.5695300009e+02   1.1973995165e-01   0.0000000000e+00   4.8609399981e-01   0.0000000000e+00   0.0000000000e+00   3.9416604853e-01
   9.5695300009e+02   1.1973995165e-01   0.0000000000e+00   4.8609399981e-01   0.0000000000e+00   0.0000000000e+00   3.9416604853e-01
   9.5327264172e+02   1.1802490675e-01   0.0000000000e+00   4.9345471656e-01   0.0000000000e+00   0.0000000000e+00   3.8852037669e-01
   9.5327264172e+02   1.1802490675e-01   0.0000000000e+00   4.9345471656e-01   0.0000000000e+00   0.0000000000e+00   3.8852037669e-01
   9.5695300009e+02   1.1973995165e-01   0.0000000000e+00   4.8609399981e-01   0.0000000000e+00   0.0000000000e+00   3.9416604853e-01
   9.5695300009e+02   1.1973995165e-01   0.0000000000e+00   4.8609399981e-01   0.0000000000e+00   0.0000000000e+00   3.9416604853e-01
   9.5327264172e+02   1.1802490675e-01   0.0000000000e+00   4.9345471656e-01   0.0000000000e+00   0.0000000000e+00   3.8852037669e-01
   9.5327264172e+02   1.1802490675e-01   0.0000000000e+00   4.9345471656e-01   0.0000000000e+00   0.0000000000e+00   3.8852037669e-01
   9.5665074828e+02   1.1959910248e-01   0.0000000000e+00   4.8669850343e-01   0.0000000000e+00   0.0000000000e+00   3.9370239409e-01
   9.5665074828e+02   1.1959910248e-01   0.0000000000e+00   4.8669850343e-01   0.0000000000e+00   0.0000000000e+00   3.9370239409e-01
   9.5665074828e+02   1.1959910248e-01   0.0000000000e+00   4.8669850343e-01   0.0000000000e+00   0.0000000000e+00   3.9370239409e-01
   9.5665074828e+02   1.1959910248e-01   0.0000000000e+00   4.8669850343e-01   0.0000000000e+00   0.0000000000e+00   3.9370239409e-01
   9.5474478507e+02   1.1871092471e-01   0.0000000000e+00   4.9051042986e-01   0.0000000000e+00   0.0000000000e+00   3.9077864543e-01
   9.5474478507e+02   1.1871092471e-01   0.0000000000e+00   4.9051042986e-01   0.0000000000e+00   0.0000000000e+00   3.9077864543e-01
   9.5474478507e+02   1.1871092471e-01   0.0000000000e+00   4.9051042986e-01   0.0000000000e+00   0.0000000000e+00   3.9077864543e-01
   9.5474478507e+02   1.1871092471e-01   0.0000000000e+00   4.9051042986e-01   0.0000000000e+00   0.0000000000e+00   3.9077864543e-01
   9.5793442899e+02   1.2019729696e-01   0.0000000000e+00   4.8413114201e-01   0.0000000000e+00   0.0000000000e+00   3.9567156103e-01
   9.5793442899e+02   1.2019729696e-01   0.0000000000e+00   4.8413114201e-01   0.0000000000e+00   0.0000000000e+00   3.9567156103e-01
   9.5597157119e+02   1.1928260634e-01   0.0000000000e+00   4.8805685761e-01   0.0000000000e+00   0.0000000000e+00   3.9266053604e-01
   9.5597157119e+02   1.1928260634e-01   0.0000000000e+00   4.8805685761e-01   0.0000000000e+00   0.0000000000e+00   3.9266053604e-01
   9.5665074828e+02   1.1959910248e-01   0.0000000000e+00   4.8669850343e-01   0.0000000000e+00   0.0000000000e+00   3.9370239409e-01
   9.5665074828e+02   1.1959910248e-01   0.0000000000e+00   4.8669850343e-01   0.0000000000e+00   0.0000000000e+00   3.9370239409e-01
   9.5665074828e+02   1.1959910248e-01   0.0000000000e+00   4.8669850343e-01   0.0000000000e+00   0.0000000000e+00   3.9370239409e-01
   9.5665074828e+02   1.1959910248e-01   0.0000000000e+00   4.8669850343e-01   0.0000000000e+00   0.0000000000e+00   3.9370239409e-01
   9.5223075090e+02   1.1753938622e-01   0.0000000000e+00   4.9553849821e-01   0.0000000000e+00   0.0000000000e+00   3.8692211557e-01
   9.5223075090e+02   1.1753938622e-01   0.0000000000e+00   4.9553849821e-01   0.0000000000e+00   0.0000000000e+00   3.8692211557e-01
   9.5223075090e+02   1.1753938622e-01   0.0000000000e+00   4.9553849821e-01   0.0000000000e+00   0.0000000000e+00   3.8692211557e-01
   9.5223075090e+02   1.1753938622e-01   0.0000000000e+00   4.9553849821e-01   0.0000000000e+00   0.0000000000e+00   3.8692211557e-01
   9.5223104496e+02   1.1753952325e-01   0.0000000000e+00   4.9553791008e-01   0.0000000000e+00   0.0000000000e+00   3.8692256667e-01
   9.5223104496e+02   1.1753952325e-01   0.0000000000e+00   4.9553791008e-01   0.0000000000e+00   0.0000000000e+00   3.8692256667e-01
   9.5223104496e+02   1.1753952325e-01   0.0000000000e+00   4.9553791008e-01   0.0000000000e+00   0.0000000000e+00   3.8692256667e-01
   9.5223104496e+02   1.1753952325e-01   0.0000000000e+00   4.9553791008e-01   0.0000000000e+00   0.0000000000e+00   3.8692256667e-01
   9.5223104496e+02   1.1753952325e-01   0.0000000000e+00   4.9553791008e-01   0.0000000000e+00   0.0000000000e+00   3.8692256667e-01
   9.5223104496e+02   1.1753952325e-01   0.0000000000e+00   4.9553791008e-01   0.0000000000e+00   0.0000000000e+00   3.8692256667e-01
   9.5223104496e+02   1.1753952325e-01   0.0000000000e+00   4.9553791008e-01   0.0000000000e+00   0.0000000000e+00   3.8692256667e-01
   9.5223104496e+02   1.1753952325e-01   0.0000000000e+00   4.9553791008e-01   0.0000000000e+00   0.0000000000e+00   3.8692256667e-01
   9.5223075090e+02   1.1753938622e-01   0.0000000000e+00   4.9553849821e-01   0.0000000000e+00   0.0000000000e+00   3.8692211557e-01
   9.5223075090e+02   1.1753938622e-01   0.0000000000e+00   4.9553849821e-01   0.0000000000e+00   0.0000000000e+00   3.8692211557e-01
   9.5223075090e+02   1.1753938622e-01   0.0000000000e+00   4.9553849821e-01   0.0000000000e+00   0.0000000000e+00   3.8692211557e-01
   9.5223075090e+02   1.1753938622e-01   0.0000000000e+00   4.9553849821e-01   0.0000000000e+00   0.0000000000e+00   3.8692211557e-01
   9.4882920011e+02   1.1595426549e-01   0.0000000000e+00   5.0234159978e-01   0.0000000000e+00   0.0000000000e+00   3.8170413473e-01
   9.4882920011e+02   1.1595426549e-01   0.0000000000e+00   5.0234159978e-01   0.0000000000e+00   0.0000000000e+00   3.8170413473e-01
   9.4882920011e+02   1.1595426549e-01   0.0000000000e+00   5.0234159978e-01   0.0000000000e+00   0.0000000000e+00   3.8170413473e-01
   9.4882920011e+02   1.1595426549e-01   0.0000000000e+00   5.0234159978e-01   0.0000000000e+00   0.0000000000e+00   3.8170413473e-01
   9.4798924433e+02   1.1556284657e-01   0.0000000000e+00   5.0402151133e-01   0.0000000000e+00   0.0000000000e+00   3.8041564209e-01
   9.4798924433e+02   1.1556284657e-01   0.0000000000e+00   5.0402151133e-01   0.0000000000e+00   0.0000000000e+00   3.8041564209e-01
   9.4798924433e+02   1.1556284657e-01   0.0000000000e+00   5.0402151133e-01   0.0000000000e+00   0.0000000000e+00   3.8041564209e-01
   9.4798924433e+02   1.1556284657e-01   0.0000000000e+00   5.0402151133e-01   0.0000000000e+00   0.0000000000e+00   3.8041564209e-01
   9.4446919235e+02   1.1392250436e-01   0.0000000000e+00   5.1106161530e-01   0.0000000000e+00   0.0000000000e+00   3.7501588034e-01
   9.4446919235e+02   1.1392250436e-01   0.0000000000e+00   5.1106161530e-01   0.0000000000e+00   0.0000000000e+00   3.7501588034e-01
   9.4446919235e+02   1.1392250436e-01   0.0000000000e+00   5.1106161530e-01   0.0000000000e+00   0.0000000000e+00   3.7501588034e-01
   9.4446919235e+02   1.1392250436e-01   0.0000000000e+00   5.1106161530e-01   0.0000000000e+00   0.0000000000e+00   3.7501588034e-01
   9.4139961538e+02   1.1249208324e-01   0.0000000000e+00   5.1720076923e-01   0.0000000000e+00   0.0000000000e+00   3.7030714753e-01
   9.4139961538e+02   1.1249208324e-01   0.0000000000e+00   5.1720076923e-01   0.0000000000e+00   0.0000000000e+00   3.7030714753e-01
   9.5344655699e+02   1.1810595116e-01   0.0000000000e+00   4.9310688602e-01   0.0000000000e+00   0.0000000000e+00   3.8878716282e-01
   9.5344655699e+02   1.1810595116e-01   0.0000000000e+00   4.9310688602e-01   0.0000000000e+00   0.0000000000e+00   3.8878716282e-01
   9.5345393356e+02   1.1810938864e-01   0.0000000000e+00   4.9309213288e-01   0.0000000000e+00   0.0000000000e+00   3.8879847848e-01
   9.5345393356e+02   1.1810938864e-01   0.0000000000e+00   4.9309213288e-01   0.0000000000e+00   0.0000000000e+00   3.8879847848e-01
   9.5345393356e+02   1.1810938864e-01   0.0000000000e+00   4.9309213288e-01   0.0000000000e+00   0.0000000000e+00   3.8879847848e-01
   9.5345393356e+02   1.1810938864e-01   0.0000000000e+00   4.9309213288e-01   0.0000000000e+00   0.0000000000e+00   3.8879847848e-01
   9.5915031081e+02   1.2076389719e-01   0.0000000000e+00   4.8169937838e-01   0.0000000000e+00   0.0000000000e+00   3.9753672443e-01
   9.5915031081e+02   1.2076389719e-01   0.0000000000e+00   4.8169937838e-01   0.0000000000e+00   0.0000000000e+00   3.9753672443e-01
   9.5692020784e+02   1.1972467048e-01   0.0000000000e+00   4.8615958433e-01   0.0000000000e+00   0.0000000000e+00   3.9411574519e-01
   9.5692020784e+02   1.1972467048e-01   0.0000000000e+00   4.8615958433e-01   0.0000000000e+00   0.0000000000e+00   3.9411574519e-01
   9.5692020784e+02   1.1972467048e-01   0.0000000000e+00   4.8615958433e-01   0.0000000000e+00   0.0000000000e+00   3.9411574519e-01
   9.5692020784e+02   1.1972467048e-01   0.0000000000e+00   4.8615958433e-01   0.0000000000e+00   0.0000000000e+00   3.9411574519e-01
   9.5915031081e+02   1.2076389719e-01   0.0000000000e+00   4.8169937838e-01   0.0000000000e+00   0.0000000000e+00   3.9753672443e-01
   9.5915031081e+02   1.2076389719e-01   0.0000000000e+00   4.8169937838e-01   0.0000000000e+00   0.0000000000e+00   3.9753672443e-01
   9.5502141542e+02   1.1883983429e-01   0.0000000000e+00   4.8995716916e-01   0.0000000000e+00   0.0000000000e+00   3.9120299654e-01
   9.5502141542e+02   1.1883983429e-01   0.0000000000e+00   4.8995716916e-01   0.0000000000e+00   0.0000000000e+00   3.9120299654e-01
   9.5502141542e+02   1.1883983429e-01   0.0000000000e+00   4.8995716916e-01   0.0000000000e+00   0.0000000000e+00   3.9120299654e-01
   9.5502141542e+02   1.1883983429e-01   0.0000000000e+00   4.8995716916e-01   0.0000000000e+00   0.0000000000e+00   3.9120299654e-01
   9.5155514114e+02   1.1722455246e-01   0.0000000000e+00   4.9688971771e-01   0.0000000000e+00   0.0000000000e+00   3.8588572983e-01
   9.5155514114e+02   1.1722455246e-01   0.0000000000e+00   4.9688971771e-01   0.0000000000e+00   0.0000000000e+00   3.8588572983e-01
   9.5155514114e+02   1.1722455246e-01   0.0000000000e+00   4.9688971771e-01   0.0000000000e+00   0.0000000000e+00   3.8588572983e-01
   9.5155514114e+02   1.1722455246e-01   0.0000000000e+00   4.9688971771e-01   0.0000000000e+00   0.0000000000e+00   3.8588572983e-01
   9.5155514114e+02   1.1722455246e-01   0.0000000000e+00   4.9688971771e-01   0.0000000000e+00   0.0000000000e+00   3.8588572983e-01
   9.5155514114e+02   1.1722455246e-01   0.0000000000e+00   4.9688971771e-01   0.0000000000e+00   0.0000000000e+00   3.8588572983e-01
   9.5155514114e+02   1.1722455246e-01   0.0000000000e+00   4.9688971771e-01   0.0000000000e+00   0.0000000000e+00   3.8588572983e-01
   9.5155514114e+02   1.1722455246e-01   0.0000000000e+00   4.9688971771e-01   0.0000000000e+00   0.0000000000e+00   3.8588572983e-01
   9.5893095060e+02   1.2066167546e-01   0.0000000000e+00   4.8213809881e-01   0.0000000000e+00   0.0000000000e+00   3.9720022573e-01
   9.5893095060e+02   1.2066167546e-01   0.0000000000e+00   4.8213809881e-01   0.0000000000e+00   0.0000000000e+00   3.9720022573e-01
   9.5893095060e+02   1.2066167546e-01   0.0000000000e+00   4.8213809881e-01   0.0000000000e+00   0.0000000000e+00   3.9720022573e-01
   9.5893095060e+02   1.2066167546e-01   0.0000000000e+00   4.8213809881e-01   0.0000000000e+00   0.0000000000e+00   3.9720022573e-01
   9.5155514114e+02   1.1722455246e-01   0.0000000000e+00   4.9688971771e-01   0.0000000000e+00   0.0000000000e+00   3.8588572983e-01
   9.5155514114e+02   1.1722455246e-01   0.0000000000e+00   4.9688971771e-01   0.0000000000e+00   0.0000000000e+00   3.8588572983e-01
   9.5155514114e+02   1.1722455246e-01   0.0000000000e+00   4.9688971771e-01   0.0000000000e+00   0.0000000000e+00   3.8588572983e-01
   9.5155514114e+02   1.1722455246e-01   0.0000000000e+00   4.9688971771e-01   0.0000000000e+00   0.0000000000e+00   3.8588572983e-01
   9.5043482159e+02   1.1670248418e-01   0.0000000000e+00   4.9913035682e-01   0.0000000000e+00   0.0000000000e+00   3.8416715900e-01
   9.5043482159e+02   1.1670248418e-01   0.0000000000e+00   4.9913035682e-01   0.0000000000e+00   0.0000000000e+00   3.8416715900e-01
   9.5043482159e+02   1.1670248418e-01   0.0000000000e+00   4.9913035682e-01   0.0000000000e+00   0.0000000000e+00   3.8416715900e-01
   9.5043482159e+02   1.1670248418e-01   0.0000000000e+00   4.9913035682e-01   0.0000000000e+00   0.0000000000e+00   3.8416715900e-01
   9.4441135079e+02   1.1389555022e-01   0.0000000000e+00   5.1117729843e-01   0.0000000000e+00   0.0000000000e+00   3.7492715135e-01
   9.4441135079e+02   1.1389555022e-01   0.0000000000e+00   5.1117729843e-01   0.0000000000e+00   0.0000000000e+00   3.7492715135e-01
   9.4441135079e+02   1.1389555022e-01   0.0000000000e+00   5.1117729843e-01   0.0000000000e+00   0.0000000000e+00   3.7492715135e-01
   9.4441135079e+02   1.1389555022e-01   0.0000000000e+00   5.1117729843e-01   0.0000000000e+00   0.0000000000e+00   3.7492715135e-01
   9.4774928214e+02   1.1545102433e-01   0.0000000000e+00   5.0450143573e-01   0.0000000000e+00   0.0000000000e+00   3.8004753994e-01
   9.4774928214e+02   1.1545102433e-01   0.0000000000e+00   5.0450143573e-01   0.0000000000e+00   0.0000000000e+00   3.8004753994e-01
   9.4774928214e+02   1.1545102433e-01   0.0000000000e+00   5.0450143573e-01   0.0000000000e+00   0.0000000000e+00   3.8004753994e-01
   9.4774928214e+02   1.1545102433e-01   0.0000000000e+00   5.0450143573e-01   0.0000000000e+00   0.0000000000e+00   3.8004753994e-01
   9.4779518002e+02   1.1547241272e-01   0.0000000000e+00   5.0440963996e-01   0.0000000000e+00   0.0000000000e+00   3.8011794732e-01
   9.4779518002e+02   1.1547241272e-01   0.0000000000e+00   5.0440963996e-01   0.0000000000e+00   0.0000000000e+00   3.8011794732e-01
   9.4779518002e+02   1.1547241272e-01   0.0000000000e+00   5.0440963996e-01   0.0000000000e+00   0.0000000000e+00   3.8011794732e-01
   9.4779518002e+02   1.1547241272e-01   0.0000000000e+00   5.0440963996e-01   0.0000000000e+00   0.0000000000e+00   3.8011794732e-01
   9.5222834693e+02   1.1753826597e-01   0.0000000000e+00   4.9554330613e-01   0.0000000000e+00   0.0000000000e+00   3.8691842790e-01
   9.5222834693e+02   1.1753826597e-01   0.0000000000e+00   4.9554330613e-01   0.0000000000e+00   0.0000000000e+00   3.8691842790e-01
   9.5222834693e+02   1.1753826597e-01   0.0000000000e+00   4.9554330613e-01   0.0000000000e+00   0.0000000000e+00   3.8691842790e-01
   9.5222834693e+02   1.1753826597e-01   0.0000000000e+00   4.9554330613e-01   0.0000000000e+00   0.0000000000e+00   3.8691842790e-01
   9.5222891300e+02   1.1753852976e-01   0.0000000000e+00   4.9554217399e-01   0.0000000000e+00   0.0000000000e+00   3.8691929625e-01
   9.5222891300e+02   1.1753852976e-01   0.0000000000e+00   4.9554217399e-01   0.0000000000e+00   0.0000000000e+00   3.8691929625e-01
   9.5222810433e+02   1.1753815292e-01   0.0000000000e+00   4.9554379134e-01   0.0000000000e+00   0.0000000000e+00   3.8691805574e-01
   9.5222810433e+02   1.1753815292e-01   0.0000000000e+00   4.9554379134e-01   0.0000000000e+00   0.0000000000e+00   3.8691805574e-01
   9.5222834693e+02   1.1753826597e-01   0.0000000000e+00   4.9554330613e-01   0.0000000000e+00   0.0000000000e+00   3.8691842790e-01
   9.5222834693e+02   1.1753826597e-01   0.0000000000e+00   4.9554330613e-01   0.0000000000e+00   0.0000000000e+00   3.8691842790e-01
   9.5222842780e+02   1.1753830366e-01   0.0000000000e+00   4.9554314440e-01   0.0000000000e+00   0.0000000000e+00   3.8691855195e-01
   9.5222842780e+02   1.1753830366e-01   0.0000000000e+00   4.9554314440e-01   0.0000000000e+00   0.0000000000e+00   3.8691855195e-01
   9.5222850867e+02   1.1753834134e-01   0.0000000000e+00   4.9554298266e-01   0.0000000000e+00   0.0000000000e+00   3.8691867600e-01
   9.5222850867e+02   1.1753834134e-01   0.0000000000e+00   4.9554298266e-01   0.0000000000e+00   0.0000000000e+00   3.8691867600e-01
   9.5222842780e+02   1.1753830366e-01   0.0000000000e+00   4.9554314440e-01   0.0000000000e+00   0.0000000000e+00   3.8691855195e-01
   9.5222842780e+02   1.1753830366e-01   0.0000000000e+00   4.9554314440e-01   0.0000000000e+00   0.0000000000e+00   3.8691855195e-01