# time = 25.8873
# Grid Poins = 256    variable_0    variable_1    variable_2    variable_3    variable_4    variable_5    variable_6
   9.5058579270e+02   1.1677283664e-01   0.0000000000e+00   4.9882841460e-01   0.0000000000e+00   0.0000000000e+00   3.8439874877e-01
   9.5058579270e+02   1.1677283664e-01   0.0000000000e+00   4.9882841460e-01   0.0000000000e+00   0.0000000000e+00   3.8439874877e-01
   9.4854842215e+02   1.1582342312e-01   0.0000000000e+00   5.0290315570e-01   0.0000000000e+00   0.0000000000e+00   3.8127342118e-01
   9.4854842215e+02   1.1582342312e-01   0.0000000000e+00   5.0290315570e-01   0.0000000000e+00   0.0000000000e+00   3.8127342118e-01
   9.4851264514e+02   1.1580675105e-01   0.0000000000e+00   5.0297470973e-01   0.0000000000e+00   0.0000000000e+00   3.8121853922e-01
   9.4851264514e+02   1.1580675105e-01   0.0000000000e+00   5.0297470973e-01   0.0000000000e+00   0.0000000000e+00   3.8121853922e-01
   9.4851264514e+02   1.1580675105e-01   0.0000000000e+00   5.0297470973e-01   0.0000000000e+00   0.0000000000e+00   3.8121853922e-01
   9.4851264514e+02   1.1580675105e-01   0.0000000000e+00   5.0297470973e-01   0.0000000000e+00   0.0000000000e+00   3.8121853922e-01
   9.4954921892e+02   1.1628979384e-01   0.0000000000e+00   5.0090156216e-01   0.0000000000e+00   0.0000000000e+00   3.8280864399e-01
   9.4954921892e+02   1.1628979384e-01   0.0000000000e+00   5.0090156216e-01   0.0000000000e+00   0.0000000000e+00   3.8280864399e-01
   9.4954921892e+02   1.1628979384e-01   0.0000000000e+00   5.0090156216e-01   0.0000000000e+00   0.0000000000e+00   3.8280864399e-01
   9.4954921892e+02   1.1628979384e-01   0.0000000000e+00   5.0090156216e-01   0.0000000000e+00   0.0000000000e+00   3.8280864399e-01
   9.4853053364e+02   1.1581508708e-01   0.0000000000e+00   5.0293893271e-01   0.0000000000e+00   0.0000000000e+00   3.8124598020e-01
   9.4853053364e+02   1.1581508708e-01   0.0000000000e+00   5.0293893271e-01   0.0000000000e+00   0.0000000000e+00   3.8124598020e-01
   9.4853053364e+02   1.1581508708e-01   0.0000000000e+00   5.0293893271e-01   0.0000000000e+00   0.0000000000e+00   3.8124598020e-01
   9.4853053364e+02   1.1581508708e-01   0.0000000000e+00   5.0293893271e-01   0.0000000000e+00   0.0000000000e+00   3.8124598020e-01
   9.5225942571e+02   1.1755274867e-01   0.0000000000e+00   4.9548114857e-01   0.0000000000e+00   0.0000000000e+00   3.8696610276e-01
   9.5225942571e+02   1.1755274867e-01   0.0000000000e+00   4.9548114857e-01   0.0000000000e+00   0.0000000000e+00   3.8696610276e-01
   9.5225942571e+02   1.1755274867e-01   0.0000000000e+00   4.9548114857e-01   0.0000000000e+00   0.0000000000e+00   3.8696610276e-01
   9.5225942571e+02   1.1755274867e-01   0.0000000000e+00   4.9548114857e-01   0.0000000000e+00   0.0000000000e+00   3.8696610276e-01
   9.5225942571e+02   1.1755274867e-01   0.0000000000e+00   4.9548114857e-01   0.0000000000e+00   0.0000000000e+00   3.8696610276e-01
   9.5225942571e+02   1.1755274867e-01   0.0000000000e+00   4.9548114857e-01   0.0000000000e+00   0.0000000000e+00   3.8696610276e-01
   9.5225942571e+02   1.1755274867e-01   0.0000000000e+00   4.9548114857e-01   0.0000000000e+00   0.0000000000e+00   3.8696610276e-01
   9.5225942571e+02   1.1755274867e-01   0.0000000000e+00   4.9548114857e-01   0.0000000000e+00   0.0000000000e+00   3.8696610276e-01
   9.5233774433e+02   1.1758924510e-01   0.0000000000e+00   4.9532451134e-01   0.0000000000e+00   0.0000000000e+00   3.8708624356e-01
   9.5233774433e+02   1.1758924510e-01   0.0000000000e+00   4.9532451134e-01   0.0000000000e+00   0.0000000000e+00   3.8708624356e-01
   9.5233774433e+02   1.1758924510e-01   0.0000000000e+00   4.9532451134e-01   0.0000000000e+00   0.0000000000e+00   3.8708624356e-01
   9.5233774433e+02   1.1758924510e-01   0.0000000000e+00   4.9532451134e-01   0.0000000000e+00   0.0000000000e+00   3.8708624356e-01
   9.5233774433e+02   1.1758924510e-01   0.0000000000e+00   4.9532451134e-01   0.0000000000e+00   0.0000000000e+00   3.8708624356e-01
   9.5233774433e+02   1.1758924510e-01   0.0000000000e+00   4.9532451134e-01   0.0000000000e+00   0.0000000000e+00   3.8708624356e-01
   9.5233774433e+02   1.1758924510e-01   0.0000000000e+00   4.9532451134e-01   0.0000000000e+00   0.0000000000e+00   3.8708624356e-01
   9.5233774433e+02   1.1758924510e-01   0.0000000000e+00   4.9532451134e-01   0.0000000000e+00   0.0000000000e+00   3.8708624356e-01
   9.5225229377e+02   1.1754942518e-01   0.0000000000e+00   4.9549541247e-01   0.0000000000e+00   0.0000000000e+00   3.8695516235e-01
   9.5225229377e+02   1.1754942518e-01   0.0000000000e+00   4.9549541247e-01   0.0000000000e+00   0.0000000000e+00   3.8695516235e-01
   9.5223802987e+02   1.1754277822e-01   0.0000000000e+00   4.9552394025e-01   0.0000000000e+00   0.0000000000e+00   3.8693328153e-01
   9.5223802987e+02   1.1754277822e-01   0.0000000000e+00   4.9552394025e-01   0.0000000000e+00   0.0000000000e+00   3.8693328153e-01
   9.5224516182e+02   1.1754610170e-01   0.0000000000e+00   4.9550967636e-01   0.0000000000e+00   0.0000000000e+00   3.8694422194e-01
   9.5224516182e+02   1.1754610170e-01   0.0000000000e+00   4.9550967636e-01   0.0000000000e+00   0.0000000000e+00   3.8694422194e-01
   9.5224516182e+02   1.1754610170e-01   0.0000000000e+00   4.9550967636e-01   0.0000000000e+00   0.0000000000e+00   3.8694422194e-01
   9.5224516182e+02   1.1754610170e-01   0.0000000000e+00   4.9550967636e-01   0.0000000000e+00   0.0000000000e+00   3.8694422194e-01
   9.5223802987e+02   1.1754277822e-01   0.0000000000e+00   4.9552394025e-01   0.0000000000e+00   0.0000000000e+00   3.8693328153e-01
   9.5223802987e+02   1.1754277822e-01   0.0000000000e+00   4.9552394025e-01   0.0000000000e+00   0.0000000000e+00   3.8693328153e-01
   9.5223802987e+02   1.1754277822e-01   0.0000000000e+00   4.9552394025e-01   0.0000000000e+00   0.0000000000e+00   3.8693328153e-01
   9.5223802987e+02   1.1754277822e-01   0.0000000000e+00   4.9552394025e-01   0.0000000000e+00   0.0000000000e+00   3.8693328153e-01
   9.5225229377e+02   1.1754942518e-01   0.0000000000e+00   4.9549541247e-01   0.0000000000e+00   0.0000000000e+00   3.8695516235e-01
   9.5225229377e+02   1.1754942518e-01   0.0000000000e+00   4.9549541247e-01   0.0000000000e+00   0.0000000000e+00   3.8695516235e-01
   9.5225229377e+02   1.1754942518e-01   0.0000000000e+00   4.9549541247e-01   0.0000000000e+00   0.0000000000e+00   3.8695516235e-01
   9.5225229377e+02   1.1754942518e-01   0.0000000000e+00   4.9549541247e-01   0.0000000000e+00   0.0000000000e+00   3.8695516235e-01
   9.4916598488e+02   1.1611120700e-01   0.0000000000e+00   5.0166803024e-01   0.0000000000e+00   0.0000000000e+00   3.8222076276e-01
   9.4916598488e+02   1.1611120700e-01   0.0000000000e+00   5.0166803024e-01   0.0000000000e+00   0.0000000000e+00   3.8222076276e-01
   9.4916598488e+02   1.1611120700e-01   0.0000000000e+00   5.0166803024e-01   0.0000000000e+00   0.0000000000e+00   3.8222076276e-01
   9.4916598488e+02   1.1611120700e-01   0.0000000000e+00   5.0166803024e-01   0.0000000000e+00   0.0000000000e+00   3.8222076276e-01
   9.4916598488e+02   1.1611120700e-01   0.0000000000e+00   5.0166803024e-01   0.0000000000e+00   0.0000000000e+00   3.8222076276e-01
   9.4916598488e+02   1.1611120700e-01   0.0000000000e+00   5.0166803024e-01   0.0000000000e+00   0.0000000000e+00   3.8222076276e-01
   9.4916598488e+02   1.1611120700e-01   0.0000000000e+00   5.0166803024e-01   0.0000000000e+00   0.0000000000e+00   3.8222076276e-01
   9.4916598488e+02   1.1611120700e-01   0.0000000000e+00   5.0166803024e-01   0.0000000000e+00   0.0000000000e+00   3.8222076276e-01
   9.4961787260e+02   1.1632178642e-01   0.0000000000e+00   5.0076425480e-01   0.0000000000e+00   0.0000000000e+00   3.8291395878e-01
   9.4961787260e+02   1.1632178642e-01   0.0000000000e+00   5.0076425480e-01   0.0000000000e+00   0.0000000000e+00   3.8291395878e-01
   9.4961787260e+02   1.1632178642e-01   0.0000000000e+00   5.0076425480e-01   0.0000000000e+00   0.0000000000e+00   3.8291395878e-01
   9.4961787260e+02   1.1632178642e-01   0.0000000000e+00   5.0076425480e-01   0.0000000000e+00   0.0000000000e+00   3.8291395878e-01
   9.4926775274e+02   1.1615863077e-01   0.0000000000e+00   5.0146449451e-01   0.0000000000e+00   0.0000000000e+00   3.8237687472e-01
   9.4926775274e+02   1.1615863077e-01   0.0000000000e+00   5.0146449451e-01   0.0000000000e+00   0.0000000000e+00   3.8237687472e-01
   9.4926775274e+02   1.1615863077e-01   0.0000000000e+00   5.0146449451e-01   0.0000000000e+00   0.0000000000e+00   3.8237687472e-01
   9.4926775274e+02   1.1615863077e-01   0.0000000000e+00   5.0146449451e-01   0.0000000000e+00   0.0000000000e+00   3.8237687472e-01
   9.4657709474e+02   1.1490478567e-01   0.0000000000e+00   5.0684581051e-01   0.0000000000e+00   0.0000000000e+00   3.7824940382e-01
   9.4657709474e+02   1.1490478567e-01   0.0000000000e+00   5.0684581051e-01   0.0000000000e+00   0.0000000000e+00   3.7824940382e-01
   9.4657709474e+02   1.1490478567e-01   0.0000000000e+00   5.0684581051e-01   0.0000000000e+00   0.0000000000e+00   3.7824940382e-01
   9.4657709474e+02   1.1490478567e-01   0.0000000000e+00   5.0684581051e-01   0.0000000000e+00   0.0000000000e+00   3.7824940382e-01
   9.4657709474e+02   1.1490478567e-01   0.0000000000e+00   5.0684581051e-01   0.0000000000e+00   0.0000000000e+00   3.7824940382e-01
   9.4657709474e+02   1.1490478567e-01   0.0000000000e+00   5.0684581051e-01   0.0000000000e+00   0.0000000000e+00   3.7824940382e-01
   9.4657709474e+02   1.1490478567e-01   0.0000000000e+00   5.0684581051e-01   0.0000000000e+00   0.0000000000e+00   3.7824940382e-01
   9.4657709474e+02   1.1490478567e-01   0.0000000000e+00   5.0684581051e-01   0.0000000000e+00   0.0000000000e+00   3.7824940382e-01
   9.4657709474e+02   1.1490478567e-01   0.0000000000e+00   5.0684581051e-01   0.0000000000e+00   0.0000000000e+00   3.7824940382e-01
   9.4657709474e+02   1.1490478567e-01   0.0000000000e+00   5.0684581051e-01   0.0000000000e+00   0.0000000000e+00   3.7824940382e-01
   9.4657709474e+02   1.1490478567e-01   0.0000000000e+00   5.0684581051e-01   0.0000000000e+00   0.0000000000e+00   3.7824940382e-01
   9.4657709474e+02   1.1490478567e-01   0.0000000000e+00   5.0684581051e-01   0.0000000000e+00   0.0000000000e+00   3.7824940382e-01
   9.4657709474e+02   1.1490478567e-01   0.0000000000e+00   5.0684581051e-01   0.0000000000e+00   0.0000000000e+00   3.7824940382e-01
   9.4657709474e+02   1.1490478567e-01   0.0000000000e+00   5.0684581051e-01   0.0000000000e+00   0.0000000000e+00   3.7824940382e-01
   9.4657709474e+02   1.1490478567e-01   0.0000000000e+00   5.0684581051e-01   0.0000000000e+00   0.0000000000e+00   3.7824940382e-01
   9.4657709474e+02   1.1490478567e-01   0.0000000000e+00   5.0684581051e-01   0.0000000000e+00   0.0000000000e+00   3.7824940382e-01
   9.4726814045e+02   1.1522681258e-01   0.0000000000e+00   5.0546371910e-01   0.0000000000e+00   0.0000000000e+00   3.7930946833e-01
   9.4726814045e+02   1.1522681258e-01   0.0000000000e+00   5.0546371910e-01   0.0000000000e+00   0.0000000000e+00   3.7930946833e-01
   9.4726814045e+02   1.1522681258e-01   0.0000000000e+00   5.0546371910e-01   0.0000000000e+00   0.0000000000e+00   3.7930946833e-01
   9.4726814045e+02   1.1522681258e-01   0.0000000000e+00   5.0546371910e-01   0.0000000000e+00   0.0000000000e+00   3.7930946833e-01
   9.4726814045e+02   1.1522681258e-01   0.0000000000e+00   5.0546371910e-01   0.0000000000e+00   0.0000000000e+00   3.7930946833e-01
   9.4726814045e+02   1.1522681258e-01   0.0000000000e+00   5.0546371910e-01   0.0000000000e+00   0.0000000000e+00   3.7930946833e-01
   9.4726814045e+02   1.1522681258e-01   0.0000000000e+00   5.0546371910e-01   0.0000000000e+00   0.0000000000e+00   3.7930946833e-01
   9.4726814045e+02   1.1522681258e-01   0.0000000000e+00   5.0546371910e-01   0.0000000000e+00   0.0000000000e+00   3.7930946833e-01
   9.4726814045e+02   1.1522681258e-01   0.0000000000e+00   5.0546371910e-01   0.0000000000e+00   0.0000000000e+00   3.7930946833e-01
   9.4726814045e+02   1.1522681258e-01   0.0000000000e+00   5.0546371910e-01   0.0000000000e+00   0.0000000000e+00   3.7930946833e-01
   9.4726814045e+02   1.1522681258e-01   0.0000000000e+00   5.0546371910e-01   0.0000000000e+00   0.0000000000e+00   3.7930946833e-01
   9.4726814045e+02   1.1522681258e-01   0.0000000000e+00   5.0546371910e-01   0.0000000000e+00   0.0000000000e+00   3.7930946833e-01
   9.4726814045e+02   1.1522681258e-01   0.0000000000e+00   5.0546371910e-01   0.0000000000e+00   0.0000000000e+00   3.7930946833e-01
   9.4726814045e+02   1.1522681258e-01   0.0000000000e+00   5.0546371910e-01   0.0000000000e+00   0.0000000000e+00   3.7930946833e-01
   9.4726814045e+02   1.1522681258e-01   0.0000000000e+00   5.0546371910e-01   0.0000000000e+00   0.0000000000e+00   3.7930946833e-01
   9.4726814045e+02   1.1522681258e-01   0.0000000000e+00   5.0546371910e-01   0.0000000000e+00   0.0000000000e+00   3.7930946833e-01
   9.4797895733e+02   1.1555805284e-01   0.0000000000e+00   5.0404208533e-01   0.0000000000e+00   0.0000000000e+00   3.8039986183e-01
   9.4797895733e+02   1.1555805284e-01   0.0000000000e+00   5.0404208533e-01   0.0000000000e+00   0.0000000000e+00   3.8039986183e-01
   9.4788798964e+02   1.1551566195e-01   0.0000000000e+00   5.0422402072e-01   0.0000000000e+00   0.0000000000e+00   3.8026031734e-01
   9.4788798964e+02   1.1551566195e-01   0.0000000000e+00   5.0422402072e-01   0.0000000000e+00   0.0000000000e+00   3.8026031734e-01
   9.4803873218e+02   1.1558590788e-01   0.0000000000e+00   5.0392253565e-01   0.0000000000e+00   0.0000000000e+00   3.8049155647e-01
   9.4803873218e+02   1.1558590788e-01   0.0000000000e+00   5.0392253565e-01   0.0000000000e+00   0.0000000000e+00   3.8049155647e-01
   9.4797895733e+02   1.1555805284e-01   0.0000000000e+00   5.0404208533e-01   0.0000000000e+00   0.0000000000e+00   3.8039986183e-01
   9.4797895733e+02   1.1555805284e-01   0.0000000000e+00   5.0404208533e-01   0.0000000000e+00   0.0000000000e+00   3.8039986183e-01
   9.4798675555e+02   1.1556168680e-01   0.0000000000e+00   5.0402648890e-01   0.0000000000e+00   0.0000000000e+00   3.8041182429e-01
   9.4798675555e+02   1.1556168680e-01   0.0000000000e+00   5.0402648890e-01   0.0000000000e+00   0.0000000000e+00   3.8041182429e-01
   9.4798675555e+02   1.1556168680e-01   0.0000000000e+00   5.0402648890e-01   0.0000000000e+00   0.0000000000e+00   3.8041182429e-01
   9.4798675555e+02   1.1556168680e-01   0.0000000000e+00   5.0402648890e-01   0.0000000000e+00   0.0000000000e+00   3.8041182429e-01
   9.4808552145e+02   1.1560771166e-01   0.0000000000e+00   5.0382895709e-01   0.0000000000e+00   0.0000000000e+00   3.8056333125e-01
   9.4808552145e+02   1.1560771166e-01   0.0000000000e+00   5.0382895709e-01   0.0000000000e+00   0.0000000000e+00   3.8056333125e-01
   9.4788798964e+02   1.1551566195e-01   0.0000000000e+00   5.0422402072e-01   0.0000000000e+00   0.0000000000e+00   3.8026031734e-01
   9.4788798964e+02   1.1551566195e-01   0.0000000000e+00   5.0422402072e-01   0.0000000000e+00   0.0000000000e+00   3.8026031734e-01
   9.4817851795e+02   1.1565104797e-01   0.0000000000e+00   5.0364296411e-01   0.0000000000e+00   0.0000000000e+00   3.8070598792e-01
   9.4817851795e+02   1.1565104797e-01   0.0000000000e+00   5.0364296411e-01   0.0000000000e+00   0.0000000000e+00   3.8070598792e-01
   9.4817851795e+02   1.1565104797e-01   0.0000000000e+00   5.0364296411e-01   0.0000000000e+00   0.0000000000e+00   3.8070598792e-01
   9.4817851795e+02   1.1565104797e-01   0.0000000000e+00   5.0364296411e-01   0.0000000000e+00   0.0000000000e+00   3.8070598792e-01
   9.4788798964e+02   1.1551566195e-01   0.0000000000e+00   5.0422402072e-01   0.0000000000e+00   0.0000000000e+00   3.8026031734e-01
   9.4788798964e+02   1.1551566195e-01   0.0000000000e+00   5.0422402072e-01   0.0000000000e+00   0.0000000000e+00   3.8026031734e-01
   9.4846904625e+02   1.1578643399e-01   0.0000000000e+00   5.0306190750e-01   0.0000000000e+00   0.0000000000e+00   3.8115165851e-01
   9.4846904625e+02   1.1578643399e-01   0.0000000000e+00   5.0306190750e-01   0.0000000000e+00   0.0000000000e+00   3.8115165851e-01
   9.4846904625e+02   1.1578643399e-01   0.0000000000e+00   5.0306190750e-01   0.0000000000e+00   0.0000000000e+00   3.8115165851e-01
   9.4846904625e+02   1.1578643399e-01   0.0000000000e+00   5.0306190750e-01   0.0000000000e+00   0.0000000000e+00   3.8115165851e-01
   9.4788798964e+02   1.1551566195e-01   0.0000000000e+00   5.0422402072e-01   0.0000000000e+00   0.0000000000e+00   3.8026031734e-01
   9.4788798964e+02   1.1551566195e-01   0.0000000000e+00   5.0422402072e-01   0.0000000000e+00   0.0000000000e+00   3.8026031734e-01
   9.4817851795e+02   1.1565104797e-01   0.0000000000e+00   5.0364296411e-01   0.0000000000e+00   0.0000000000e+00   3.8070598792e-01
   9.4817851795e+02   1.1565104797e-01   0.0000000000e+00   5.0364296411e-01   0.0000000000e+00   0.0000000000e+00   3.8070598792e-01
   9.4817851795e+02   1.1565104797e-01   0.0000000000e+00   5.0364296411e-01   0.0000000000e+00   0.0000000000e+00   3.8070598792e-01
   9.4817851795e+02   1.1565104797e-01   0.0000000000e+00   5.0364296411e-01   0.0000000000e+00   0.0000000000e+00   3.8070598792e-01
   9.4684681982e+02   1.1503047740e-01   0.0000000000e+00   5.0630636036e-01   0.0000000000e+00   0.0000000000e+00   3.7866316224e-01
   9.4684681982e+02   1.1503047740e-01   0.0000000000e+00   5.0630636036e-01   0.0000000000e+00   0.0000000000e+00   3.7866316224e-01
   9.4772634758e+02   1.1544033684e-01   0.0000000000e+00   5.0454730484e-01   0.0000000000e+00   0.0000000000e+00   3.8001235832e-01
   9.4772634758e+02   1.1544033684e-01   0.0000000000e+00   5.0454730484e-01   0.0000000000e+00   0.0000000000e+00   3.8001235832e-01
   9.4622470437e+02   1.1474057196e-01   0.0000000000e+00   5.0755059127e-01   0.0000000000e+00   0.0000000000e+00   3.7770883678e-01
   9.4622470437e+02   1.1474057196e-01   0.0000000000e+00   5.0755059127e-01   0.0000000000e+00   0.0000000000e+00   3.7770883678e-01
   9.4622470437e+02   1.1474057196e-01   0.0000000000e+00   5.0755059127e-01   0.0000000000e+00   0.0000000000e+00   3.7770883678e-01
   9.4622470437e+02   1.1474057196e-01   0.0000000000e+00   5.0755059127e-01   0.0000000000e+00   0.0000000000e+00   3.7770883678e-01
   9.4728588949e+02   1.1523508362e-01   0.0000000000e+00   5.0542822102e-01   0.0000000000e+00   0.0000000000e+00   3.7933669536e-01
   9.4728588949e+02   1.1523508362e-01   0.0000000000e+00   5.0542822102e-01   0.0000000000e+00   0.0000000000e+00   3.7933669536e-01
   9.4772634758e+02   1.1544033684e-01   0.0000000000e+00   5.0454730484e-01   0.0000000000e+00   0.0000000000e+00   3.8001235832e-01
   9.4772634758e+02   1.1544033684e-01   0.0000000000e+00   5.0454730484e-01   0.0000000000e+00   0.0000000000e+00   3.8001235832e-01
   9.4560258892e+02   1.1445066651e-01   0.0000000000e+00   5.0879482217e-01   0.0000000000e+00   0.0000000000e+00   3.7675451132e-01
   9.4560258892e+02   1.1445066651e-01   0.0000000000e+00   5.0879482217e-01   0.0000000000e+00   0.0000000000e+00   3.7675451132e-01
   9.4728588949e+02   1.1523508362e-01   0.0000000000e+00   5.0542822102e-01   0.0000000000e+00   0.0000000000e+00   3.7933669536e-01
   9.4728588949e+02   1.1523508362e-01   0.0000000000e+00   5.0542822102e-01   0.0000000000e+00   0.0000000000e+00   3.7933669536e-01
   9.4745934426e+02   1.1531591344e-01   0.0000000000e+00   5.0508131148e-01   0.0000000000e+00   0.0000000000e+00   3.7960277508e-01
   9.4745934426e+02   1.1531591344e-01   0.0000000000e+00   5.0508131148e-01   0.0000000000e+00   0.0000000000e+00   3.7960277508e-01
   9.4745934426e+02   1.1531591344e-01   0.0000000000e+00   5.0508131148e-01   0.0000000000e+00   0.0000000000e+00   3.7960277508e-01
   9.4745934426e+02   1.1531591344e-01   0.0000000000e+00   5.0508131148e-01   0.0000000000e+00   0.0000000000e+00   3.7960277508e-01
   9.4697419453e+02   1.1508983394e-01   0.0000000000e+00   5.0605161095e-01   0.0000000000e+00   0.0000000000e+00   3.7885855511e-01
   9.4697419453e+02   1.1508983394e-01   0.0000000000e+00   5.0605161095e-01   0.0000000000e+00   0.0000000000e+00   3.7885855511e-01
   9.4677354145e+02   1.1499632973e-01   0.0000000000e+00   5.0645291709e-01   0.0000000000e+00   0.0000000000e+00   3.7855075318e-01
   9.4677354145e+02   1.1499632973e-01   0.0000000000e+00   5.0645291709e-01   0.0000000000e+00   0.0000000000e+00   3.7855075318e-01
   9.4687386799e+02   1.1504308183e-01   0.0000000000e+00   5.0625226402e-01   0.0000000000e+00   0.0000000000e+00   3.7870465415e-01
   9.4687386799e+02   1.1504308183e-01   0.0000000000e+00   5.0625226402e-01   0.0000000000e+00   0.0000000000e+00   3.7870465415e-01
   9.4687386799e+02   1.1504308183e-01   0.0000000000e+00   5.0625226402e-01   0.0000000000e+00   0.0000000000e+00   3.7870465415e-01
   9.4687386799e+02   1.1504308183e-01   0.0000000000e+00   5.0625226402e-01   0.0000000000e+00   0.0000000000e+00   3.7870465415e-01
   9.4560258892e+02   1.1445066651e-01   0.0000000000e+00   5.0879482217e-01   0.0000000000e+00   0.0000000000e+00   3.7675451132e-01
   9.4560258892e+02   1.1445066651e-01   0.0000000000e+00   5.0879482217e-01   0.0000000000e+00   0.0000000000e+00   3.7675451132e-01
   9.4697419453e+02   1.1508983394e-01   0.0000000000e+00   5.0605161095e-01   0.0000000000e+00   0.0000000000e+00   3.7885855511e-01
   9.4697419453e+02   1.1508983394e-01   0.0000000000e+00   5.0605161095e-01   0.0000000000e+00   0.0000000000e+00   3.7885855511e-01
   9.5436758457e+02   1.1853514949e-01   0.0000000000e+00   4.9126483085e-01   0.0000000000e+00   0.0000000000e+00   3.9020001966e-01
   9.5436758457e+02   1.1853514949e-01   0.0000000000e+00   4.9126483085e-01   0.0000000000e+00   0.0000000000e+00   3.9020001966e-01
   9.5436758457e+02   1.1853514949e-01   0.0000000000e+00   4.9126483085e-01   0.0000000000e+00   0.0000000000e+00   3.9020001966e-01
   9.5436758457e+02   1.1853514949e-01   0.0000000000e+00   4.9126483085e-01   0.0000000000e+00   0.0000000000e+00   3.9020001966e-01
   9.5430193764e+02   1.1850455806e-01   0.0000000000e+00   4.9139612472e-01   0.0000000000e+00   0.0000000000e+00   3.9009931722e-01
   9.5430193764e+02   1.1850455806e-01   0.0000000000e+00   4.9139612472e-01   0.0000000000e+00   0.0000000000e+00   3.9009931722e-01
   9.5430193764e+02   1.1850455806e-01   0.0000000000e+00   4.9139612472e-01   0.0000000000e+00   0.0000000000e+00   3.9009931722e-01
   9.5430193764e+02   1.1850455806e-01   0.0000000000e+00   4.9139612472e-01   0.0000000000e+00   0.0000000000e+00   3.9009931722e-01
   9.5420630065e+02   1.1845999128e-01   0.0000000000e+00   4.9158739870e-01   0.0000000000e+00   0.0000000000e+00   3.8995261002e-01
   9.5420630065e+02   1.1845999128e-01   0.0000000000e+00   4.9158739870e-01   0.0000000000e+00   0.0000000000e+00   3.8995261002e-01
   9.5420630065e+02   1.1845999128e-01   0.0000000000e+00   4.9158739870e-01   0.0000000000e+00   0.0000000000e+00   3.8995261002e-01
   9.5420630065e+02   1.1845999128e-01   0.0000000000e+00   4.9158739870e-01   0.0000000000e+00   0.0000000000e+00   3.8995261002e-01
   9.5420630065e+02   1.1845999128e-01   0.0000000000e+00   4.9158739870e-01   0.0000000000e+00   0.0000000000e+00   3.8995261002e-01
   9.5420630065e+02   1.1845999128e-01   0.0000000000e+00   4.9158739870e-01   0.0000000000e+00   0.0000000000e+00   3.8995261002e-01
   9.5420630065e+02   1.1845999128e-01   0.0000000000e+00   4.9158739870e-01   0.0000000000e+00   0.0000000000e+00   3.8995261002e-01
   9.5420630065e+02   1.1845999128e-01   0.0000000000e+00   4.9158739870e-01   0.0000000000e+00   0.0000000000e+00   3.8995261002e-01
   9.5518329192e+02   1.1891526865e-01   0.0000000000e+00   4.8963341616e-01   0.0000000000e+00   0.0000000000e+00   3.9145131519e-01
   9.5518329192e+02   1.1891526865e-01   0.0000000000e+00   4.8963341616e-01   0.0000000000e+00   0.0000000000e+00   3.9145131519e-01
   9.5518329192e+02   1.1891526865e-01   0.0000000000e+00   4.8963341616e-01   0.0000000000e+00   0.0000000000e+00   3.9145131519e-01
   9.5518329192e+02   1.1891526865e-01   0.0000000000e+00   4.8963341616e-01   0.0000000000e+00   0.0000000000e+00   3.9145131519e-01
   9.5518329192e+02   1.1891526865e-01   0.0000000000e+00   4.8963341616e-01   0.0000000000e+00   0.0000000000e+00   3.9145131519e-01
   9.5518329192e+02   1.1891526865e-01   0.0000000000e+00   4.8963341616e-01   0.0000000000e+00   0.0000000000e+00   3.9145131519e-01
   9.5518329192e+02   1.1891526865e-01   0.0000000000e+00   4.8963341616e-01   0.0000000000e+00   0.0000000000e+00   3.9145131519e-01
   9.5518329192e+02   1.1891526865e-01   0.0000000000e+00   4.8963341616e-01   0.0000000000e+00   0.0000000000e+00   3.9145131519e-01
   9.5411066366e+02   1.1841542449e-01   0.0000000000e+00   4.9177867268e-01   0.0000000000e+00   0.0000000000e+00   3.8980590282e-01
   9.5411066366e+02   1.1841542449e-01   0.0000000000e+00   4.9177867268e-01   0.0000000000e+00   0.0000000000e+00   3.8980590282e-01
   9.5411066366e+02   1.1841542449e-01   0.0000000000e+00   4.9177867268e-01   0.0000000000e+00   0.0000000000e+00   3.8980590282e-01
   9.5411066366e+02   1.1841542449e-01   0.0000000000e+00   4.9177867268e-01   0.0000000000e+00   0.0000000000e+00   3.8980590282e-01
   9.5436758457e+02   1.1853514949e-01   0.0000000000e+00   4.9126483085e-01   0.0000000000e+00   0.0000000000e+00   3.9020001966e-01
   9.5436758457e+02   1.1853514949e-01   0.0000000000e+00   4.9126483085e-01   0.0000000000e+00   0.0000000000e+00   3.9020001966e-01
   9.5436758457e+02   1.1853514949e-01   0.0000000000e+00   4.9126483085e-01   0.0000000000e+00   0.0000000000e+00   3.9020001966e-01
   9.5436758457e+02   1.1853514949e-01   0.0000000000e+00   4.9126483085e-01   0.0000000000e+00   0.0000000000e+00   3.9020001966e-01
   9.5496403838e+02   1.1881309663e-01   0.0000000000e+00   4.9007192324e-01   0.0000000000e+00   0.0000000000e+00   3.9111498013e-01
   9.5496403838e+02   1.1881309663e-01   0.0000000000e+00   4.9007192324e-01   0.0000000000e+00   0.0000000000e+00   3.9111498013e-01
   9.5496403838e+02   1.1881309663e-01   0.0000000000e+00   4.9007192324e-01   0.0000000000e+00   0.0000000000e+00   3.9111498013e-01
   9.5496403838e+02   1.1881309663e-01   0.0000000000e+00   4.9007192324e-01   0.0000000000e+00   0.0000000000e+00   3.9111498013e-01
   9.5479294563e+02   1.1873336750e-01   0.0000000000e+00   4.9041410873e-01   0.0000000000e+00   0.0000000000e+00   3.9085252376e-01
   9.5479294563e+02   1.1873336750e-01   0.0000000000e+00   4.9041410873e-01   0.0000000000e+00   0.0000000000e+00   3.9085252376e-01
   9.5479294563e+02   1.1873336750e-01   0.0000000000e+00   4.9041410873e-01   0.0000000000e+00   0.0000000000e+00   3.9085252376e-01
   9.5479294563e+02   1.1873336750e-01   0.0000000000e+00   4.9041410873e-01   0.0000000000e+00   0.0000000000e+00   3.9085252376e-01
   9.5479294563e+02   1.1873336750e-01   0.0000000000e+00   4.9041410873e-01   0.0000000000e+00   0.0000000000e+00   3.9085252376e-01
   9.5479294563e+02   1.1873336750e-01   0.0000000000e+00   4.9041410873e-01   0.0000000000e+00   0.0000000000e+00   3.9085252376e-01
   9.5479294563e+02   1.1873336750e-01   0.0000000000e+00   4.9041410873e-01   0.0000000000e+00   0.0000000000e+00   3.9085252376e-01
   9.5479294563e+02   1.1873336750e-01   0.0000000000e+00   4.9041410873e-01   0.0000000000e+00   0.0000000000e+00   3.9085252376e-01
   9.5445076014e+02   1.1857390926e-01   0.0000000000e+00   4.9109847972e-01   0.0000000000e+00   0.0000000000e+00   3.9032761102e-01
   9.5445076014e+02   1.1857390926e-01   0.0000000000e+00   4.9109847972e-01   0.0000000000e+00   0.0000000000e+00   3.9032761102e-01
   9.5479294563e+02   1.1873336750e-01   0.0000000000e+00   4.9041410873e-01   0.0000000000e+00   0.0000000000e+00   3.9085252376e-01
   9.5479294563e+02   1.1873336750e-01   0.0000000000e+00   4.9041410873e-01   0.0000000000e+00   0.0000000000e+00   3.9085252376e-01
   9.5423912412e+02   1.1847528699e-01   0.0000000000e+00   4.9152175177e-01   0.0000000000e+00   0.0000000000e+00   3.9000296124e-01
   9.5423912412e+02   1.1847528699e-01   0.0000000000e+00   4.9152175177e-01   0.0000000000e+00   0.0000000000e+00   3.9000296124e-01
   9.5423912412e+02   1.1847528699e-01   0.0000000000e+00   4.9152175177e-01   0.0000000000e+00   0.0000000000e+00   3.9000296124e-01
   9.5423912412e+02   1.1847528699e-01   0.0000000000e+00   4.9152175177e-01   0.0000000000e+00   0.0000000000e+00   3.9000296124e-01
   9.5373645004e+02   1.1824104116e-01   0.0000000000e+00   4.9252709992e-01   0.0000000000e+00   0.0000000000e+00   3.8923185892e-01
   9.5373645004e+02   1.1824104116e-01   0.0000000000e+00   4.9252709992e-01   0.0000000000e+00   0.0000000000e+00   3.8923185892e-01
   9.5373645004e+02   1.1824104116e-01   0.0000000000e+00   4.9252709992e-01   0.0000000000e+00   0.0000000000e+00   3.8923185892e-01
   9.5373645004e+02   1.1824104116e-01   0.0000000000e+00   4.9252709992e-01   0.0000000000e+00   0.0000000000e+00   3.8923185892e-01
   9.5524447227e+02   1.1894377866e-01   0.0000000000e+00   4.8951105545e-01   0.0000000000e+00   0.0000000000e+00   3.9154516589e-01
   9.5524447227e+02   1.1894377866e-01   0.0000000000e+00   4.8951105545e-01   0.0000000000e+00   0.0000000000e+00   3.9154516589e-01
   9.5524447227e+02   1.1894377866e-01   0.0000000000e+00   4.8951105545e-01   0.0000000000e+00   0.0000000000e+00   3.9154516589e-01
   9.5524447227e+02   1.1894377866e-01   0.0000000000e+00   4.8951105545e-01   0.0000000000e+00   0.0000000000e+00   3.9154516589e-01
   9.5373645004e+02   1.1824104116e-01   0.0000000000e+00   4.9252709992e-01   0.0000000000e+00   0.0000000000e+00   3.8923185892e-01
   9.5373645004e+02   1.1824104116e-01   0.0000000000e+00   4.9252709992e-01   0.0000000000e+00   0.0000000000e+00   3.8923185892e-01
   9.5373645004e+02   1.1824104116e-01   0.0000000000e+00   4.9252709992e-01   0.0000000000e+00   0.0000000000e+00   3.8923185892e-01
   9.5373645004e+02   1.1824104116e-01   0.0000000000e+00   4.9252709992e-01   0.0000000000e+00   0.0000000000e+00   3.8923185892e-01
   9.4759536523e+02   1.1537929914e-01   0.0000000000e+00   5.0480926955e-01   0.0000000000e+00   0.0000000000e+00   3.7981143132e-01
   9.4759536523e+02   1.1537929914e-01   0.0000000000e+00   5.0480926955e-01   0.0000000000e+00   0.0000000000e+00   3.7981143132e-01
   9.4834594155e+02   1.1572906728e-01   0.0000000000e+00   5.0330811689e-01   0.0000000000e+00   0.0000000000e+00   3.8096281583e-01
   9.4834594155e+02   1.1572906728e-01   0.0000000000e+00   5.0330811689e-01   0.0000000000e+00   0.0000000000e+00   3.8096281583e-01
   9.4834594155e+02   1.1572906728e-01   0.0000000000e+00   5.0330811689e-01   0.0000000000e+00   0.0000000000e+00   3.8096281583e-01
   9.4834594155e+02   1.1572906728e-01   0.0000000000e+00   5.0330811689e-01   0.0000000000e+00   0.0000000000e+00   3.8096281583e-01
   9.4759536523e+02   1.1537929914e-01   0.0000000000e+00   5.0480926955e-01   0.0000000000e+00   0.0000000000e+00   3.7981143132e-01
   9.4759536523e+02   1.1537929914e-01   0.0000000000e+00   5.0480926955e-01   0.0000000000e+00   0.0000000000e+00   3.7981143132e-01
   9.4834594155e+02   1.1572906728e-01   0.0000000000e+00   5.0330811689e-01   0.0000000000e+00   0.0000000000e+00   3.8096281583e-01
   9.4834594155e+02   1.1572906728e-01   0.0000000000e+00   5.0330811689e-01   0.0000000000e+00   0.0000000000e+00   3.8096281583e-01
   9.4834594155e+02   1.1572906728e-01   0.0000000000e+00   5.0330811689e-01   0.0000000000e+00   0.0000000000e+00   3.8096281583e-01
   9.4834594155e+02   1.1572906728e-01   0.0000000000e+00   5.0330811689e-01   0.0000000000e+00   0.0000000000e+00   3.8096281583e-01
   9.4766429869e+02   1.1541142209e-01   0.0000000000e+00   5.0467140261e-01   0.0000000000e+00   0.0000000000e+00   3.7991717530e-01
   9.4766429869e+02   1.1541142209e-01   0.0000000000e+00   5.0467140261e-01   0.0000000000e+00   0.0000000000e+00   3.7991717530e-01
   9.4766429869e+02   1.1541142209e-01   0.0000000000e+00   5.0467140261e-01   0.0000000000e+00   0.0000000000e+00   3.7991717530e-01
   9.4766429869e+02   1.1541142209e-01   0.0000000000e+00   5.0467140261e-01   0.0000000000e+00   0.0000000000e+00   3.7991717530e-01
   9.4749906237e+02   1.1533442206e-01   0.0000000000e+00   5.0500187526e-01   0.0000000000e+00   0.0000000000e+00   3.7966370268e-01
   9.4749906237e+02   1.1533442206e-01   0.0000000000e+00   5.0500187526e-01   0.0000000000e+00   0.0000000000e+00   3.7966370268e-01
   9.4749906237e+02   1.1533442206e-01   0.0000000000e+00   5.0500187526e-01   0.0000000000e+00   0.0000000000e+00   3.7966370268e-01
   9.4749906237e+02   1.1533442206e-01   0.0000000000e+00   5.0500187526e-01   0.0000000000e+00   0.0000000000e+00   3.7966370268e-01
   9.4723752319e+02   1.1521254495e-01   0.0000000000e+00   5.0552495362e-01   0.0000000000e+00   0.0000000000e+00   3.7926250143e-01
   9.4723752319e+02   1.1521254495e-01   0.0000000000e+00   5.0552495362e-01   0.0000000000e+00   0.0000000000e+00   3.7926250143e-01
   9.4723752319e+02   1.1521254495e-01   0.0000000000e+00   5.0552495362e-01   0.0000000000e+00   0.0000000000e+00   3.7926250143e-01
   9.4723752319e+02   1.1521254495e-01   0.0000000000e+00   5.0552495362e-01   0.0000000000e+00   0.0000000000e+00   3.7926250143e-01
   9.4736829278e+02   1.1527348351e-01   0.0000000000e+00   5.0526341444e-01   0.0000000000e+00   0.0000000000e+00   3.7946310206e-01
   9.4736829278e+02   1.1527348351e-01   0.0000000000e+00   5.0526341444e-01   0.0000000000e+00   0.0000000000e+00   3.7946310206e-01
   9.4736829278e+02   1.1527348351e-01   0.0000000000e+00   5.0526341444e-01   0.0000000000e+00   0.0000000000e+00   3.7946310206e-01
   9.4736829278e+02   1.1527348351e-01   0.0000000000e+00   5.0526341444e-01   0.0000000000e+00   0.0000000000e+00   3.7946310206e-01
   9.4736829278e+02   1.1527348351e-01   0.0000000000e+00   5.0526341444e-01   0.0000000000e+00   0.0000000000e+00   3.7946310206e-01
   9.4736829278e+02   1.1527348351e-01   0.0000000000e+00   5.0526341444e-01   0.0000000000e+00   0.0000000000e+00   3.7946310206e-01
   9.4736829278e+02   1.1527348351e-01   0.0000000000e+00   5.0526341444e-01   0.0000000000e+00   0.0000000000e+00   3.7946310206e-01
   9.4736829278e+02   1.1527348351e-01   0.0000000000e+00   5.0526341444e-01   0.0000000000e+00   0.0000000000e+00   3.7946310206e-01