# time = 48.4994
# Grid Poins = 256    variable_0    variable_1    variable_2    variable_3    variable_4    variable_5    variable_6
   9.4986058714e+02   1.1643489126e-01   0.0000000000e+00   5.0027882572e-01   0.0000000000e+00   0.0000000000e+00   3.8328628302e-01
   9.4986058714e+02   1.1643489126e-01   0.0000000000e+00   5.0027882572e-01   0.0000000000e+00   0.0000000000e+00   3.8328628302e-01
   9.4983227634e+02   1.1642169844e-01   0.0000000000e+00   5.0033544732e-01   0.0000000000e+00   0.0000000000e+00   3.8324285424e-01
   9.4983227634e+02   1.1642169844e-01   0.0000000000e+00   5.0033544732e-01   0.0000000000e+00   0.0000000000e+00   3.8324285424e-01
   9.4985614787e+02   1.1643282256e-01   0.0000000000e+00   5.0028770425e-01   0.0000000000e+00   0.0000000000e+00   3.8327947319e-01
   9.4985614787e+02   1.1643282256e-01   0.0000000000e+00   5.0028770425e-01   0.0000000000e+00   0.0000000000e+00   3.8327947319e-01
   9.4985614787e+02   1.1643282256e-01   0.0000000000e+00   5.0028770425e-01   0.0000000000e+00   0.0000000000e+00   3.8327947319e-01
   9.4985614787e+02   1.1643282256e-01   0.0000000000e+00   5.0028770425e-01   0.0000000000e+00   0.0000000000e+00   3.8327947319e-01
   9.4985614787e+02   1.1643282256e-01   0.0000000000e+00   5.0028770425e-01   0.0000000000e+00   0.0000000000e+00   3.8327947319e-01
   9.4985614787e+02   1.1643282256e-01   0.0000000000e+00   5.0028770425e-01   0.0000000000e+00   0.0000000000e+00   3.8327947319e-01
   9.4985614787e+02   1.1643282256e-01   0.0000000000e+00   5.0028770425e-01   0.0000000000e+00   0.0000000000e+00   3.8327947319e-01
   9.4985614787e+02   1.1643282256e-01   0.0000000000e+00   5.0028770425e-01   0.0000000000e+00   0.0000000000e+00   3.8327947319e-01
   9.4984643174e+02   1.1642829485e-01   0.0000000000e+00   5.0030713652e-01   0.0000000000e+00   0.0000000000e+00   3.8326456863e-01
   9.4984643174e+02   1.1642829485e-01   0.0000000000e+00   5.0030713652e-01   0.0000000000e+00   0.0000000000e+00   3.8326456863e-01
   9.4984643174e+02   1.1642829485e-01   0.0000000000e+00   5.0030713652e-01   0.0000000000e+00   0.0000000000e+00   3.8326456863e-01
   9.4984643174e+02   1.1642829485e-01   0.0000000000e+00   5.0030713652e-01   0.0000000000e+00   0.0000000000e+00   3.8326456863e-01
   9.4997556717e+02   1.1648847188e-01   0.0000000000e+00   5.0004886567e-01   0.0000000000e+00   0.0000000000e+00   3.8346266245e-01
   9.4997556717e+02   1.1648847188e-01   0.0000000000e+00   5.0004886567e-01   0.0000000000e+00   0.0000000000e+00   3.8346266245e-01
   9.4997556717e+02   1.1648847188e-01   0.0000000000e+00   5.0004886567e-01   0.0000000000e+00   0.0000000000e+00   3.8346266245e-01
   9.4997556717e+02   1.1648847188e-01   0.0000000000e+00   5.0004886567e-01   0.0000000000e+00   0.0000000000e+00   3.8346266245e-01
   9.4997556717e+02   1.1648847188e-01   0.0000000000e+00   5.0004886567e-01   0.0000000000e+00   0.0000000000e+00   3.8346266245e-01
   9.4997556717e+02   1.1648847188e-01   0.0000000000e+00   5.0004886567e-01   0.0000000000e+00   0.0000000000e+00   3.8346266245e-01
   9.4997556717e+02   1.1648847188e-01   0.0000000000e+00   5.0004886567e-01   0.0000000000e+00   0.0000000000e+00   3.8346266245e-01
   9.4997556717e+02   1.1648847188e-01   0.0000000000e+00   5.0004886567e-01   0.0000000000e+00   0.0000000000e+00   3.8346266245e-01
   9.5000782864e+02   1.1650350571e-01   0.0000000000e+00   4.9998434272e-01   0.0000000000e+00   0.0000000000e+00   3.8351215157e-01
   9.5000782864e+02   1.1650350571e-01   0.0000000000e+00   4.9998434272e-01   0.0000000000e+00   0.0000000000e+00   3.8351215157e-01
   9.5000782864e+02   1.1650350571e-01   0.0000000000e+00   4.9998434272e-01   0.0000000000e+00   0.0000000000e+00   3.8351215157e-01
   9.5000782864e+02   1.1650350571e-01   0.0000000000e+00   4.9998434272e-01   0.0000000000e+00   0.0000000000e+00   3.8351215157e-01
   9.4997032643e+02   1.1648602970e-01   0.0000000000e+00   5.0005934714e-01   0.0000000000e+00   0.0000000000e+00   3.8345462316e-01
   9.4997032643e+02   1.1648602970e-01   0.0000000000e+00   5.0005934714e-01   0.0000000000e+00   0.0000000000e+00   3.8345462316e-01
   9.4997032643e+02   1.1648602970e-01   0.0000000000e+00   5.0005934714e-01   0.0000000000e+00   0.0000000000e+00   3.8345462316e-01
   9.4997032643e+02   1.1648602970e-01   0.0000000000e+00   5.0005934714e-01   0.0000000000e+00   0.0000000000e+00   3.8345462316e-01
   9.5000546708e+02   1.1650240522e-01   0.0000000000e+00   4.9998906585e-01   0.0000000000e+00   0.0000000000e+00   3.8350852893e-01
   9.5000546708e+02   1.1650240522e-01   0.0000000000e+00   4.9998906585e-01   0.0000000000e+00   0.0000000000e+00   3.8350852893e-01
   9.5000546708e+02   1.1650240522e-01   0.0000000000e+00   4.9998906585e-01   0.0000000000e+00   0.0000000000e+00   3.8350852893e-01
   9.5000546708e+02   1.1650240522e-01   0.0000000000e+00   4.9998906585e-01   0.0000000000e+00   0.0000000000e+00   3.8350852893e-01
   9.4995250991e+02   1.1647772722e-01   0.0000000000e+00   5.0009498018e-01   0.0000000000e+00   0.0000000000e+00   3.8342729261e-01
   9.4995250991e+02   1.1647772722e-01   0.0000000000e+00   5.0009498018e-01   0.0000000000e+00   0.0000000000e+00   3.8342729261e-01
   9.4995250991e+02   1.1647772722e-01   0.0000000000e+00   5.0009498018e-01   0.0000000000e+00   0.0000000000e+00   3.8342729261e-01
   9.4995250991e+02   1.1647772722e-01   0.0000000000e+00   5.0009498018e-01   0.0000000000e+00   0.0000000000e+00   3.8342729261e-01
   9.4987525312e+02   1.1644172560e-01   0.0000000000e+00   5.0024949376e-01   0.0000000000e+00   0.0000000000e+00   3.8330878065e-01
   9.4987525312e+02   1.1644172560e-01   0.0000000000e+00   5.0024949376e-01   0.0000000000e+00   0.0000000000e+00   3.8330878065e-01
   9.5008359545e+02   1.1653881300e-01   0.0000000000e+00   4.9983280910e-01   0.0000000000e+00   0.0000000000e+00   3.8362837790e-01
   9.5008359545e+02   1.1653881300e-01   0.0000000000e+00   4.9983280910e-01   0.0000000000e+00   0.0000000000e+00   3.8362837790e-01
   9.4997855270e+02   1.1648986314e-01   0.0000000000e+00   5.0004289460e-01   0.0000000000e+00   0.0000000000e+00   3.8346724226e-01
   9.4997855270e+02   1.1648986314e-01   0.0000000000e+00   5.0004289460e-01   0.0000000000e+00   0.0000000000e+00   3.8346724226e-01
   9.4997855270e+02   1.1648986314e-01   0.0000000000e+00   5.0004289460e-01   0.0000000000e+00   0.0000000000e+00   3.8346724226e-01
   9.4997855270e+02   1.1648986314e-01   0.0000000000e+00   5.0004289460e-01   0.0000000000e+00   0.0000000000e+00   3.8346724226e-01
   9.4984905992e+02   1.1642951958e-01   0.0000000000e+00   5.0030188016e-01   0.0000000000e+00   0.0000000000e+00   3.8326860026e-01
   9.4984905992e+02   1.1642951958e-01   0.0000000000e+00   5.0030188016e-01   0.0000000000e+00   0.0000000000e+00   3.8326860026e-01
   9.4984905992e+02   1.1642951958e-01   0.0000000000e+00   5.0030188016e-01   0.0000000000e+00   0.0000000000e+00   3.8326860026e-01
   9.4984905992e+02   1.1642951958e-01   0.0000000000e+00   5.0030188016e-01   0.0000000000e+00   0.0000000000e+00   3.8326860026e-01
   9.4984541723e+02   1.1642782209e-01   0.0000000000e+00   5.0030916554e-01   0.0000000000e+00   0.0000000000e+00   3.8326301238e-01
   9.4984541723e+02   1.1642782209e-01   0.0000000000e+00   5.0030916554e-01   0.0000000000e+00   0.0000000000e+00   3.8326301238e-01
   9.4984541723e+02   1.1642782209e-01   0.0000000000e+00   5.0030916554e-01   0.0000000000e+00   0.0000000000e+00   3.8326301238e-01
   9.4984541723e+02   1.1642782209e-01   0.0000000000e+00   5.0030916554e-01   0.0000000000e+00   0.0000000000e+00   3.8326301238e-01
   9.4984541723e+02   1.1642782209e-01   0.0000000000e+00   5.0030916554e-01   0.0000000000e+00   0.0000000000e+00   3.8326301238e-01
   9.4984541723e+02   1.1642782209e-01   0.0000000000e+00   5.0030916554e-01   0.0000000000e+00   0.0000000000e+00   3.8326301238e-01
   9.4984541723e+02   1.1642782209e-01   0.0000000000e+00   5.0030916554e-01   0.0000000000e+00   0.0000000000e+00   3.8326301238e-01
   9.4984541723e+02   1.1642782209e-01   0.0000000000e+00   5.0030916554e-01   0.0000000000e+00   0.0000000000e+00   3.8326301238e-01
   9.4984177455e+02   1.1642612460e-01   0.0000000000e+00   5.0031645091e-01   0.0000000000e+00   0.0000000000e+00   3.8325742449e-01
   9.4984177455e+02   1.1642612460e-01   0.0000000000e+00   5.0031645091e-01   0.0000000000e+00   0.0000000000e+00   3.8325742449e-01
   9.4984177455e+02   1.1642612460e-01   0.0000000000e+00   5.0031645091e-01   0.0000000000e+00   0.0000000000e+00   3.8325742449e-01
   9.4984177455e+02   1.1642612460e-01   0.0000000000e+00   5.0031645091e-01   0.0000000000e+00   0.0000000000e+00   3.8325742449e-01
   9.5005545966e+02   1.1652570174e-01   0.0000000000e+00   4.9988908069e-01   0.0000000000e+00   0.0000000000e+00   3.8358521757e-01
   9.5005545966e+02   1.1652570174e-01   0.0000000000e+00   4.9988908069e-01   0.0000000000e+00   0.0000000000e+00   3.8358521757e-01
   9.5005545966e+02   1.1652570174e-01   0.0000000000e+00   4.9988908069e-01   0.0000000000e+00   0.0000000000e+00   3.8358521757e-01
   9.5005545966e+02   1.1652570174e-01   0.0000000000e+00   4.9988908069e-01   0.0000000000e+00   0.0000000000e+00   3.8358521757e-01
   9.5012741302e+02   1.1655923196e-01   0.0000000000e+00   4.9974517396e-01   0.0000000000e+00   0.0000000000e+00   3.8369559407e-01
   9.5012741302e+02   1.1655923196e-01   0.0000000000e+00   4.9974517396e-01   0.0000000000e+00   0.0000000000e+00   3.8369559407e-01
   9.5014398129e+02   1.1656695277e-01   0.0000000000e+00   4.9971203742e-01   0.0000000000e+00   0.0000000000e+00   3.8372100981e-01
   9.5014398129e+02   1.1656695277e-01   0.0000000000e+00   4.9971203742e-01   0.0000000000e+00   0.0000000000e+00   3.8372100981e-01
   9.5005545966e+02   1.1652570174e-01   0.0000000000e+00   4.9988908069e-01   0.0000000000e+00   0.0000000000e+00   3.8358521757e-01
   9.5005545966e+02   1.1652570174e-01   0.0000000000e+00   4.9988908069e-01   0.0000000000e+00   0.0000000000e+00   3.8358521757e-01
   9.5005545966e+02   1.1652570174e-01   0.0000000000e+00   4.9988908069e-01   0.0000000000e+00   0.0000000000e+00   3.8358521757e-01
   9.5005545966e+02   1.1652570174e-01   0.0000000000e+00   4.9988908069e-01   0.0000000000e+00   0.0000000000e+00   3.8358521757e-01
   9.5005545966e+02   1.1652570174e-01   0.0000000000e+00   4.9988908069e-01   0.0000000000e+00   0.0000000000e+00   3.8358521757e-01
   9.5005545966e+02   1.1652570174e-01   0.0000000000e+00   4.9988908069e-01   0.0000000000e+00   0.0000000000e+00   3.8358521757e-01
   9.5005545966e+02   1.1652570174e-01   0.0000000000e+00   4.9988908069e-01   0.0000000000e+00   0.0000000000e+00   3.8358521757e-01
   9.5005545966e+02   1.1652570174e-01   0.0000000000e+00   4.9988908069e-01   0.0000000000e+00   0.0000000000e+00   3.8358521757e-01
   9.5011884620e+02   1.1655523983e-01   0.0000000000e+00   4.9976230760e-01   0.0000000000e+00   0.0000000000e+00   3.8368245257e-01
   9.5011884620e+02   1.1655523983e-01   0.0000000000e+00   4.9976230760e-01   0.0000000000e+00   0.0000000000e+00   3.8368245257e-01
   9.5011884620e+02   1.1655523983e-01   0.0000000000e+00   4.9976230760e-01   0.0000000000e+00   0.0000000000e+00   3.8368245257e-01
   9.5011884620e+02   1.1655523983e-01   0.0000000000e+00   4.9976230760e-01   0.0000000000e+00   0.0000000000e+00   3.8368245257e-01
   9.5005545966e+02   1.1652570174e-01   0.0000000000e+00   4.9988908069e-01   0.0000000000e+00   0.0000000000e+00   3.8358521757e-01
   9.5005545966e+02   1.1652570174e-01   0.0000000000e+00   4.9988908069e-01   0.0000000000e+00   0.0000000000e+00   3.8358521757e-01
   9.5005545966e+02   1.1652570174e-01   0.0000000000e+00   4.9988908069e-01   0.0000000000e+00   0.0000000000e+00   3.8358521757e-01
   9.5005545966e+02   1.1652570174e-01   0.0000000000e+00   4.9988908069e-01   0.0000000000e+00   0.0000000000e+00   3.8358521757e-01
   9.5014398129e+02   1.1656695277e-01   0.0000000000e+00   4.9971203742e-01   0.0000000000e+00   0.0000000000e+00   3.8372100981e-01
   9.5014398129e+02   1.1656695277e-01   0.0000000000e+00   4.9971203742e-01   0.0000000000e+00   0.0000000000e+00   3.8372100981e-01
   9.5011112743e+02   1.1655164289e-01   0.0000000000e+00   4.9977774514e-01   0.0000000000e+00   0.0000000000e+00   3.8367061197e-01
   9.5011112743e+02   1.1655164289e-01   0.0000000000e+00   4.9977774514e-01   0.0000000000e+00   0.0000000000e+00   3.8367061197e-01
   9.5014398129e+02   1.1656695277e-01   0.0000000000e+00   4.9971203742e-01   0.0000000000e+00   0.0000000000e+00   3.8372100981e-01
   9.5014398129e+02   1.1656695277e-01   0.0000000000e+00   4.9971203742e-01   0.0000000000e+00   0.0000000000e+00   3.8372100981e-01
   9.5011112743e+02   1.1655164289e-01   0.0000000000e+00   4.9977774514e-01   0.0000000000e+00   0.0000000000e+00   3.8367061197e-01
   9.5011112743e+02   1.1655164289e-01   0.0000000000e+00   4.9977774514e-01   0.0000000000e+00   0.0000000000e+00   3.8367061197e-01
   9.5011434866e+02   1.1655314398e-01   0.0000000000e+00   4.9977130267e-01   0.0000000000e+00   0.0000000000e+00   3.8367555335e-01
   9.5011434866e+02   1.1655314398e-01   0.0000000000e+00   4.9977130267e-01   0.0000000000e+00   0.0000000000e+00   3.8367555335e-01
   9.5011434866e+02   1.1655314398e-01   0.0000000000e+00   4.9977130267e-01   0.0000000000e+00   0.0000000000e+00   3.8367555335e-01
   9.5011434866e+02   1.1655314398e-01   0.0000000000e+00   4.9977130267e-01   0.0000000000e+00   0.0000000000e+00   3.8367555335e-01
   9.5011434866e+02   1.1655314398e-01   0.0000000000e+00   4.9977130267e-01   0.0000000000e+00   0.0000000000e+00   3.8367555335e-01
   9.5011434866e+02   1.1655314398e-01   0.0000000000e+00   4.9977130267e-01   0.0000000000e+00   0.0000000000e+00   3.8367555335e-01
   9.5011434866e+02   1.1655314398e-01   0.0000000000e+00   4.9977130267e-01   0.0000000000e+00   0.0000000000e+00   3.8367555335e-01
   9.5011434866e+02   1.1655314398e-01   0.0000000000e+00   4.9977130267e-01   0.0000000000e+00   0.0000000000e+00   3.8367555335e-01
   9.5011434866e+02   1.1655314398e-01   0.0000000000e+00   4.9977130267e-01   0.0000000000e+00   0.0000000000e+00   3.8367555335e-01
   9.5011434866e+02   1.1655314398e-01   0.0000000000e+00   4.9977130267e-01   0.0000000000e+00   0.0000000000e+00   3.8367555335e-01
   9.5011434866e+02   1.1655314398e-01   0.0000000000e+00   4.9977130267e-01   0.0000000000e+00   0.0000000000e+00   3.8367555335e-01
   9.5011434866e+02   1.1655314398e-01   0.0000000000e+00   4.9977130267e-01   0.0000000000e+00   0.0000000000e+00   3.8367555335e-01
   9.5011434866e+02   1.1655314398e-01   0.0000000000e+00   4.9977130267e-01   0.0000000000e+00   0.0000000000e+00   3.8367555335e-01
   9.5011434866e+02   1.1655314398e-01   0.0000000000e+00   4.9977130267e-01   0.0000000000e+00   0.0000000000e+00   3.8367555335e-01
   9.5011434866e+02   1.1655314398e-01   0.0000000000e+00   4.9977130267e-01   0.0000000000e+00   0.0000000000e+00   3.8367555335e-01
   9.5011434866e+02   1.1655314398e-01   0.0000000000e+00   4.9977130267e-01   0.0000000000e+00   0.0000000000e+00   3.8367555335e-01
   9.5013461286e+02   1.1656258709e-01   0.0000000000e+00   4.9973077428e-01   0.0000000000e+00   0.0000000000e+00   3.8370663864e-01
   9.5013461286e+02   1.1656258709e-01   0.0000000000e+00   4.9973077428e-01   0.0000000000e+00   0.0000000000e+00   3.8370663864e-01
   9.5013461286e+02   1.1656258709e-01   0.0000000000e+00   4.9973077428e-01   0.0000000000e+00   0.0000000000e+00   3.8370663864e-01
   9.5013461286e+02   1.1656258709e-01   0.0000000000e+00   4.9973077428e-01   0.0000000000e+00   0.0000000000e+00   3.8370663864e-01
   9.5009500359e+02   1.1654412919e-01   0.0000000000e+00   4.9980999283e-01   0.0000000000e+00   0.0000000000e+00   3.8364587798e-01
   9.5009500359e+02   1.1654412919e-01   0.0000000000e+00   4.9980999283e-01   0.0000000000e+00   0.0000000000e+00   3.8364587798e-01
   9.5009500359e+02   1.1654412919e-01   0.0000000000e+00   4.9980999283e-01   0.0000000000e+00   0.0000000000e+00   3.8364587798e-01
   9.5009500359e+02   1.1654412919e-01   0.0000000000e+00   4.9980999283e-01   0.0000000000e+00   0.0000000000e+00   3.8364587798e-01
   9.5008708273e+02   1.1654043807e-01   0.0000000000e+00   4.9982583454e-01   0.0000000000e+00   0.0000000000e+00   3.8363372739e-01
   9.5008708273e+02   1.1654043807e-01   0.0000000000e+00   4.9982583454e-01   0.0000000000e+00   0.0000000000e+00   3.8363372739e-01
   9.5008708273e+02   1.1654043807e-01   0.0000000000e+00   4.9982583454e-01   0.0000000000e+00   0.0000000000e+00   3.8363372739e-01
   9.5008708273e+02   1.1654043807e-01   0.0000000000e+00   4.9982583454e-01   0.0000000000e+00   0.0000000000e+00   3.8363372739e-01
   9.5011084530e+02   1.1655151142e-01   0.0000000000e+00   4.9977830940e-01   0.0000000000e+00   0.0000000000e+00   3.8367017918e-01
   9.5011084530e+02   1.1655151142e-01   0.0000000000e+00   4.9977830940e-01   0.0000000000e+00   0.0000000000e+00   3.8367017918e-01
   9.5011084530e+02   1.1655151142e-01   0.0000000000e+00   4.9977830940e-01   0.0000000000e+00   0.0000000000e+00   3.8367017918e-01
   9.5011084530e+02   1.1655151142e-01   0.0000000000e+00   4.9977830940e-01   0.0000000000e+00   0.0000000000e+00   3.8367017918e-01
   9.5011002253e+02   1.1655112801e-01   0.0000000000e+00   4.9977995494e-01   0.0000000000e+00   0.0000000000e+00   3.8366891705e-01
   9.5011002253e+02   1.1655112801e-01   0.0000000000e+00   4.9977995494e-01   0.0000000000e+00   0.0000000000e+00   3.8366891705e-01
   9.5011002253e+02   1.1655112801e-01   0.0000000000e+00   4.9977995494e-01   0.0000000000e+00   0.0000000000e+00   3.8366891705e-01
   9.5011002253e+02   1.1655112801e-01   0.0000000000e+00   4.9977995494e-01   0.0000000000e+00   0.0000000000e+00   3.8366891705e-01
   9.5011408676e+02   1.1655302194e-01   0.0000000000e+00   4.9977182648e-01   0.0000000000e+00   0.0000000000e+00   3.8367515158e-01
   9.5011408676e+02   1.1655302194e-01   0.0000000000e+00   4.9977182648e-01   0.0000000000e+00   0.0000000000e+00   3.8367515158e-01
   9.5011137727e+02   1.1655175932e-01   0.0000000000e+00   4.9977724545e-01   0.0000000000e+00   0.0000000000e+00   3.8367099523e-01
   9.5011137727e+02   1.1655175932e-01   0.0000000000e+00   4.9977724545e-01   0.0000000000e+00   0.0000000000e+00   3.8367099523e-01
   9.5013254748e+02   1.1656162462e-01   0.0000000000e+00   4.9973490504e-01   0.0000000000e+00   0.0000000000e+00   3.8370347034e-01
   9.5013254748e+02   1.1656162462e-01   0.0000000000e+00   4.9973490504e-01   0.0000000000e+00   0.0000000000e+00   3.8370347034e-01
   9.5013254748e+02   1.1656162462e-01   0.0000000000e+00   4.9973490504e-01   0.0000000000e+00   0.0000000000e+00   3.8370347034e-01
   9.5013254748e+02   1.1656162462e-01   0.0000000000e+00   4.9973490504e-01   0.0000000000e+00   0.0000000000e+00   3.8370347034e-01
   9.5013254748e+02   1.1656162462e-01   0.0000000000e+00   4.9973490504e-01   0.0000000000e+00   0.0000000000e+00   3.8370347034e-01
   9.5013254748e+02   1.1656162462e-01   0.0000000000e+00   4.9973490504e-01   0.0000000000e+00   0.0000000000e+00   3.8370347034e-01
   9.5013254748e+02   1.1656162462e-01   0.0000000000e+00   4.9973490504e-01   0.0000000000e+00   0.0000000000e+00   3.8370347034e-01
   9.5013254748e+02   1.1656162462e-01   0.0000000000e+00   4.9973490504e-01   0.0000000000e+00   0.0000000000e+00   3.8370347034e-01
   9.5008914900e+02   1.1654140095e-01   0.0000000000e+00   4.9982170200e-01   0.0000000000e+00   0.0000000000e+00   3.8363689705e-01
   9.5008914900e+02   1.1654140095e-01   0.0000000000e+00   4.9982170200e-01   0.0000000000e+00   0.0000000000e+00   3.8363689705e-01
   9.5008914900e+02   1.1654140095e-01   0.0000000000e+00   4.9982170200e-01   0.0000000000e+00   0.0000000000e+00   3.8363689705e-01
   9.5008914900e+02   1.1654140095e-01   0.0000000000e+00   4.9982170200e-01   0.0000000000e+00   0.0000000000e+00   3.8363689705e-01
   9.5011408676e+02   1.1655302194e-01   0.0000000000e+00   4.9977182648e-01   0.0000000000e+00   0.0000000000e+00   3.8367515158e-01
   9.5011408676e+02   1.1655302194e-01   0.0000000000e+00   4.9977182648e-01   0.0000000000e+00   0.0000000000e+00   3.8367515158e-01
   9.5011408676e+02   1.1655302194e-01   0.0000000000e+00   4.9977182648e-01   0.0000000000e+00   0.0000000000e+00   3.8367515158e-01
   9.5011408676e+02   1.1655302194e-01   0.0000000000e+00   4.9977182648e-01   0.0000000000e+00   0.0000000000e+00   3.8367515158e-01
   9.5013254748e+02   1.1656162462e-01   0.0000000000e+00   4.9973490504e-01   0.0000000000e+00   0.0000000000e+00   3.8370347034e-01
   9.5013254748e+02   1.1656162462e-01   0.0000000000e+00   4.9973490504e-01   0.0000000000e+00   0.0000000000e+00   3.8370347034e-01
   9.5013254748e+02   1.1656162462e-01   0.0000000000e+00   4.9973490504e-01   0.0000000000e+00   0.0000000000e+00   3.8370347034e-01
   9.5013254748e+02   1.1656162462e-01   0.0000000000e+00   4.9973490504e-01   0.0000000000e+00   0.0000000000e+00   3.8370347034e-01
   9.5013254748e+02   1.1656162462e-01   0.0000000000e+00   4.9973490504e-01   0.0000000000e+00   0.0000000000e+00   3.8370347034e-01
   9.5013254748e+02   1.1656162462e-01   0.0000000000e+00   4.9973490504e-01   0.0000000000e+00   0.0000000000e+00   3.8370347034e-01
   9.5013254748e+02   1.1656162462e-01   0.0000000000e+00   4.9973490504e-01   0.0000000000e+00   0.0000000000e+00   3.8370347034e-01
   9.5013254748e+02   1.1656162462e-01   0.0000000000e+00   4.9973490504e-01   0.0000000000e+00   0.0000000000e+00   3.8370347034e-01
   9.5002471502e+02   1.1651137475e-01   0.0000000000e+00   4.9995056996e-01   0.0000000000e+00   0.0000000000e+00   3.8353805528e-01
   9.5002471502e+02   1.1651137475e-01   0.0000000000e+00   4.9995056996e-01   0.0000000000e+00   0.0000000000e+00   3.8353805528e-01
   9.4995673316e+02   1.1647969525e-01   0.0000000000e+00   5.0008653369e-01   0.0000000000e+00   0.0000000000e+00   3.8343377107e-01
   9.4995673316e+02   1.1647969525e-01   0.0000000000e+00   5.0008653369e-01   0.0000000000e+00   0.0000000000e+00   3.8343377107e-01
   9.4995673316e+02   1.1647969525e-01   0.0000000000e+00   5.0008653369e-01   0.0000000000e+00   0.0000000000e+00   3.8343377107e-01
   9.4995673316e+02   1.1647969525e-01   0.0000000000e+00   5.0008653369e-01   0.0000000000e+00   0.0000000000e+00   3.8343377107e-01
   9.5002471502e+02   1.1651137475e-01   0.0000000000e+00   4.9995056996e-01   0.0000000000e+00   0.0000000000e+00   3.8353805528e-01
   9.5002471502e+02   1.1651137475e-01   0.0000000000e+00   4.9995056996e-01   0.0000000000e+00   0.0000000000e+00   3.8353805528e-01
   9.5004737564e+02   1.1652193459e-01   0.0000000000e+00   4.9990524872e-01   0.0000000000e+00   0.0000000000e+00   3.8357281669e-01
   9.5004737564e+02   1.1652193459e-01   0.0000000000e+00   4.9990524872e-01   0.0000000000e+00   0.0000000000e+00   3.8357281669e-01
   9.5004737564e+02   1.1652193459e-01   0.0000000000e+00   4.9990524872e-01   0.0000000000e+00   0.0000000000e+00   3.8357281669e-01
   9.5004737564e+02   1.1652193459e-01   0.0000000000e+00   4.9990524872e-01   0.0000000000e+00   0.0000000000e+00   3.8357281669e-01
   9.4997939378e+02   1.1649025508e-01   0.0000000000e+00   5.0004121245e-01   0.0000000000e+00   0.0000000000e+00   3.8346853247e-01
   9.4997939378e+02   1.1649025508e-01   0.0000000000e+00   5.0004121245e-01   0.0000000000e+00   0.0000000000e+00   3.8346853247e-01
   9.4997939378e+02   1.1649025508e-01   0.0000000000e+00   5.0004121245e-01   0.0000000000e+00   0.0000000000e+00   3.8346853247e-01
   9.4997939378e+02   1.1649025508e-01   0.0000000000e+00   5.0004121245e-01   0.0000000000e+00   0.0000000000e+00   3.8346853247e-01
   9.5002108873e+02   1.1650968491e-01   0.0000000000e+00   4.9995782253e-01   0.0000000000e+00   0.0000000000e+00   3.8353249256e-01
   9.5002108873e+02   1.1650968491e-01   0.0000000000e+00   4.9995782253e-01   0.0000000000e+00   0.0000000000e+00   3.8353249256e-01
   9.5000006338e+02   1.1649988711e-01   0.0000000000e+00   4.9999987323e-01   0.0000000000e+00   0.0000000000e+00   3.8350023966e-01
   9.5000006338e+02   1.1649988711e-01   0.0000000000e+00   4.9999987323e-01   0.0000000000e+00   0.0000000000e+00   3.8350023966e-01
   9.5000069398e+02   1.1650018096e-01   0.0000000000e+00   4.9999861205e-01   0.0000000000e+00   0.0000000000e+00   3.8350120699e-01
   9.5000069398e+02   1.1650018096e-01   0.0000000000e+00   4.9999861205e-01   0.0000000000e+00   0.0000000000e+00   3.8350120699e-01
   9.5000006338e+02   1.1649988711e-01   0.0000000000e+00   4.9999987323e-01   0.0000000000e+00   0.0000000000e+00   3.8350023966e-01
   9.5000006338e+02   1.1649988711e-01   0.0000000000e+00   4.9999987323e-01   0.0000000000e+00   0.0000000000e+00   3.8350023966e-01
   9.5002108873e+02   1.1650968491e-01   0.0000000000e+00   4.9995782253e-01   0.0000000000e+00   0.0000000000e+00   3.8353249256e-01
   9.5002108873e+02   1.1650968491e-01   0.0000000000e+00   4.9995782253e-01   0.0000000000e+00   0.0000000000e+00   3.8353249256e-01
   9.5000006338e+02   1.1649988711e-01   0.0000000000e+00   4.9999987323e-01   0.0000000000e+00   0.0000000000e+00   3.8350023966e-01
   9.5000006338e+02   1.1649988711e-01   0.0000000000e+00   4.9999987323e-01   0.0000000000e+00   0.0000000000e+00   3.8350023966e-01
   9.4997872274e+02   1.1648994238e-01   0.0000000000e+00   5.0004255452e-01   0.0000000000e+00   0.0000000000e+00   3.8346750310e-01
   9.4997872274e+02   1.1648994238e-01   0.0000000000e+00   5.0004255452e-01   0.0000000000e+00   0.0000000000e+00   3.8346750310e-01
   9.4997872274e+02   1.1648994238e-01   0.0000000000e+00   5.0004255452e-01   0.0000000000e+00   0.0000000000e+00   3.8346750310e-01
   9.4997872274e+02   1.1648994238e-01   0.0000000000e+00   5.0004255452e-01   0.0000000000e+00   0.0000000000e+00   3.8346750310e-01
   9.4982821738e+02   1.1641980697e-01   0.0000000000e+00   5.0034356524e-01   0.0000000000e+00   0.0000000000e+00   3.8323662779e-01
   9.4982821738e+02   1.1641980697e-01   0.0000000000e+00   5.0034356524e-01   0.0000000000e+00   0.0000000000e+00   3.8323662779e-01
   9.4982821738e+02   1.1641980697e-01   0.0000000000e+00   5.0034356524e-01   0.0000000000e+00   0.0000000000e+00   3.8323662779e-01
   9.4982821738e+02   1.1641980697e-01   0.0000000000e+00   5.0034356524e-01   0.0000000000e+00   0.0000000000e+00   3.8323662779e-01
   9.4982782214e+02   1.1641962279e-01   0.0000000000e+00   5.0034435572e-01   0.0000000000e+00   0.0000000000e+00   3.8323602149e-01
   9.4982782214e+02   1.1641962279e-01   0.0000000000e+00   5.0034435572e-01   0.0000000000e+00   0.0000000000e+00   3.8323602149e-01
   9.4982782214e+02   1.1641962279e-01   0.0000000000e+00   5.0034435572e-01   0.0000000000e+00   0.0000000000e+00   3.8323602149e-01
   9.4982782214e+02   1.1641962279e-01   0.0000000000e+00   5.0034435572e-01   0.0000000000e+00   0.0000000000e+00   3.8323602149e-01
   9.4991887710e+02   1.1646205434e-01   0.0000000000e+00   5.0016224581e-01   0.0000000000e+00   0.0000000000e+00   3.8337569985e-01
   9.4991887710e+02   1.1646205434e-01   0.0000000000e+00   5.0016224581e-01   0.0000000000e+00   0.0000000000e+00   3.8337569985e-01
   9.4991887710e+02   1.1646205434e-01   0.0000000000e+00   5.0016224581e-01   0.0000000000e+00   0.0000000000e+00   3.8337569985e-01
   9.4991887710e+02   1.1646205434e-01   0.0000000000e+00   5.0016224581e-01   0.0000000000e+00   0.0000000000e+00   3.8337569985e-01
   9.4991720149e+02   1.1646127351e-01   0.0000000000e+00   5.0016559701e-01   0.0000000000e+00   0.0000000000e+00   3.8337312947e-01
   9.4991720149e+02   1.1646127351e-01   0.0000000000e+00   5.0016559701e-01   0.0000000000e+00   0.0000000000e+00   3.8337312947e-01
   9.4991720149e+02   1.1646127351e-01   0.0000000000e+00   5.0016559701e-01   0.0000000000e+00   0.0000000000e+00   3.8337312947e-01
   9.4991720149e+02   1.1646127351e-01   0.0000000000e+00   5.0016559701e-01   0.0000000000e+00   0.0000000000e+00   3.8337312947e-01
   9.4993325620e+02   1.1646875500e-01   0.0000000000e+00   5.0013348761e-01   0.0000000000e+00   0.0000000000e+00   3.8339775740e-01
   9.4993325620e+02   1.1646875500e-01   0.0000000000e+00   5.0013348761e-01   0.0000000000e+00   0.0000000000e+00   3.8339775740e-01
   9.4993325620e+02   1.1646875500e-01   0.0000000000e+00   5.0013348761e-01   0.0000000000e+00   0.0000000000e+00   3.8339775740e-01
   9.4993325620e+02   1.1646875500e-01   0.0000000000e+00   5.0013348761e-01   0.0000000000e+00   0.0000000000e+00   3.8339775740e-01
   9.4982811857e+02   1.1641976092e-01   0.0000000000e+00   5.0034376286e-01   0.0000000000e+00   0.0000000000e+00   3.8323647622e-01
   9.4982811857e+02   1.1641976092e-01   0.0000000000e+00   5.0034376286e-01   0.0000000000e+00   0.0000000000e+00   3.8323647622e-01
   9.4982811857e+02   1.1641976092e-01   0.0000000000e+00   5.0034376286e-01   0.0000000000e+00   0.0000000000e+00   3.8323647622e-01
   9.4982811857e+02   1.1641976092e-01   0.0000000000e+00   5.0034376286e-01   0.0000000000e+00   0.0000000000e+00   3.8323647622e-01
   9.4993325620e+02   1.1646875500e-01   0.0000000000e+00   5.0013348761e-01   0.0000000000e+00   0.0000000000e+00   3.8339775740e-01
   9.4993325620e+02   1.1646875500e-01   0.0000000000e+00   5.0013348761e-01   0.0000000000e+00   0.0000000000e+00   3.8339775740e-01
   9.4993325620e+02   1.1646875500e-01   0.0000000000e+00   5.0013348761e-01   0.0000000000e+00   0.0000000000e+00   3.8339775740e-01
   9.4993325620e+02   1.1646875500e-01   0.0000000000e+00   5.0013348761e-01   0.0000000000e+00   0.0000000000e+00   3.8339775740e-01
   9.4982831619e+02   1.1641985301e-01   0.0000000000e+00   5.0034336762e-01   0.0000000000e+00   0.0000000000e+00   3.8323677937e-01
   9.4982831619e+02   1.1641985301e-01   0.0000000000e+00   5.0034336762e-01   0.0000000000e+00   0.0000000000e+00   3.8323677937e-01
   9.4982831619e+02   1.1641985301e-01   0.0000000000e+00   5.0034336762e-01   0.0000000000e+00   0.0000000000e+00   3.8323677937e-01
   9.4982831619e+02   1.1641985301e-01   0.0000000000e+00   5.0034336762e-01   0.0000000000e+00   0.0000000000e+00   3.8323677937e-01
   9.4991803929e+02   1.1646166393e-01   0.0000000000e+00   5.0016392141e-01   0.0000000000e+00   0.0000000000e+00   3.8337441466e-01
   9.4991803929e+02   1.1646166393e-01   0.0000000000e+00   5.0016392141e-01   0.0000000000e+00   0.0000000000e+00   3.8337441466e-01
   9.4991803929e+02   1.1646166393e-01   0.0000000000e+00   5.0016392141e-01   0.0000000000e+00   0.0000000000e+00   3.8337441466e-01
   9.4991803929e+02   1.1646166393e-01   0.0000000000e+00   5.0016392141e-01   0.0000000000e+00   0.0000000000e+00   3.8337441466e-01
   9.4991803929e+02   1.1646166393e-01   0.0000000000e+00   5.0016392141e-01   0.0000000000e+00   0.0000000000e+00   3.8337441466e-01
   9.4991803929e+02   1.1646166393e-01   0.0000000000e+00   5.0016392141e-01   0.0000000000e+00   0.0000000000e+00   3.8337441466e-01
   9.4991803929e+02   1.1646166393e-01   0.0000000000e+00   5.0016392141e-01   0.0000000000e+00   0.0000000000e+00   3.8337441466e-01
   9.4991803929e+02   1.1646166393e-01   0.0000000000e+00   5.0016392141e-01   0.0000000000e+00   0.0000000000e+00   3.8337441466e-01
   9.4985535961e+02   1.1643245523e-01   0.0000000000e+00   5.0028928078e-01   0.0000000000e+00   0.0000000000e+00   3.8327826399e-01
   9.4985535961e+02   1.1643245523e-01   0.0000000000e+00   5.0028928078e-01   0.0000000000e+00   0.0000000000e+00   3.8327826399e-01
   9.4985535961e+02   1.1643245523e-01   0.0000000000e+00   5.0028928078e-01   0.0000000000e+00   0.0000000000e+00   3.8327826399e-01
   9.4985535961e+02   1.1643245523e-01   0.0000000000e+00   5.0028928078e-01   0.0000000000e+00   0.0000000000e+00   3.8327826399e-01
   9.4985535961e+02   1.1643245523e-01   0.0000000000e+00   5.0028928078e-01   0.0000000000e+00   0.0000000000e+00   3.8327826399e-01
   9.4985535961e+02   1.1643245523e-01   0.0000000000e+00   5.0028928078e-01   0.0000000000e+00   0.0000000000e+00   3.8327826399e-01
   9.4985535961e+02   1.1643245523e-01   0.0000000000e+00   5.0028928078e-01   0.0000000000e+00   0.0000000000e+00   3.8327826399e-01
   9.4985535961e+02   1.1643245523e-01   0.0000000000e+00   5.0028928078e-01   0.0000000000e+00   0.0000000000e+00   3.8327826399e-01
   9.5005624606e+02   1.1652606820e-01   0.0000000000e+00   4.9988750789e-01   0.0000000000e+00   0.0000000000e+00   3.8358642391e-01
   9.5005624606e+02   1.1652606820e-01   0.0000000000e+00   4.9988750789e-01   0.0000000000e+00   0.0000000000e+00   3.8358642391e-01
   9.5005624606e+02   1.1652606820e-01   0.0000000000e+00   4.9988750789e-01   0.0000000000e+00   0.0000000000e+00   3.8358642391e-01
   9.5005624606e+02   1.1652606820e-01   0.0000000000e+00   4.9988750789e-01   0.0000000000e+00   0.0000000000e+00   3.8358642391e-01
   9.5005624606e+02   1.1652606820e-01   0.0000000000e+00   4.9988750789e-01   0.0000000000e+00   0.0000000000e+00   3.8358642391e-01
   9.5005624606e+02   1.1652606820e-01   0.0000000000e+00   4.9988750789e-01   0.0000000000e+00   0.0000000000e+00   3.8358642391e-01
   9.5005624606e+02   1.1652606820e-01   0.0000000000e+00   4.9988750789e-01   0.0000000000e+00   0.0000000000e+00   3.8358642391e-01
   9.5005624606e+02   1.1652606820e-01   0.0000000000e+00   4.9988750789e-01   0.0000000000e+00   0.0000000000e+00   3.8358642391e-01
   9.5005624606e+02   1.1652606820e-01   0.0000000000e+00   4.9988750789e-01   0.0000000000e+00   0.0000000000e+00   3.8358642391e-01
   9.5005624606e+02   1.1652606820e-01   0.0000000000e+00   4.9988750789e-01   0.0000000000e+00   0.0000000000e+00   3.8358642391e-01
   9.5005624606e+02   1.1652606820e-01   0.0000000000e+00   4.9988750789e-01   0.0000000000e+00   0.0000000000e+00   3.8358642391e-01
   9.5005624606e+02   1.1652606820e-01   0.0000000000e+00   4.9988750789e-01   0.0000000000e+00   0.0000000000e+00   3.8358642391e-01
   9.5005624606e+02   1.1652606820e-01   0.0000000000e+00   4.9988750789e-01   0.0000000000e+00   0.0000000000e+00   3.8358642391e-01
   9.5005624606e+02   1.1652606820e-01   0.0000000000e+00   4.9988750789e-01   0.0000000000e+00   0.0000000000e+00   3.8358642391e-01
   9.5005624606e+02   1.1652606820e-01   0.0000000000e+00   4.9988750789e-01   0.0000000000e+00   0.0000000000e+00   3.8358642391e-01
   9.5005624606e+02   1.1652606820e-01   0.0000000000e+00   4.9988750789e-01   0.0000000000e+00   0.0000000000e+00   3.8358642391e-01