# time = 86.8016
# Grid Poins = 256    variable_0    variable_1    variable_2    variable_3    variable_4    variable_5    variable_6
   9.5000008403e+02   1.1649989673e-01   0.0000000000e+00   4.9999983194e-01   0.0000000000e+00   0.0000000000e+00   3.8350027133e-01
   9.5000008403e+02   1.1649989673e-01   0.0000000000e+00   4.9999983194e-01   0.0000000000e+00   0.0000000000e+00   3.8350027133e-01
   9.5000008403e+02   1.1649989673e-01   0.0000000000e+00   4.9999983194e-01   0.0000000000e+00   0.0000000000e+00   3.8350027133e-01
   9.5000008403e+02   1.1649989673e-01   0.0000000000e+00   4.9999983194e-01   0.0000000000e+00   0.0000000000e+00   3.8350027133e-01
   9.5000008403e+02   1.1649989673e-01   0.0000000000e+00   4.9999983194e-01   0.0000000000e+00   0.0000000000e+00   3.8350027133e-01
   9.5000008403e+02   1.1649989673e-01   0.0000000000e+00   4.9999983194e-01   0.0000000000e+00   0.0000000000e+00   3.8350027133e-01
   9.5000008403e+02   1.1649989673e-01   0.0000000000e+00   4.9999983194e-01   0.0000000000e+00   0.0000000000e+00   3.8350027133e-01
   9.5000008403e+02   1.1649989673e-01   0.0000000000e+00   4.9999983194e-01   0.0000000000e+00   0.0000000000e+00   3.8350027133e-01
   9.5000009206e+02   1.1649990047e-01   0.0000000000e+00   4.9999981589e-01   0.0000000000e+00   0.0000000000e+00   3.8350028364e-01
   9.5000009206e+02   1.1649990047e-01   0.0000000000e+00   4.9999981589e-01   0.0000000000e+00   0.0000000000e+00   3.8350028364e-01
   9.5000009206e+02   1.1649990047e-01   0.0000000000e+00   4.9999981589e-01   0.0000000000e+00   0.0000000000e+00   3.8350028364e-01
   9.5000009206e+02   1.1649990047e-01   0.0000000000e+00   4.9999981589e-01   0.0000000000e+00   0.0000000000e+00   3.8350028364e-01
   9.5000007868e+02   1.1649989423e-01   0.0000000000e+00   4.9999984264e-01   0.0000000000e+00   0.0000000000e+00   3.8350026313e-01
   9.5000007868e+02   1.1649989423e-01   0.0000000000e+00   4.9999984264e-01   0.0000000000e+00   0.0000000000e+00   3.8350026313e-01
   9.5000007868e+02   1.1649989423e-01   0.0000000000e+00   4.9999984264e-01   0.0000000000e+00   0.0000000000e+00   3.8350026313e-01
   9.5000007868e+02   1.1649989423e-01   0.0000000000e+00   4.9999984264e-01   0.0000000000e+00   0.0000000000e+00   3.8350026313e-01
   9.5000017913e+02   1.1649994105e-01   0.0000000000e+00   4.9999964173e-01   0.0000000000e+00   0.0000000000e+00   3.8350041722e-01
   9.5000017913e+02   1.1649994105e-01   0.0000000000e+00   4.9999964173e-01   0.0000000000e+00   0.0000000000e+00   3.8350041722e-01
   9.5000017913e+02   1.1649994105e-01   0.0000000000e+00   4.9999964173e-01   0.0000000000e+00   0.0000000000e+00   3.8350041722e-01
   9.5000017913e+02   1.1649994105e-01   0.0000000000e+00   4.9999964173e-01   0.0000000000e+00   0.0000000000e+00   3.8350041722e-01
   9.5000017913e+02   1.1649994105e-01   0.0000000000e+00   4.9999964173e-01   0.0000000000e+00   0.0000000000e+00   3.8350041722e-01
   9.5000017913e+02   1.1649994105e-01   0.0000000000e+00   4.9999964173e-01   0.0000000000e+00   0.0000000000e+00   3.8350041722e-01
   9.5000017913e+02   1.1649994105e-01   0.0000000000e+00   4.9999964173e-01   0.0000000000e+00   0.0000000000e+00   3.8350041722e-01
   9.5000017913e+02   1.1649994105e-01   0.0000000000e+00   4.9999964173e-01   0.0000000000e+00   0.0000000000e+00   3.8350041722e-01
   9.5000015769e+02   1.1649993105e-01   0.0000000000e+00   4.9999968461e-01   0.0000000000e+00   0.0000000000e+00   3.8350038433e-01
   9.5000015769e+02   1.1649993105e-01   0.0000000000e+00   4.9999968461e-01   0.0000000000e+00   0.0000000000e+00   3.8350038433e-01
   9.5000015769e+02   1.1649993105e-01   0.0000000000e+00   4.9999968461e-01   0.0000000000e+00   0.0000000000e+00   3.8350038433e-01
   9.5000015769e+02   1.1649993105e-01   0.0000000000e+00   4.9999968461e-01   0.0000000000e+00   0.0000000000e+00   3.8350038433e-01
   9.5000015769e+02   1.1649993105e-01   0.0000000000e+00   4.9999968461e-01   0.0000000000e+00   0.0000000000e+00   3.8350038433e-01
   9.5000015769e+02   1.1649993105e-01   0.0000000000e+00   4.9999968461e-01   0.0000000000e+00   0.0000000000e+00   3.8350038433e-01
   9.5000015769e+02   1.1649993105e-01   0.0000000000e+00   4.9999968461e-01   0.0000000000e+00   0.0000000000e+00   3.8350038433e-01
   9.5000015769e+02   1.1649993105e-01   0.0000000000e+00   4.9999968461e-01   0.0000000000e+00   0.0000000000e+00   3.8350038433e-01
   9.5000015329e+02   1.1649992900e-01   0.0000000000e+00   4.9999969341e-01   0.0000000000e+00   0.0000000000e+00   3.8350037758e-01
   9.5000015329e+02   1.1649992900e-01   0.0000000000e+00   4.9999969341e-01   0.0000000000e+00   0.0000000000e+00   3.8350037758e-01
   9.5000016209e+02   1.1649993311e-01   0.0000000000e+00   4.9999967581e-01   0.0000000000e+00   0.0000000000e+00   3.8350039108e-01
   9.5000016209e+02   1.1649993311e-01   0.0000000000e+00   4.9999967581e-01   0.0000000000e+00   0.0000000000e+00   3.8350039108e-01
   9.5000015769e+02   1.1649993105e-01   0.0000000000e+00   4.9999968461e-01   0.0000000000e+00   0.0000000000e+00   3.8350038433e-01
   9.5000015769e+02   1.1649993105e-01   0.0000000000e+00   4.9999968461e-01   0.0000000000e+00   0.0000000000e+00   3.8350038433e-01
   9.5000015769e+02   1.1649993105e-01   0.0000000000e+00   4.9999968461e-01   0.0000000000e+00   0.0000000000e+00   3.8350038433e-01
   9.5000015769e+02   1.1649993105e-01   0.0000000000e+00   4.9999968461e-01   0.0000000000e+00   0.0000000000e+00   3.8350038433e-01
   9.4999977823e+02   1.1649975422e-01   0.0000000000e+00   5.0000044354e-01   0.0000000000e+00   0.0000000000e+00   3.8349980223e-01
   9.4999977823e+02   1.1649975422e-01   0.0000000000e+00   5.0000044354e-01   0.0000000000e+00   0.0000000000e+00   3.8349980223e-01
   9.4999977823e+02   1.1649975422e-01   0.0000000000e+00   5.0000044354e-01   0.0000000000e+00   0.0000000000e+00   3.8349980223e-01
   9.4999977823e+02   1.1649975422e-01   0.0000000000e+00   5.0000044354e-01   0.0000000000e+00   0.0000000000e+00   3.8349980223e-01
   9.4999977869e+02   1.1649975444e-01   0.0000000000e+00   5.0000044262e-01   0.0000000000e+00   0.0000000000e+00   3.8349980294e-01
   9.4999977869e+02   1.1649975444e-01   0.0000000000e+00   5.0000044262e-01   0.0000000000e+00   0.0000000000e+00   3.8349980294e-01
   9.4999977869e+02   1.1649975444e-01   0.0000000000e+00   5.0000044262e-01   0.0000000000e+00   0.0000000000e+00   3.8349980294e-01
   9.4999977869e+02   1.1649975444e-01   0.0000000000e+00   5.0000044262e-01   0.0000000000e+00   0.0000000000e+00   3.8349980294e-01
   9.4999977915e+02   1.1649975465e-01   0.0000000000e+00   5.0000044171e-01   0.0000000000e+00   0.0000000000e+00   3.8349980364e-01
   9.4999977915e+02   1.1649975465e-01   0.0000000000e+00   5.0000044171e-01   0.0000000000e+00   0.0000000000e+00   3.8349980364e-01
   9.4999977915e+02   1.1649975465e-01   0.0000000000e+00   5.0000044171e-01   0.0000000000e+00   0.0000000000e+00   3.8349980364e-01
   9.4999977915e+02   1.1649975465e-01   0.0000000000e+00   5.0000044171e-01   0.0000000000e+00   0.0000000000e+00   3.8349980364e-01
   9.4999977869e+02   1.1649975444e-01   0.0000000000e+00   5.0000044262e-01   0.0000000000e+00   0.0000000000e+00   3.8349980294e-01
   9.4999977869e+02   1.1649975444e-01   0.0000000000e+00   5.0000044262e-01   0.0000000000e+00   0.0000000000e+00   3.8349980294e-01
   9.4999977869e+02   1.1649975444e-01   0.0000000000e+00   5.0000044262e-01   0.0000000000e+00   0.0000000000e+00   3.8349980294e-01
   9.4999977869e+02   1.1649975444e-01   0.0000000000e+00   5.0000044262e-01   0.0000000000e+00   0.0000000000e+00   3.8349980294e-01
   9.5000017913e+02   1.1649994105e-01   0.0000000000e+00   4.9999964173e-01   0.0000000000e+00   0.0000000000e+00   3.8350041722e-01
   9.5000017913e+02   1.1649994105e-01   0.0000000000e+00   4.9999964173e-01   0.0000000000e+00   0.0000000000e+00   3.8350041722e-01
   9.5000017913e+02   1.1649994105e-01   0.0000000000e+00   4.9999964173e-01   0.0000000000e+00   0.0000000000e+00   3.8350041722e-01
   9.5000017913e+02   1.1649994105e-01   0.0000000000e+00   4.9999964173e-01   0.0000000000e+00   0.0000000000e+00   3.8350041722e-01
   9.5000017913e+02   1.1649994105e-01   0.0000000000e+00   4.9999964173e-01   0.0000000000e+00   0.0000000000e+00   3.8350041722e-01
   9.5000017913e+02   1.1649994105e-01   0.0000000000e+00   4.9999964173e-01   0.0000000000e+00   0.0000000000e+00   3.8350041722e-01
   9.5000017913e+02   1.1649994105e-01   0.0000000000e+00   4.9999964173e-01   0.0000000000e+00   0.0000000000e+00   3.8350041722e-01
   9.5000017913e+02   1.1649994105e-01   0.0000000000e+00   4.9999964173e-01   0.0000000000e+00   0.0000000000e+00   3.8350041722e-01
   9.4999978141e+02   1.1649975571e-01   0.0000000000e+00   5.0000043718e-01   0.0000000000e+00   0.0000000000e+00   3.8349980712e-01
   9.4999978141e+02   1.1649975571e-01   0.0000000000e+00   5.0000043718e-01   0.0000000000e+00   0.0000000000e+00   3.8349980712e-01
   9.4999978141e+02   1.1649975571e-01   0.0000000000e+00   5.0000043718e-01   0.0000000000e+00   0.0000000000e+00   3.8349980712e-01
   9.4999978141e+02   1.1649975571e-01   0.0000000000e+00   5.0000043718e-01   0.0000000000e+00   0.0000000000e+00   3.8349980712e-01
   9.4999978141e+02   1.1649975571e-01   0.0000000000e+00   5.0000043718e-01   0.0000000000e+00   0.0000000000e+00   3.8349980712e-01
   9.4999978141e+02   1.1649975571e-01   0.0000000000e+00   5.0000043718e-01   0.0000000000e+00   0.0000000000e+00   3.8349980712e-01
   9.4999978141e+02   1.1649975571e-01   0.0000000000e+00   5.0000043718e-01   0.0000000000e+00   0.0000000000e+00   3.8349980712e-01
   9.4999978141e+02   1.1649975571e-01   0.0000000000e+00   5.0000043718e-01   0.0000000000e+00   0.0000000000e+00   3.8349980712e-01
   9.5000011592e+02   1.1649991159e-01   0.0000000000e+00   4.9999976816e-01   0.0000000000e+00   0.0000000000e+00   3.8350032025e-01
   9.5000011592e+02   1.1649991159e-01   0.0000000000e+00   4.9999976816e-01   0.0000000000e+00   0.0000000000e+00   3.8350032025e-01
   9.5000011592e+02   1.1649991159e-01   0.0000000000e+00   4.9999976816e-01   0.0000000000e+00   0.0000000000e+00   3.8350032025e-01
   9.5000011592e+02   1.1649991159e-01   0.0000000000e+00   4.9999976816e-01   0.0000000000e+00   0.0000000000e+00   3.8350032025e-01
   9.5000011592e+02   1.1649991159e-01   0.0000000000e+00   4.9999976816e-01   0.0000000000e+00   0.0000000000e+00   3.8350032025e-01
   9.5000011592e+02   1.1649991159e-01   0.0000000000e+00   4.9999976816e-01   0.0000000000e+00   0.0000000000e+00   3.8350032025e-01
   9.5000011592e+02   1.1649991159e-01   0.0000000000e+00   4.9999976816e-01   0.0000000000e+00   0.0000000000e+00   3.8350032025e-01
   9.5000011592e+02   1.1649991159e-01   0.0000000000e+00   4.9999976816e-01   0.0000000000e+00   0.0000000000e+00   3.8350032025e-01
   9.5000011592e+02   1.1649991159e-01   0.0000000000e+00   4.9999976816e-01   0.0000000000e+00   0.0000000000e+00   3.8350032025e-01
   9.5000011592e+02   1.1649991159e-01   0.0000000000e+00   4.9999976816e-01   0.0000000000e+00   0.0000000000e+00   3.8350032025e-01
   9.5000011592e+02   1.1649991159e-01   0.0000000000e+00   4.9999976816e-01   0.0000000000e+00   0.0000000000e+00   3.8350032025e-01
   9.5000011592e+02   1.1649991159e-01   0.0000000000e+00   4.9999976816e-01   0.0000000000e+00   0.0000000000e+00   3.8350032025e-01
   9.5000011592e+02   1.1649991159e-01   0.0000000000e+00   4.9999976816e-01   0.0000000000e+00   0.0000000000e+00   3.8350032025e-01
   9.5000011592e+02   1.1649991159e-01   0.0000000000e+00   4.9999976816e-01   0.0000000000e+00   0.0000000000e+00   3.8350032025e-01
   9.5000011592e+02   1.1649991159e-01   0.0000000000e+00   4.9999976816e-01   0.0000000000e+00   0.0000000000e+00   3.8350032025e-01
   9.5000011592e+02   1.1649991159e-01   0.0000000000e+00   4.9999976816e-01   0.0000000000e+00   0.0000000000e+00   3.8350032025e-01
   9.4999978156e+02   1.1649975577e-01   0.0000000000e+00   5.0000043689e-01   0.0000000000e+00   0.0000000000e+00   3.8349980734e-01
   9.4999978156e+02   1.1649975577e-01   0.0000000000e+00   5.0000043689e-01   0.0000000000e+00   0.0000000000e+00   3.8349980734e-01
   9.4999978156e+02   1.1649975577e-01   0.0000000000e+00   5.0000043689e-01   0.0000000000e+00   0.0000000000e+00   3.8349980734e-01
   9.4999978156e+02   1.1649975577e-01   0.0000000000e+00   5.0000043689e-01   0.0000000000e+00   0.0000000000e+00   3.8349980734e-01
   9.4999978138e+02   1.1649975569e-01   0.0000000000e+00   5.0000043723e-01   0.0000000000e+00   0.0000000000e+00   3.8349980707e-01
   9.4999978138e+02   1.1649975569e-01   0.0000000000e+00   5.0000043723e-01   0.0000000000e+00   0.0000000000e+00   3.8349980707e-01
   9.4999978138e+02   1.1649975569e-01   0.0000000000e+00   5.0000043723e-01   0.0000000000e+00   0.0000000000e+00   3.8349980707e-01
   9.4999978138e+02   1.1649975569e-01   0.0000000000e+00   5.0000043723e-01   0.0000000000e+00   0.0000000000e+00   3.8349980707e-01
   9.5000016374e+02   1.1649993387e-01   0.0000000000e+00   4.9999967251e-01   0.0000000000e+00   0.0000000000e+00   3.8350039361e-01
   9.5000016374e+02   1.1649993387e-01   0.0000000000e+00   4.9999967251e-01   0.0000000000e+00   0.0000000000e+00   3.8350039361e-01
   9.5000016354e+02   1.1649993378e-01   0.0000000000e+00   4.9999967292e-01   0.0000000000e+00   0.0000000000e+00   3.8350039330e-01
   9.5000016354e+02   1.1649993378e-01   0.0000000000e+00   4.9999967292e-01   0.0000000000e+00   0.0000000000e+00   3.8350039330e-01
   9.5000016354e+02   1.1649993378e-01   0.0000000000e+00   4.9999967292e-01   0.0000000000e+00   0.0000000000e+00   3.8350039330e-01
   9.5000016354e+02   1.1649993378e-01   0.0000000000e+00   4.9999967292e-01   0.0000000000e+00   0.0000000000e+00   3.8350039330e-01
   9.5000016374e+02   1.1649993387e-01   0.0000000000e+00   4.9999967251e-01   0.0000000000e+00   0.0000000000e+00   3.8350039361e-01
   9.5000016374e+02   1.1649993387e-01   0.0000000000e+00   4.9999967251e-01   0.0000000000e+00   0.0000000000e+00   3.8350039361e-01
   9.5000016364e+02   1.1649993383e-01   0.0000000000e+00   4.9999967271e-01   0.0000000000e+00   0.0000000000e+00   3.8350039346e-01
   9.5000016364e+02   1.1649993383e-01   0.0000000000e+00   4.9999967271e-01   0.0000000000e+00   0.0000000000e+00   3.8350039346e-01
   9.5000016364e+02   1.1649993383e-01   0.0000000000e+00   4.9999967271e-01   0.0000000000e+00   0.0000000000e+00   3.8350039346e-01
   9.5000016364e+02   1.1649993383e-01   0.0000000000e+00   4.9999967271e-01   0.0000000000e+00   0.0000000000e+00   3.8350039346e-01
   9.5000016374e+02   1.1649993387e-01   0.0000000000e+00   4.9999967251e-01   0.0000000000e+00   0.0000000000e+00   3.8350039361e-01
   9.5000016374e+02   1.1649993387e-01   0.0000000000e+00   4.9999967251e-01   0.0000000000e+00   0.0000000000e+00   3.8350039361e-01
   9.5000016354e+02   1.1649993378e-01   0.0000000000e+00   4.9999967292e-01   0.0000000000e+00   0.0000000000e+00   3.8350039330e-01
   9.5000016354e+02   1.1649993378e-01   0.0000000000e+00   4.9999967292e-01   0.0000000000e+00   0.0000000000e+00   3.8350039330e-01
   9.5000016897e+02   1.1649993631e-01   0.0000000000e+00   4.9999966207e-01   0.0000000000e+00   0.0000000000e+00   3.8350040162e-01
   9.5000016897e+02   1.1649993631e-01   0.0000000000e+00   4.9999966207e-01   0.0000000000e+00   0.0000000000e+00   3.8350040162e-01
   9.5000016897e+02   1.1649993631e-01   0.0000000000e+00   4.9999966207e-01   0.0000000000e+00   0.0000000000e+00   3.8350040162e-01
   9.5000016897e+02   1.1649993631e-01   0.0000000000e+00   4.9999966207e-01   0.0000000000e+00   0.0000000000e+00   3.8350040162e-01
   9.5000016897e+02   1.1649993631e-01   0.0000000000e+00   4.9999966207e-01   0.0000000000e+00   0.0000000000e+00   3.8350040162e-01
   9.5000016897e+02   1.1649993631e-01   0.0000000000e+00   4.9999966207e-01   0.0000000000e+00   0.0000000000e+00   3.8350040162e-01
   9.5000016897e+02   1.1649993631e-01   0.0000000000e+00   4.9999966207e-01   0.0000000000e+00   0.0000000000e+00   3.8350040162e-01
   9.5000016897e+02   1.1649993631e-01   0.0000000000e+00   4.9999966207e-01   0.0000000000e+00   0.0000000000e+00   3.8350040162e-01
   9.5000014954e+02   1.1649992726e-01   0.0000000000e+00   4.9999970092e-01   0.0000000000e+00   0.0000000000e+00   3.8350037182e-01
   9.5000014954e+02   1.1649992726e-01   0.0000000000e+00   4.9999970092e-01   0.0000000000e+00   0.0000000000e+00   3.8350037182e-01
   9.5000017795e+02   1.1649994049e-01   0.0000000000e+00   4.9999964410e-01   0.0000000000e+00   0.0000000000e+00   3.8350041540e-01
   9.5000017795e+02   1.1649994049e-01   0.0000000000e+00   4.9999964410e-01   0.0000000000e+00   0.0000000000e+00   3.8350041540e-01
   9.5000014954e+02   1.1649992726e-01   0.0000000000e+00   4.9999970092e-01   0.0000000000e+00   0.0000000000e+00   3.8350037182e-01
   9.5000014954e+02   1.1649992726e-01   0.0000000000e+00   4.9999970092e-01   0.0000000000e+00   0.0000000000e+00   3.8350037182e-01
   9.5000017795e+02   1.1649994049e-01   0.0000000000e+00   4.9999964410e-01   0.0000000000e+00   0.0000000000e+00   3.8350041540e-01
   9.5000017795e+02   1.1649994049e-01   0.0000000000e+00   4.9999964410e-01   0.0000000000e+00   0.0000000000e+00   3.8350041540e-01
   9.4999990763e+02   1.1649981452e-01   0.0000000000e+00   5.0000018474e-01   0.0000000000e+00   0.0000000000e+00   3.8350000073e-01
   9.4999990763e+02   1.1649981452e-01   0.0000000000e+00   5.0000018474e-01   0.0000000000e+00   0.0000000000e+00   3.8350000073e-01
   9.4999997423e+02   1.1649984556e-01   0.0000000000e+00   5.0000005153e-01   0.0000000000e+00   0.0000000000e+00   3.8350010291e-01
   9.4999997423e+02   1.1649984556e-01   0.0000000000e+00   5.0000005153e-01   0.0000000000e+00   0.0000000000e+00   3.8350010291e-01
   9.4999990763e+02   1.1649981452e-01   0.0000000000e+00   5.0000018474e-01   0.0000000000e+00   0.0000000000e+00   3.8350000073e-01
   9.4999990763e+02   1.1649981452e-01   0.0000000000e+00   5.0000018474e-01   0.0000000000e+00   0.0000000000e+00   3.8350000073e-01
   9.4999997423e+02   1.1649984556e-01   0.0000000000e+00   5.0000005153e-01   0.0000000000e+00   0.0000000000e+00   3.8350010291e-01
   9.4999997423e+02   1.1649984556e-01   0.0000000000e+00   5.0000005153e-01   0.0000000000e+00   0.0000000000e+00   3.8350010291e-01
   9.4999999371e+02   1.1649985464e-01   0.0000000000e+00   5.0000001257e-01   0.0000000000e+00   0.0000000000e+00   3.8350013279e-01
   9.4999999371e+02   1.1649985464e-01   0.0000000000e+00   5.0000001257e-01   0.0000000000e+00   0.0000000000e+00   3.8350013279e-01
   9.4999999371e+02   1.1649985464e-01   0.0000000000e+00   5.0000001257e-01   0.0000000000e+00   0.0000000000e+00   3.8350013279e-01
   9.4999999371e+02   1.1649985464e-01   0.0000000000e+00   5.0000001257e-01   0.0000000000e+00   0.0000000000e+00   3.8350013279e-01
   9.4999999371e+02   1.1649985464e-01   0.0000000000e+00   5.0000001257e-01   0.0000000000e+00   0.0000000000e+00   3.8350013279e-01
   9.4999999371e+02   1.1649985464e-01   0.0000000000e+00   5.0000001257e-01   0.0000000000e+00   0.0000000000e+00   3.8350013279e-01
   9.4999999371e+02   1.1649985464e-01   0.0000000000e+00   5.0000001257e-01   0.0000000000e+00   0.0000000000e+00   3.8350013279e-01
   9.4999999371e+02   1.1649985464e-01   0.0000000000e+00   5.0000001257e-01   0.0000000000e+00   0.0000000000e+00   3.8350013279e-01
   9.4999999114e+02   1.1649985344e-01   0.0000000000e+00   5.0000001771e-01   0.0000000000e+00   0.0000000000e+00   3.8350012884e-01
   9.4999999114e+02   1.1649985344e-01   0.0000000000e+00   5.0000001771e-01   0.0000000000e+00   0.0000000000e+00   3.8350012884e-01
   9.5000000011e+02   1.1649985762e-01   0.0000000000e+00   4.9999999978e-01   0.0000000000e+00   0.0000000000e+00   3.8350014260e-01
   9.5000000011e+02   1.1649985762e-01   0.0000000000e+00   4.9999999978e-01   0.0000000000e+00   0.0000000000e+00   3.8350014260e-01
   9.4999999563e+02   1.1649985553e-01   0.0000000000e+00   5.0000000875e-01   0.0000000000e+00   0.0000000000e+00   3.8350013572e-01
   9.4999999563e+02   1.1649985553e-01   0.0000000000e+00   5.0000000875e-01   0.0000000000e+00   0.0000000000e+00   3.8350013572e-01
   9.4999999563e+02   1.1649985553e-01   0.0000000000e+00   5.0000000875e-01   0.0000000000e+00   0.0000000000e+00   3.8350013572e-01
   9.4999999563e+02   1.1649985553e-01   0.0000000000e+00   5.0000000875e-01   0.0000000000e+00   0.0000000000e+00   3.8350013572e-01
   9.4999994093e+02   1.1649983004e-01   0.0000000000e+00   5.0000011814e-01   0.0000000000e+00   0.0000000000e+00   3.8350005182e-01
   9.4999994093e+02   1.1649983004e-01   0.0000000000e+00   5.0000011814e-01   0.0000000000e+00   0.0000000000e+00   3.8350005182e-01
   9.4999994093e+02   1.1649983004e-01   0.0000000000e+00   5.0000011814e-01   0.0000000000e+00   0.0000000000e+00   3.8350005182e-01
   9.4999994093e+02   1.1649983004e-01   0.0000000000e+00   5.0000011814e-01   0.0000000000e+00   0.0000000000e+00   3.8350005182e-01
   9.4999994093e+02   1.1649983004e-01   0.0000000000e+00   5.0000011814e-01   0.0000000000e+00   0.0000000000e+00   3.8350005182e-01
   9.4999994093e+02   1.1649983004e-01   0.0000000000e+00   5.0000011814e-01   0.0000000000e+00   0.0000000000e+00   3.8350005182e-01
   9.4999994093e+02   1.1649983004e-01   0.0000000000e+00   5.0000011814e-01   0.0000000000e+00   0.0000000000e+00   3.8350005182e-01
   9.4999994093e+02   1.1649983004e-01   0.0000000000e+00   5.0000011814e-01   0.0000000000e+00   0.0000000000e+00   3.8350005182e-01
   9.4999990763e+02   1.1649981452e-01   0.0000000000e+00   5.0000018474e-01   0.0000000000e+00   0.0000000000e+00   3.8350000073e-01
   9.4999990763e+02   1.1649981452e-01   0.0000000000e+00   5.0000018474e-01   0.0000000000e+00   0.0000000000e+00   3.8350000073e-01
   9.4999994123e+02   1.1649983018e-01   0.0000000000e+00   5.0000011754e-01   0.0000000000e+00   0.0000000000e+00   3.8350005228e-01
   9.4999994123e+02   1.1649983018e-01   0.0000000000e+00   5.0000011754e-01   0.0000000000e+00   0.0000000000e+00   3.8350005228e-01
   9.4999994123e+02   1.1649983018e-01   0.0000000000e+00   5.0000011754e-01   0.0000000000e+00   0.0000000000e+00   3.8350005228e-01
   9.4999994123e+02   1.1649983018e-01   0.0000000000e+00   5.0000011754e-01   0.0000000000e+00   0.0000000000e+00   3.8350005228e-01
   9.4999990763e+02   1.1649981452e-01   0.0000000000e+00   5.0000018474e-01   0.0000000000e+00   0.0000000000e+00   3.8350000073e-01
   9.4999990763e+02   1.1649981452e-01   0.0000000000e+00   5.0000018474e-01   0.0000000000e+00   0.0000000000e+00   3.8350000073e-01
   9.5000001178e+02   1.1649986306e-01   0.0000000000e+00   4.9999997643e-01   0.0000000000e+00   0.0000000000e+00   3.8350016050e-01
   9.5000001178e+02   1.1649986306e-01   0.0000000000e+00   4.9999997643e-01   0.0000000000e+00   0.0000000000e+00   3.8350016050e-01
   9.5000001178e+02   1.1649986306e-01   0.0000000000e+00   4.9999997643e-01   0.0000000000e+00   0.0000000000e+00   3.8350016050e-01
   9.5000001178e+02   1.1649986306e-01   0.0000000000e+00   4.9999997643e-01   0.0000000000e+00   0.0000000000e+00   3.8350016050e-01
   9.5000001178e+02   1.1649986306e-01   0.0000000000e+00   4.9999997643e-01   0.0000000000e+00   0.0000000000e+00   3.8350016050e-01
   9.5000001178e+02   1.1649986306e-01   0.0000000000e+00   4.9999997643e-01   0.0000000000e+00   0.0000000000e+00   3.8350016050e-01
   9.5000001178e+02   1.1649986306e-01   0.0000000000e+00   4.9999997643e-01   0.0000000000e+00   0.0000000000e+00   3.8350016050e-01
   9.5000001178e+02   1.1649986306e-01   0.0000000000e+00   4.9999997643e-01   0.0000000000e+00   0.0000000000e+00   3.8350016050e-01
   9.4999995743e+02   1.1649983773e-01   0.0000000000e+00   5.0000008513e-01   0.0000000000e+00   0.0000000000e+00   3.8350007713e-01
   9.4999995743e+02   1.1649983773e-01   0.0000000000e+00   5.0000008513e-01   0.0000000000e+00   0.0000000000e+00   3.8350007713e-01
   9.4999995743e+02   1.1649983773e-01   0.0000000000e+00   5.0000008513e-01   0.0000000000e+00   0.0000000000e+00   3.8350007713e-01
   9.4999995743e+02   1.1649983773e-01   0.0000000000e+00   5.0000008513e-01   0.0000000000e+00   0.0000000000e+00   3.8350007713e-01
   9.4999997364e+02   1.1649984529e-01   0.0000000000e+00   5.0000005273e-01   0.0000000000e+00   0.0000000000e+00   3.8350010199e-01
   9.4999997364e+02   1.1649984529e-01   0.0000000000e+00   5.0000005273e-01   0.0000000000e+00   0.0000000000e+00   3.8350010199e-01
   9.4999994123e+02   1.1649983018e-01   0.0000000000e+00   5.0000011754e-01   0.0000000000e+00   0.0000000000e+00   3.8350005228e-01
   9.4999994123e+02   1.1649983018e-01   0.0000000000e+00   5.0000011754e-01   0.0000000000e+00   0.0000000000e+00   3.8350005228e-01
   9.5000001532e+02   1.1649986471e-01   0.0000000000e+00   4.9999996936e-01   0.0000000000e+00   0.0000000000e+00   3.8350016593e-01
   9.5000001532e+02   1.1649986471e-01   0.0000000000e+00   4.9999996936e-01   0.0000000000e+00   0.0000000000e+00   3.8350016593e-01
   9.5000001532e+02   1.1649986471e-01   0.0000000000e+00   4.9999996936e-01   0.0000000000e+00   0.0000000000e+00   3.8350016593e-01
   9.5000001532e+02   1.1649986471e-01   0.0000000000e+00   4.9999996936e-01   0.0000000000e+00   0.0000000000e+00   3.8350016593e-01
   9.5000002034e+02   1.1649986705e-01   0.0000000000e+00   4.9999995932e-01   0.0000000000e+00   0.0000000000e+00   3.8350017363e-01
   9.5000002034e+02   1.1649986705e-01   0.0000000000e+00   4.9999995932e-01   0.0000000000e+00   0.0000000000e+00   3.8350017363e-01
   9.5000001699e+02   1.1649986549e-01   0.0000000000e+00   4.9999996601e-01   0.0000000000e+00   0.0000000000e+00   3.8350016850e-01
   9.5000001699e+02   1.1649986549e-01   0.0000000000e+00   4.9999996601e-01   0.0000000000e+00   0.0000000000e+00   3.8350016850e-01
   9.4999989044e+02   1.1649980651e-01   0.0000000000e+00   5.0000021913e-01   0.0000000000e+00   0.0000000000e+00   3.8349997436e-01
   9.4999989044e+02   1.1649980651e-01   0.0000000000e+00   5.0000021913e-01   0.0000000000e+00   0.0000000000e+00   3.8349997436e-01
   9.4999998637e+02   1.1649985122e-01   0.0000000000e+00   5.0000002727e-01   0.0000000000e+00   0.0000000000e+00   3.8350012152e-01
   9.4999998637e+02   1.1649985122e-01   0.0000000000e+00   5.0000002727e-01   0.0000000000e+00   0.0000000000e+00   3.8350012152e-01
   9.4999989044e+02   1.1649980651e-01   0.0000000000e+00   5.0000021913e-01   0.0000000000e+00   0.0000000000e+00   3.8349997436e-01
   9.4999989044e+02   1.1649980651e-01   0.0000000000e+00   5.0000021913e-01   0.0000000000e+00   0.0000000000e+00   3.8349997436e-01
   9.4999998637e+02   1.1649985122e-01   0.0000000000e+00   5.0000002727e-01   0.0000000000e+00   0.0000000000e+00   3.8350012152e-01
   9.4999998637e+02   1.1649985122e-01   0.0000000000e+00   5.0000002727e-01   0.0000000000e+00   0.0000000000e+00   3.8350012152e-01
   9.4999998669e+02   1.1649985137e-01   0.0000000000e+00   5.0000002662e-01   0.0000000000e+00   0.0000000000e+00   3.8350012201e-01
   9.4999998669e+02   1.1649985137e-01   0.0000000000e+00   5.0000002662e-01   0.0000000000e+00   0.0000000000e+00   3.8350012201e-01
   9.4999998605e+02   1.1649985107e-01   0.0000000000e+00   5.0000002791e-01   0.0000000000e+00   0.0000000000e+00   3.8350012102e-01
   9.4999998605e+02   1.1649985107e-01   0.0000000000e+00   5.0000002791e-01   0.0000000000e+00   0.0000000000e+00   3.8350012102e-01
   9.4999989044e+02   1.1649980651e-01   0.0000000000e+00   5.0000021913e-01   0.0000000000e+00   0.0000000000e+00   3.8349997436e-01
   9.4999989044e+02   1.1649980651e-01   0.0000000000e+00   5.0000021913e-01   0.0000000000e+00   0.0000000000e+00   3.8349997436e-01
   9.4999989044e+02   1.1649980651e-01   0.0000000000e+00   5.0000021913e-01   0.0000000000e+00   0.0000000000e+00   3.8349997436e-01
   9.4999989044e+02   1.1649980651e-01   0.0000000000e+00   5.0000021913e-01   0.0000000000e+00   0.0000000000e+00   3.8349997436e-01
   9.4999987811e+02   1.1649980077e-01   0.0000000000e+00   5.0000024378e-01   0.0000000000e+00   0.0000000000e+00   3.8349995545e-01
   9.4999987811e+02   1.1649980077e-01   0.0000000000e+00   5.0000024378e-01   0.0000000000e+00   0.0000000000e+00   3.8349995545e-01
   9.4999987811e+02   1.1649980077e-01   0.0000000000e+00   5.0000024378e-01   0.0000000000e+00   0.0000000000e+00   3.8349995545e-01
   9.4999987811e+02   1.1649980077e-01   0.0000000000e+00   5.0000024378e-01   0.0000000000e+00   0.0000000000e+00   3.8349995545e-01
   9.4999987811e+02   1.1649980077e-01   0.0000000000e+00   5.0000024378e-01   0.0000000000e+00   0.0000000000e+00   3.8349995545e-01
   9.4999987811e+02   1.1649980077e-01   0.0000000000e+00   5.0000024378e-01   0.0000000000e+00   0.0000000000e+00   3.8349995545e-01
   9.4999987811e+02   1.1649980077e-01   0.0000000000e+00   5.0000024378e-01   0.0000000000e+00   0.0000000000e+00   3.8349995545e-01
   9.4999987811e+02   1.1649980077e-01   0.0000000000e+00   5.0000024378e-01   0.0000000000e+00   0.0000000000e+00   3.8349995545e-01
   9.4999991631e+02   1.1649981857e-01   0.0000000000e+00   5.0000016738e-01   0.0000000000e+00   0.0000000000e+00   3.8350001405e-01
   9.4999991631e+02   1.1649981857e-01   0.0000000000e+00   5.0000016738e-01   0.0000000000e+00   0.0000000000e+00   3.8350001405e-01
   9.4999986657e+02   1.1649979539e-01   0.0000000000e+00   5.0000026687e-01   0.0000000000e+00   0.0000000000e+00   3.8349993774e-01
   9.4999986657e+02   1.1649979539e-01   0.0000000000e+00   5.0000026687e-01   0.0000000000e+00   0.0000000000e+00   3.8349993774e-01
   9.4999991631e+02   1.1649981857e-01   0.0000000000e+00   5.0000016738e-01   0.0000000000e+00   0.0000000000e+00   3.8350001405e-01
   9.4999991631e+02   1.1649981857e-01   0.0000000000e+00   5.0000016738e-01   0.0000000000e+00   0.0000000000e+00   3.8350001405e-01
   9.4999996606e+02   1.1649984175e-01   0.0000000000e+00   5.0000006789e-01   0.0000000000e+00   0.0000000000e+00   3.8350009036e-01
   9.4999996606e+02   1.1649984175e-01   0.0000000000e+00   5.0000006789e-01   0.0000000000e+00   0.0000000000e+00   3.8350009036e-01
   9.4999996522e+02   1.1649984136e-01   0.0000000000e+00   5.0000006955e-01   0.0000000000e+00   0.0000000000e+00   3.8350008908e-01
   9.4999996522e+02   1.1649984136e-01   0.0000000000e+00   5.0000006955e-01   0.0000000000e+00   0.0000000000e+00   3.8350008908e-01
   9.4999996522e+02   1.1649984136e-01   0.0000000000e+00   5.0000006955e-01   0.0000000000e+00   0.0000000000e+00   3.8350008908e-01
   9.4999996522e+02   1.1649984136e-01   0.0000000000e+00   5.0000006955e-01   0.0000000000e+00   0.0000000000e+00   3.8350008908e-01
   9.4999996297e+02   1.1649984031e-01   0.0000000000e+00   5.0000007406e-01   0.0000000000e+00   0.0000000000e+00   3.8350008563e-01
   9.4999996297e+02   1.1649984031e-01   0.0000000000e+00   5.0000007406e-01   0.0000000000e+00   0.0000000000e+00   3.8350008563e-01
   9.4999996297e+02   1.1649984031e-01   0.0000000000e+00   5.0000007406e-01   0.0000000000e+00   0.0000000000e+00   3.8350008563e-01
   9.4999996297e+02   1.1649984031e-01   0.0000000000e+00   5.0000007406e-01   0.0000000000e+00   0.0000000000e+00   3.8350008563e-01
   9.4999989617e+02   1.1649980918e-01   0.0000000000e+00   5.0000020767e-01   0.0000000000e+00   0.0000000000e+00   3.8349998315e-01
   9.4999989617e+02   1.1649980918e-01   0.0000000000e+00   5.0000020767e-01   0.0000000000e+00   0.0000000000e+00   3.8349998315e-01
   9.4999989617e+02   1.1649980918e-01   0.0000000000e+00   5.0000020767e-01   0.0000000000e+00   0.0000000000e+00   3.8349998315e-01
   9.4999989617e+02   1.1649980918e-01   0.0000000000e+00   5.0000020767e-01   0.0000000000e+00   0.0000000000e+00   3.8349998315e-01
   9.4999989231e+02   1.1649980739e-01   0.0000000000e+00   5.0000021539e-01   0.0000000000e+00   0.0000000000e+00   3.8349997723e-01
   9.4999989231e+02   1.1649980739e-01   0.0000000000e+00   5.0000021539e-01   0.0000000000e+00   0.0000000000e+00   3.8349997723e-01
   9.4999989231e+02   1.1649980739e-01   0.0000000000e+00   5.0000021539e-01   0.0000000000e+00   0.0000000000e+00   3.8349997723e-01
   9.4999989231e+02   1.1649980739e-01   0.0000000000e+00   5.0000021539e-01   0.0000000000e+00   0.0000000000e+00   3.8349997723e-01
   9.4999989424e+02   1.1649980828e-01   0.0000000000e+00   5.0000021153e-01   0.0000000000e+00   0.0000000000e+00   3.8349998019e-01
   9.4999989424e+02   1.1649980828e-01   0.0000000000e+00   5.0000021153e-01   0.0000000000e+00   0.0000000000e+00   3.8349998019e-01
   9.4999989424e+02   1.1649980828e-01   0.0000000000e+00   5.0000021153e-01   0.0000000000e+00   0.0000000000e+00   3.8349998019e-01
   9.4999989424e+02   1.1649980828e-01   0.0000000000e+00   5.0000021153e-01   0.0000000000e+00   0.0000000000e+00   3.8349998019e-01
   9.4999989424e+02   1.1649980828e-01   0.0000000000e+00   5.0000021153e-01   0.0000000000e+00   0.0000000000e+00   3.8349998019e-01
   9.4999989424e+02   1.1649980828e-01   0.0000000000e+00   5.0000021153e-01   0.0000000000e+00   0.0000000000e+00   3.8349998019e-01
   9.4999989424e+02   1.1649980828e-01   0.0000000000e+00   5.0000021153e-01   0.0000000000e+00   0.0000000000e+00   3.8349998019e-01
   9.4999989424e+02   1.1649980828e-01   0.0000000000e+00   5.0000021153e-01   0.0000000000e+00   0.0000000000e+00   3.8349998019e-01
   9.4999993922e+02   1.1649982925e-01   0.0000000000e+00   5.0000012155e-01   0.0000000000e+00   0.0000000000e+00   3.8350004920e-01
   9.4999993922e+02   1.1649982925e-01   0.0000000000e+00   5.0000012155e-01   0.0000000000e+00   0.0000000000e+00   3.8350004920e-01
   9.4999993922e+02   1.1649982925e-01   0.0000000000e+00   5.0000012155e-01   0.0000000000e+00   0.0000000000e+00   3.8350004920e-01
   9.4999993922e+02   1.1649982925e-01   0.0000000000e+00   5.0000012155e-01   0.0000000000e+00   0.0000000000e+00   3.8350004920e-01
   9.4999993922e+02   1.1649982925e-01   0.0000000000e+00   5.0000012155e-01   0.0000000000e+00   0.0000000000e+00   3.8350004920e-01
   9.4999993922e+02   1.1649982925e-01   0.0000000000e+00   5.0000012155e-01   0.0000000000e+00   0.0000000000e+00   3.8350004920e-01
   9.4999993922e+02   1.1649982925e-01   0.0000000000e+00   5.0000012155e-01   0.0000000000e+00   0.0000000000e+00   3.8350004920e-01
   9.4999993922e+02   1.1649982925e-01   0.0000000000e+00   5.0000012155e-01   0.0000000000e+00   0.0000000000e+00   3.8350004920e-01