# time = 113.029
# Grid Poins = 256    variable_0    variable_1    variable_2    variable_3    variable_4    variable_5    variable_6
   9.4999999874e+02   1.1649985698e-01   0.0000000000e+00   5.0000000253e-01   0.0000000000e+00   0.0000000000e+00   3.8350014049e-01
   9.4999999874e+02   1.1649985698e-01   0.0000000000e+00   5.0000000253e-01   0.0000000000e+00   0.0000000000e+00   3.8350014049e-01
   9.4999999902e+02   1.1649985711e-01   0.0000000000e+00   5.0000000196e-01   0.0000000000e+00   0.0000000000e+00   3.8350014093e-01
   9.4999999902e+02   1.1649985711e-01   0.0000000000e+00   5.0000000196e-01   0.0000000000e+00   0.0000000000e+00   3.8350014093e-01
   9.4999999859e+02   1.1649985691e-01   0.0000000000e+00   5.0000000281e-01   0.0000000000e+00   0.0000000000e+00   3.8350014027e-01
   9.4999999859e+02   1.1649985691e-01   0.0000000000e+00   5.0000000281e-01   0.0000000000e+00   0.0000000000e+00   3.8350014027e-01
   9.4999999859e+02   1.1649985691e-01   0.0000000000e+00   5.0000000281e-01   0.0000000000e+00   0.0000000000e+00   3.8350014027e-01
   9.4999999859e+02   1.1649985691e-01   0.0000000000e+00   5.0000000281e-01   0.0000000000e+00   0.0000000000e+00   3.8350014027e-01
   9.4999999891e+02   1.1649985706e-01   0.0000000000e+00   5.0000000217e-01   0.0000000000e+00   0.0000000000e+00   3.8350014076e-01
   9.4999999891e+02   1.1649985706e-01   0.0000000000e+00   5.0000000217e-01   0.0000000000e+00   0.0000000000e+00   3.8350014076e-01
   9.4999999891e+02   1.1649985706e-01   0.0000000000e+00   5.0000000217e-01   0.0000000000e+00   0.0000000000e+00   3.8350014076e-01
   9.4999999891e+02   1.1649985706e-01   0.0000000000e+00   5.0000000217e-01   0.0000000000e+00   0.0000000000e+00   3.8350014076e-01
   9.4999999885e+02   1.1649985704e-01   0.0000000000e+00   5.0000000229e-01   0.0000000000e+00   0.0000000000e+00   3.8350014067e-01
   9.4999999885e+02   1.1649985704e-01   0.0000000000e+00   5.0000000229e-01   0.0000000000e+00   0.0000000000e+00   3.8350014067e-01
   9.4999999885e+02   1.1649985704e-01   0.0000000000e+00   5.0000000229e-01   0.0000000000e+00   0.0000000000e+00   3.8350014067e-01
   9.4999999885e+02   1.1649985704e-01   0.0000000000e+00   5.0000000229e-01   0.0000000000e+00   0.0000000000e+00   3.8350014067e-01
   9.4999999976e+02   1.1649985746e-01   0.0000000000e+00   5.0000000049e-01   0.0000000000e+00   0.0000000000e+00   3.8350014205e-01
   9.4999999976e+02   1.1649985746e-01   0.0000000000e+00   5.0000000049e-01   0.0000000000e+00   0.0000000000e+00   3.8350014205e-01
   9.5000000025e+02   1.1649985769e-01   0.0000000000e+00   4.9999999950e-01   0.0000000000e+00   0.0000000000e+00   3.8350014281e-01
   9.5000000025e+02   1.1649985769e-01   0.0000000000e+00   4.9999999950e-01   0.0000000000e+00   0.0000000000e+00   3.8350014281e-01
   9.5000000000e+02   1.1649985757e-01   0.0000000000e+00   4.9999999999e-01   0.0000000000e+00   0.0000000000e+00   3.8350014243e-01
   9.5000000000e+02   1.1649985757e-01   0.0000000000e+00   4.9999999999e-01   0.0000000000e+00   0.0000000000e+00   3.8350014243e-01
   9.5000000000e+02   1.1649985757e-01   0.0000000000e+00   4.9999999999e-01   0.0000000000e+00   0.0000000000e+00   3.8350014243e-01
   9.5000000000e+02   1.1649985757e-01   0.0000000000e+00   4.9999999999e-01   0.0000000000e+00   0.0000000000e+00   3.8350014243e-01
   9.4999999742e+02   1.1649985637e-01   0.0000000000e+00   5.0000000516e-01   0.0000000000e+00   0.0000000000e+00   3.8350013847e-01
   9.4999999742e+02   1.1649985637e-01   0.0000000000e+00   5.0000000516e-01   0.0000000000e+00   0.0000000000e+00   3.8350013847e-01
   9.4999999742e+02   1.1649985637e-01   0.0000000000e+00   5.0000000516e-01   0.0000000000e+00   0.0000000000e+00   3.8350013847e-01
   9.4999999742e+02   1.1649985637e-01   0.0000000000e+00   5.0000000516e-01   0.0000000000e+00   0.0000000000e+00   3.8350013847e-01
   9.4999999976e+02   1.1649985746e-01   0.0000000000e+00   5.0000000049e-01   0.0000000000e+00   0.0000000000e+00   3.8350014205e-01
   9.4999999976e+02   1.1649985746e-01   0.0000000000e+00   5.0000000049e-01   0.0000000000e+00   0.0000000000e+00   3.8350014205e-01
   9.4999999820e+02   1.1649985673e-01   0.0000000000e+00   5.0000000360e-01   0.0000000000e+00   0.0000000000e+00   3.8350013967e-01
   9.4999999820e+02   1.1649985673e-01   0.0000000000e+00   5.0000000360e-01   0.0000000000e+00   0.0000000000e+00   3.8350013967e-01
   9.4999999868e+02   1.1649985696e-01   0.0000000000e+00   5.0000000263e-01   0.0000000000e+00   0.0000000000e+00   3.8350014041e-01
   9.4999999868e+02   1.1649985696e-01   0.0000000000e+00   5.0000000263e-01   0.0000000000e+00   0.0000000000e+00   3.8350014041e-01
   9.4999999868e+02   1.1649985696e-01   0.0000000000e+00   5.0000000263e-01   0.0000000000e+00   0.0000000000e+00   3.8350014041e-01
   9.4999999868e+02   1.1649985696e-01   0.0000000000e+00   5.0000000263e-01   0.0000000000e+00   0.0000000000e+00   3.8350014041e-01
   9.4999999870e+02   1.1649985696e-01   0.0000000000e+00   5.0000000261e-01   0.0000000000e+00   0.0000000000e+00   3.8350014043e-01
   9.4999999870e+02   1.1649985696e-01   0.0000000000e+00   5.0000000261e-01   0.0000000000e+00   0.0000000000e+00   3.8350014043e-01
   9.4999999870e+02   1.1649985696e-01   0.0000000000e+00   5.0000000261e-01   0.0000000000e+00   0.0000000000e+00   3.8350014043e-01
   9.4999999870e+02   1.1649985696e-01   0.0000000000e+00   5.0000000261e-01   0.0000000000e+00   0.0000000000e+00   3.8350014043e-01
   9.4999999867e+02   1.1649985695e-01   0.0000000000e+00   5.0000000265e-01   0.0000000000e+00   0.0000000000e+00   3.8350014040e-01
   9.4999999867e+02   1.1649985695e-01   0.0000000000e+00   5.0000000265e-01   0.0000000000e+00   0.0000000000e+00   3.8350014040e-01
   9.4999999867e+02   1.1649985695e-01   0.0000000000e+00   5.0000000265e-01   0.0000000000e+00   0.0000000000e+00   3.8350014040e-01
   9.4999999867e+02   1.1649985695e-01   0.0000000000e+00   5.0000000265e-01   0.0000000000e+00   0.0000000000e+00   3.8350014040e-01
   9.4999999868e+02   1.1649985695e-01   0.0000000000e+00   5.0000000265e-01   0.0000000000e+00   0.0000000000e+00   3.8350014040e-01
   9.4999999868e+02   1.1649985695e-01   0.0000000000e+00   5.0000000265e-01   0.0000000000e+00   0.0000000000e+00   3.8350014040e-01
   9.4999999868e+02   1.1649985695e-01   0.0000000000e+00   5.0000000265e-01   0.0000000000e+00   0.0000000000e+00   3.8350014040e-01
   9.4999999868e+02   1.1649985695e-01   0.0000000000e+00   5.0000000265e-01   0.0000000000e+00   0.0000000000e+00   3.8350014040e-01
   9.5000000205e+02   1.1649985853e-01   0.0000000000e+00   4.9999999590e-01   0.0000000000e+00   0.0000000000e+00   3.8350014557e-01
   9.5000000205e+02   1.1649985853e-01   0.0000000000e+00   4.9999999590e-01   0.0000000000e+00   0.0000000000e+00   3.8350014557e-01
   9.5000000205e+02   1.1649985853e-01   0.0000000000e+00   4.9999999590e-01   0.0000000000e+00   0.0000000000e+00   3.8350014557e-01
   9.5000000205e+02   1.1649985853e-01   0.0000000000e+00   4.9999999590e-01   0.0000000000e+00   0.0000000000e+00   3.8350014557e-01
   9.4999999942e+02   1.1649985730e-01   0.0000000000e+00   5.0000000115e-01   0.0000000000e+00   0.0000000000e+00   3.8350014154e-01
   9.4999999942e+02   1.1649985730e-01   0.0000000000e+00   5.0000000115e-01   0.0000000000e+00   0.0000000000e+00   3.8350014154e-01
   9.4999999942e+02   1.1649985730e-01   0.0000000000e+00   5.0000000115e-01   0.0000000000e+00   0.0000000000e+00   3.8350014154e-01
   9.4999999942e+02   1.1649985730e-01   0.0000000000e+00   5.0000000115e-01   0.0000000000e+00   0.0000000000e+00   3.8350014154e-01
   9.4999999942e+02   1.1649985730e-01   0.0000000000e+00   5.0000000115e-01   0.0000000000e+00   0.0000000000e+00   3.8350014154e-01
   9.4999999942e+02   1.1649985730e-01   0.0000000000e+00   5.0000000115e-01   0.0000000000e+00   0.0000000000e+00   3.8350014154e-01
   9.4999999942e+02   1.1649985730e-01   0.0000000000e+00   5.0000000115e-01   0.0000000000e+00   0.0000000000e+00   3.8350014154e-01
   9.4999999942e+02   1.1649985730e-01   0.0000000000e+00   5.0000000115e-01   0.0000000000e+00   0.0000000000e+00   3.8350014154e-01
   9.5000000205e+02   1.1649985853e-01   0.0000000000e+00   4.9999999590e-01   0.0000000000e+00   0.0000000000e+00   3.8350014557e-01
   9.5000000205e+02   1.1649985853e-01   0.0000000000e+00   4.9999999590e-01   0.0000000000e+00   0.0000000000e+00   3.8350014557e-01
   9.5000000205e+02   1.1649985853e-01   0.0000000000e+00   4.9999999590e-01   0.0000000000e+00   0.0000000000e+00   3.8350014557e-01
   9.5000000205e+02   1.1649985853e-01   0.0000000000e+00   4.9999999590e-01   0.0000000000e+00   0.0000000000e+00   3.8350014557e-01
   9.4999999977e+02   1.1649985746e-01   0.0000000000e+00   5.0000000047e-01   0.0000000000e+00   0.0000000000e+00   3.8350014207e-01
   9.4999999977e+02   1.1649985746e-01   0.0000000000e+00   5.0000000047e-01   0.0000000000e+00   0.0000000000e+00   3.8350014207e-01
   9.4999999977e+02   1.1649985746e-01   0.0000000000e+00   5.0000000047e-01   0.0000000000e+00   0.0000000000e+00   3.8350014207e-01
   9.4999999977e+02   1.1649985746e-01   0.0000000000e+00   5.0000000047e-01   0.0000000000e+00   0.0000000000e+00   3.8350014207e-01
   9.4999999926e+02   1.1649985723e-01   0.0000000000e+00   5.0000000147e-01   0.0000000000e+00   0.0000000000e+00   3.8350014130e-01
   9.4999999926e+02   1.1649985723e-01   0.0000000000e+00   5.0000000147e-01   0.0000000000e+00   0.0000000000e+00   3.8350014130e-01
   9.4999999926e+02   1.1649985723e-01   0.0000000000e+00   5.0000000147e-01   0.0000000000e+00   0.0000000000e+00   3.8350014130e-01
   9.4999999926e+02   1.1649985723e-01   0.0000000000e+00   5.0000000147e-01   0.0000000000e+00   0.0000000000e+00   3.8350014130e-01
   9.4999999934e+02   1.1649985726e-01   0.0000000000e+00   5.0000000133e-01   0.0000000000e+00   0.0000000000e+00   3.8350014141e-01
   9.4999999934e+02   1.1649985726e-01   0.0000000000e+00   5.0000000133e-01   0.0000000000e+00   0.0000000000e+00   3.8350014141e-01
   9.4999999919e+02   1.1649985719e-01   0.0000000000e+00   5.0000000162e-01   0.0000000000e+00   0.0000000000e+00   3.8350014119e-01
   9.4999999919e+02   1.1649985719e-01   0.0000000000e+00   5.0000000162e-01   0.0000000000e+00   0.0000000000e+00   3.8350014119e-01
   9.5000000040e+02   1.1649985776e-01   0.0000000000e+00   4.9999999920e-01   0.0000000000e+00   0.0000000000e+00   3.8350014304e-01
   9.5000000040e+02   1.1649985776e-01   0.0000000000e+00   4.9999999920e-01   0.0000000000e+00   0.0000000000e+00   3.8350014304e-01
   9.5000000040e+02   1.1649985776e-01   0.0000000000e+00   4.9999999920e-01   0.0000000000e+00   0.0000000000e+00   3.8350014304e-01
   9.5000000040e+02   1.1649985776e-01   0.0000000000e+00   4.9999999920e-01   0.0000000000e+00   0.0000000000e+00   3.8350014304e-01
   9.4999999972e+02   1.1649985744e-01   0.0000000000e+00   5.0000000056e-01   0.0000000000e+00   0.0000000000e+00   3.8350014200e-01
   9.4999999972e+02   1.1649985744e-01   0.0000000000e+00   5.0000000056e-01   0.0000000000e+00   0.0000000000e+00   3.8350014200e-01
   9.4999999972e+02   1.1649985744e-01   0.0000000000e+00   5.0000000056e-01   0.0000000000e+00   0.0000000000e+00   3.8350014200e-01
   9.4999999972e+02   1.1649985744e-01   0.0000000000e+00   5.0000000056e-01   0.0000000000e+00   0.0000000000e+00   3.8350014200e-01
   9.4999999936e+02   1.1649985727e-01   0.0000000000e+00   5.0000000128e-01   0.0000000000e+00   0.0000000000e+00   3.8350014145e-01
   9.4999999936e+02   1.1649985727e-01   0.0000000000e+00   5.0000000128e-01   0.0000000000e+00   0.0000000000e+00   3.8350014145e-01
   9.4999999974e+02   1.1649985745e-01   0.0000000000e+00   5.0000000052e-01   0.0000000000e+00   0.0000000000e+00   3.8350014203e-01
   9.4999999974e+02   1.1649985745e-01   0.0000000000e+00   5.0000000052e-01   0.0000000000e+00   0.0000000000e+00   3.8350014203e-01
   9.5000000008e+02   1.1649985761e-01   0.0000000000e+00   4.9999999983e-01   0.0000000000e+00   0.0000000000e+00   3.8350014256e-01
   9.5000000008e+02   1.1649985761e-01   0.0000000000e+00   4.9999999983e-01   0.0000000000e+00   0.0000000000e+00   3.8350014256e-01
   9.5000000008e+02   1.1649985761e-01   0.0000000000e+00   4.9999999983e-01   0.0000000000e+00   0.0000000000e+00   3.8350014256e-01
   9.5000000008e+02   1.1649985761e-01   0.0000000000e+00   4.9999999983e-01   0.0000000000e+00   0.0000000000e+00   3.8350014256e-01
   9.4999999991e+02   1.1649985753e-01   0.0000000000e+00   5.0000000018e-01   0.0000000000e+00   0.0000000000e+00   3.8350014229e-01
   9.4999999991e+02   1.1649985753e-01   0.0000000000e+00   5.0000000018e-01   0.0000000000e+00   0.0000000000e+00   3.8350014229e-01
   9.4999999991e+02   1.1649985753e-01   0.0000000000e+00   5.0000000018e-01   0.0000000000e+00   0.0000000000e+00   3.8350014229e-01
   9.4999999991e+02   1.1649985753e-01   0.0000000000e+00   5.0000000018e-01   0.0000000000e+00   0.0000000000e+00   3.8350014229e-01
   9.5000000102e+02   1.1649985805e-01   0.0000000000e+00   4.9999999795e-01   0.0000000000e+00   0.0000000000e+00   3.8350014400e-01
   9.5000000102e+02   1.1649985805e-01   0.0000000000e+00   4.9999999795e-01   0.0000000000e+00   0.0000000000e+00   3.8350014400e-01
   9.5000000102e+02   1.1649985805e-01   0.0000000000e+00   4.9999999795e-01   0.0000000000e+00   0.0000000000e+00   3.8350014400e-01
   9.5000000102e+02   1.1649985805e-01   0.0000000000e+00   4.9999999795e-01   0.0000000000e+00   0.0000000000e+00   3.8350014400e-01
   9.5000000102e+02   1.1649985805e-01   0.0000000000e+00   4.9999999795e-01   0.0000000000e+00   0.0000000000e+00   3.8350014400e-01
   9.5000000102e+02   1.1649985805e-01   0.0000000000e+00   4.9999999795e-01   0.0000000000e+00   0.0000000000e+00   3.8350014400e-01
   9.5000000102e+02   1.1649985805e-01   0.0000000000e+00   4.9999999795e-01   0.0000000000e+00   0.0000000000e+00   3.8350014400e-01
   9.5000000102e+02   1.1649985805e-01   0.0000000000e+00   4.9999999795e-01   0.0000000000e+00   0.0000000000e+00   3.8350014400e-01
   9.4999999968e+02   1.1649985742e-01   0.0000000000e+00   5.0000000064e-01   0.0000000000e+00   0.0000000000e+00   3.8350014194e-01
   9.4999999968e+02   1.1649985742e-01   0.0000000000e+00   5.0000000064e-01   0.0000000000e+00   0.0000000000e+00   3.8350014194e-01
   9.4999999968e+02   1.1649985742e-01   0.0000000000e+00   5.0000000064e-01   0.0000000000e+00   0.0000000000e+00   3.8350014194e-01
   9.4999999968e+02   1.1649985742e-01   0.0000000000e+00   5.0000000064e-01   0.0000000000e+00   0.0000000000e+00   3.8350014194e-01
   9.4999999968e+02   1.1649985742e-01   0.0000000000e+00   5.0000000064e-01   0.0000000000e+00   0.0000000000e+00   3.8350014194e-01
   9.4999999968e+02   1.1649985742e-01   0.0000000000e+00   5.0000000064e-01   0.0000000000e+00   0.0000000000e+00   3.8350014194e-01
   9.4999999968e+02   1.1649985742e-01   0.0000000000e+00   5.0000000064e-01   0.0000000000e+00   0.0000000000e+00   3.8350014194e-01
   9.4999999968e+02   1.1649985742e-01   0.0000000000e+00   5.0000000064e-01   0.0000000000e+00   0.0000000000e+00   3.8350014194e-01
   9.5000000102e+02   1.1649985805e-01   0.0000000000e+00   4.9999999795e-01   0.0000000000e+00   0.0000000000e+00   3.8350014400e-01
   9.5000000102e+02   1.1649985805e-01   0.0000000000e+00   4.9999999795e-01   0.0000000000e+00   0.0000000000e+00   3.8350014400e-01
   9.5000000102e+02   1.1649985805e-01   0.0000000000e+00   4.9999999795e-01   0.0000000000e+00   0.0000000000e+00   3.8350014400e-01
   9.5000000102e+02   1.1649985805e-01   0.0000000000e+00   4.9999999795e-01   0.0000000000e+00   0.0000000000e+00   3.8350014400e-01
   9.5000000102e+02   1.1649985805e-01   0.0000000000e+00   4.9999999795e-01   0.0000000000e+00   0.0000000000e+00   3.8350014400e-01
   9.5000000102e+02   1.1649985805e-01   0.0000000000e+00   4.9999999795e-01   0.0000000000e+00   0.0000000000e+00   3.8350014400e-01
   9.5000000102e+02   1.1649985805e-01   0.0000000000e+00   4.9999999795e-01   0.0000000000e+00   0.0000000000e+00   3.8350014400e-01
   9.5000000102e+02   1.1649985805e-01   0.0000000000e+00   4.9999999795e-01   0.0000000000e+00   0.0000000000e+00   3.8350014400e-01
   9.4999999938e+02   1.1649985728e-01   0.0000000000e+00   5.0000000124e-01   0.0000000000e+00   0.0000000000e+00   3.8350014148e-01
   9.4999999938e+02   1.1649985728e-01   0.0000000000e+00   5.0000000124e-01   0.0000000000e+00   0.0000000000e+00   3.8350014148e-01
   9.4999999938e+02   1.1649985728e-01   0.0000000000e+00   5.0000000124e-01   0.0000000000e+00   0.0000000000e+00   3.8350014148e-01
   9.4999999938e+02   1.1649985728e-01   0.0000000000e+00   5.0000000124e-01   0.0000000000e+00   0.0000000000e+00   3.8350014148e-01
   9.4999999938e+02   1.1649985728e-01   0.0000000000e+00   5.0000000124e-01   0.0000000000e+00   0.0000000000e+00   3.8350014148e-01
   9.4999999938e+02   1.1649985728e-01   0.0000000000e+00   5.0000000124e-01   0.0000000000e+00   0.0000000000e+00   3.8350014148e-01
   9.4999999938e+02   1.1649985728e-01   0.0000000000e+00   5.0000000124e-01   0.0000000000e+00   0.0000000000e+00   3.8350014148e-01
   9.4999999938e+02   1.1649985728e-01   0.0000000000e+00   5.0000000124e-01   0.0000000000e+00   0.0000000000e+00   3.8350014148e-01
   9.5000000384e+02   1.1649985936e-01   0.0000000000e+00   4.9999999232e-01   0.0000000000e+00   0.0000000000e+00   3.8350014832e-01
   9.5000000384e+02   1.1649985936e-01   0.0000000000e+00   4.9999999232e-01   0.0000000000e+00   0.0000000000e+00   3.8350014832e-01
   9.5000000375e+02   1.1649985932e-01   0.0000000000e+00   4.9999999251e-01   0.0000000000e+00   0.0000000000e+00   3.8350014818e-01
   9.5000000375e+02   1.1649985932e-01   0.0000000000e+00   4.9999999251e-01   0.0000000000e+00   0.0000000000e+00   3.8350014818e-01
   9.5000000379e+02   1.1649985934e-01   0.0000000000e+00   4.9999999241e-01   0.0000000000e+00   0.0000000000e+00   3.8350014825e-01
   9.5000000379e+02   1.1649985934e-01   0.0000000000e+00   4.9999999241e-01   0.0000000000e+00   0.0000000000e+00   3.8350014825e-01
   9.5000000379e+02   1.1649985934e-01   0.0000000000e+00   4.9999999241e-01   0.0000000000e+00   0.0000000000e+00   3.8350014825e-01
   9.5000000379e+02   1.1649985934e-01   0.0000000000e+00   4.9999999241e-01   0.0000000000e+00   0.0000000000e+00   3.8350014825e-01
   9.5000000375e+02   1.1649985932e-01   0.0000000000e+00   4.9999999251e-01   0.0000000000e+00   0.0000000000e+00   3.8350014818e-01
   9.5000000375e+02   1.1649985932e-01   0.0000000000e+00   4.9999999251e-01   0.0000000000e+00   0.0000000000e+00   3.8350014818e-01
   9.5000000375e+02   1.1649985932e-01   0.0000000000e+00   4.9999999251e-01   0.0000000000e+00   0.0000000000e+00   3.8350014818e-01
   9.5000000375e+02   1.1649985932e-01   0.0000000000e+00   4.9999999251e-01   0.0000000000e+00   0.0000000000e+00   3.8350014818e-01
   9.5000000375e+02   1.1649985932e-01   0.0000000000e+00   4.9999999251e-01   0.0000000000e+00   0.0000000000e+00   3.8350014818e-01
   9.5000000375e+02   1.1649985932e-01   0.0000000000e+00   4.9999999251e-01   0.0000000000e+00   0.0000000000e+00   3.8350014818e-01
   9.5000000375e+02   1.1649985932e-01   0.0000000000e+00   4.9999999251e-01   0.0000000000e+00   0.0000000000e+00   3.8350014818e-01
   9.5000000375e+02   1.1649985932e-01   0.0000000000e+00   4.9999999251e-01   0.0000000000e+00   0.0000000000e+00   3.8350014818e-01
   9.4999999738e+02   1.1649985635e-01   0.0000000000e+00   5.0000000523e-01   0.0000000000e+00   0.0000000000e+00   3.8350013842e-01
   9.4999999738e+02   1.1649985635e-01   0.0000000000e+00   5.0000000523e-01   0.0000000000e+00   0.0000000000e+00   3.8350013842e-01
   9.4999999738e+02   1.1649985635e-01   0.0000000000e+00   5.0000000523e-01   0.0000000000e+00   0.0000000000e+00   3.8350013842e-01
   9.4999999738e+02   1.1649985635e-01   0.0000000000e+00   5.0000000523e-01   0.0000000000e+00   0.0000000000e+00   3.8350013842e-01
   9.4999999738e+02   1.1649985635e-01   0.0000000000e+00   5.0000000523e-01   0.0000000000e+00   0.0000000000e+00   3.8350013842e-01
   9.4999999738e+02   1.1649985635e-01   0.0000000000e+00   5.0000000523e-01   0.0000000000e+00   0.0000000000e+00   3.8350013842e-01
   9.4999999738e+02   1.1649985635e-01   0.0000000000e+00   5.0000000523e-01   0.0000000000e+00   0.0000000000e+00   3.8350013842e-01
   9.4999999738e+02   1.1649985635e-01   0.0000000000e+00   5.0000000523e-01   0.0000000000e+00   0.0000000000e+00   3.8350013842e-01
   9.4999999738e+02   1.1649985635e-01   0.0000000000e+00   5.0000000523e-01   0.0000000000e+00   0.0000000000e+00   3.8350013842e-01
   9.4999999738e+02   1.1649985635e-01   0.0000000000e+00   5.0000000523e-01   0.0000000000e+00   0.0000000000e+00   3.8350013842e-01
   9.4999999738e+02   1.1649985635e-01   0.0000000000e+00   5.0000000523e-01   0.0000000000e+00   0.0000000000e+00   3.8350013842e-01
   9.4999999738e+02   1.1649985635e-01   0.0000000000e+00   5.0000000523e-01   0.0000000000e+00   0.0000000000e+00   3.8350013842e-01
   9.4999999738e+02   1.1649985635e-01   0.0000000000e+00   5.0000000523e-01   0.0000000000e+00   0.0000000000e+00   3.8350013842e-01
   9.4999999738e+02   1.1649985635e-01   0.0000000000e+00   5.0000000523e-01   0.0000000000e+00   0.0000000000e+00   3.8350013842e-01
   9.4999999738e+02   1.1649985635e-01   0.0000000000e+00   5.0000000523e-01   0.0000000000e+00   0.0000000000e+00   3.8350013842e-01
   9.4999999738e+02   1.1649985635e-01   0.0000000000e+00   5.0000000523e-01   0.0000000000e+00   0.0000000000e+00   3.8350013842e-01
   9.4999999807e+02   1.1649985667e-01   0.0000000000e+00   5.0000000386e-01   0.0000000000e+00   0.0000000000e+00   3.8350013947e-01
   9.4999999807e+02   1.1649985667e-01   0.0000000000e+00   5.0000000386e-01   0.0000000000e+00   0.0000000000e+00   3.8350013947e-01
   9.4999999807e+02   1.1649985667e-01   0.0000000000e+00   5.0000000386e-01   0.0000000000e+00   0.0000000000e+00   3.8350013947e-01
   9.4999999807e+02   1.1649985667e-01   0.0000000000e+00   5.0000000386e-01   0.0000000000e+00   0.0000000000e+00   3.8350013947e-01
   9.5000000378e+02   1.1649985933e-01   0.0000000000e+00   4.9999999244e-01   0.0000000000e+00   0.0000000000e+00   3.8350014823e-01
   9.5000000378e+02   1.1649985933e-01   0.0000000000e+00   4.9999999244e-01   0.0000000000e+00   0.0000000000e+00   3.8350014823e-01
   9.5000000378e+02   1.1649985933e-01   0.0000000000e+00   4.9999999244e-01   0.0000000000e+00   0.0000000000e+00   3.8350014823e-01
   9.5000000378e+02   1.1649985933e-01   0.0000000000e+00   4.9999999244e-01   0.0000000000e+00   0.0000000000e+00   3.8350014823e-01
   9.5000000378e+02   1.1649985933e-01   0.0000000000e+00   4.9999999244e-01   0.0000000000e+00   0.0000000000e+00   3.8350014823e-01
   9.5000000378e+02   1.1649985933e-01   0.0000000000e+00   4.9999999244e-01   0.0000000000e+00   0.0000000000e+00   3.8350014823e-01
   9.4999999807e+02   1.1649985667e-01   0.0000000000e+00   5.0000000386e-01   0.0000000000e+00   0.0000000000e+00   3.8350013947e-01
   9.4999999807e+02   1.1649985667e-01   0.0000000000e+00   5.0000000386e-01   0.0000000000e+00   0.0000000000e+00   3.8350013947e-01
   9.5000000378e+02   1.1649985933e-01   0.0000000000e+00   4.9999999244e-01   0.0000000000e+00   0.0000000000e+00   3.8350014823e-01
   9.5000000378e+02   1.1649985933e-01   0.0000000000e+00   4.9999999244e-01   0.0000000000e+00   0.0000000000e+00   3.8350014823e-01
   9.4999999807e+02   1.1649985667e-01   0.0000000000e+00   5.0000000386e-01   0.0000000000e+00   0.0000000000e+00   3.8350013947e-01
   9.4999999807e+02   1.1649985667e-01   0.0000000000e+00   5.0000000386e-01   0.0000000000e+00   0.0000000000e+00   3.8350013947e-01
   9.4999999798e+02   1.1649985663e-01   0.0000000000e+00   5.0000000405e-01   0.0000000000e+00   0.0000000000e+00   3.8350013932e-01
   9.4999999798e+02   1.1649985663e-01   0.0000000000e+00   5.0000000405e-01   0.0000000000e+00   0.0000000000e+00   3.8350013932e-01
   9.4999999804e+02   1.1649985666e-01   0.0000000000e+00   5.0000000393e-01   0.0000000000e+00   0.0000000000e+00   3.8350013942e-01
   9.4999999804e+02   1.1649985666e-01   0.0000000000e+00   5.0000000393e-01   0.0000000000e+00   0.0000000000e+00   3.8350013942e-01
   9.4999999801e+02   1.1649985664e-01   0.0000000000e+00   5.0000000399e-01   0.0000000000e+00   0.0000000000e+00   3.8350013937e-01
   9.4999999801e+02   1.1649985664e-01   0.0000000000e+00   5.0000000399e-01   0.0000000000e+00   0.0000000000e+00   3.8350013937e-01
   9.4999999801e+02   1.1649985664e-01   0.0000000000e+00   5.0000000399e-01   0.0000000000e+00   0.0000000000e+00   3.8350013937e-01
   9.4999999801e+02   1.1649985664e-01   0.0000000000e+00   5.0000000399e-01   0.0000000000e+00   0.0000000000e+00   3.8350013937e-01
   9.5000000369e+02   1.1649985929e-01   0.0000000000e+00   4.9999999262e-01   0.0000000000e+00   0.0000000000e+00   3.8350014809e-01
   9.5000000369e+02   1.1649985929e-01   0.0000000000e+00   4.9999999262e-01   0.0000000000e+00   0.0000000000e+00   3.8350014809e-01
   9.5000000375e+02   1.1649985932e-01   0.0000000000e+00   4.9999999251e-01   0.0000000000e+00   0.0000000000e+00   3.8350014818e-01
   9.5000000375e+02   1.1649985932e-01   0.0000000000e+00   4.9999999251e-01   0.0000000000e+00   0.0000000000e+00   3.8350014818e-01
   9.5000000363e+02   1.1649985926e-01   0.0000000000e+00   4.9999999273e-01   0.0000000000e+00   0.0000000000e+00   3.8350014801e-01
   9.5000000363e+02   1.1649985926e-01   0.0000000000e+00   4.9999999273e-01   0.0000000000e+00   0.0000000000e+00   3.8350014801e-01
   9.5000000369e+02   1.1649985929e-01   0.0000000000e+00   4.9999999262e-01   0.0000000000e+00   0.0000000000e+00   3.8350014809e-01
   9.5000000369e+02   1.1649985929e-01   0.0000000000e+00   4.9999999262e-01   0.0000000000e+00   0.0000000000e+00   3.8350014809e-01
   9.4999999909e+02   1.1649985715e-01   0.0000000000e+00   5.0000000181e-01   0.0000000000e+00   0.0000000000e+00   3.8350014104e-01
   9.4999999909e+02   1.1649985715e-01   0.0000000000e+00   5.0000000181e-01   0.0000000000e+00   0.0000000000e+00   3.8350014104e-01
   9.4999999909e+02   1.1649985715e-01   0.0000000000e+00   5.0000000181e-01   0.0000000000e+00   0.0000000000e+00   3.8350014104e-01
   9.4999999909e+02   1.1649985715e-01   0.0000000000e+00   5.0000000181e-01   0.0000000000e+00   0.0000000000e+00   3.8350014104e-01
   9.4999999909e+02   1.1649985715e-01   0.0000000000e+00   5.0000000181e-01   0.0000000000e+00   0.0000000000e+00   3.8350014104e-01
   9.4999999909e+02   1.1649985715e-01   0.0000000000e+00   5.0000000181e-01   0.0000000000e+00   0.0000000000e+00   3.8350014104e-01
   9.4999999909e+02   1.1649985715e-01   0.0000000000e+00   5.0000000181e-01   0.0000000000e+00   0.0000000000e+00   3.8350014104e-01
   9.4999999909e+02   1.1649985715e-01   0.0000000000e+00   5.0000000181e-01   0.0000000000e+00   0.0000000000e+00   3.8350014104e-01
   9.5000000086e+02   1.1649985797e-01   0.0000000000e+00   4.9999999829e-01   0.0000000000e+00   0.0000000000e+00   3.8350014374e-01
   9.5000000086e+02   1.1649985797e-01   0.0000000000e+00   4.9999999829e-01   0.0000000000e+00   0.0000000000e+00   3.8350014374e-01
   9.5000000086e+02   1.1649985797e-01   0.0000000000e+00   4.9999999829e-01   0.0000000000e+00   0.0000000000e+00   3.8350014374e-01
   9.5000000086e+02   1.1649985797e-01   0.0000000000e+00   4.9999999829e-01   0.0000000000e+00   0.0000000000e+00   3.8350014374e-01
   9.4999999968e+02   1.1649985742e-01   0.0000000000e+00   5.0000000064e-01   0.0000000000e+00   0.0000000000e+00   3.8350014194e-01
   9.4999999968e+02   1.1649985742e-01   0.0000000000e+00   5.0000000064e-01   0.0000000000e+00   0.0000000000e+00   3.8350014194e-01
   9.4999999968e+02   1.1649985742e-01   0.0000000000e+00   5.0000000064e-01   0.0000000000e+00   0.0000000000e+00   3.8350014194e-01
   9.4999999968e+02   1.1649985742e-01   0.0000000000e+00   5.0000000064e-01   0.0000000000e+00   0.0000000000e+00   3.8350014194e-01
   9.4999999935e+02   1.1649985727e-01   0.0000000000e+00   5.0000000130e-01   0.0000000000e+00   0.0000000000e+00   3.8350014143e-01
   9.4999999935e+02   1.1649985727e-01   0.0000000000e+00   5.0000000130e-01   0.0000000000e+00   0.0000000000e+00   3.8350014143e-01
   9.4999999935e+02   1.1649985727e-01   0.0000000000e+00   5.0000000130e-01   0.0000000000e+00   0.0000000000e+00   3.8350014143e-01
   9.4999999935e+02   1.1649985727e-01   0.0000000000e+00   5.0000000130e-01   0.0000000000e+00   0.0000000000e+00   3.8350014143e-01
   9.4999999940e+02   1.1649985729e-01   0.0000000000e+00   5.0000000120e-01   0.0000000000e+00   0.0000000000e+00   3.8350014151e-01
   9.4999999940e+02   1.1649985729e-01   0.0000000000e+00   5.0000000120e-01   0.0000000000e+00   0.0000000000e+00   3.8350014151e-01
   9.4999999940e+02   1.1649985729e-01   0.0000000000e+00   5.0000000120e-01   0.0000000000e+00   0.0000000000e+00   3.8350014151e-01
   9.4999999940e+02   1.1649985729e-01   0.0000000000e+00   5.0000000120e-01   0.0000000000e+00   0.0000000000e+00   3.8350014151e-01
   9.4999999850e+02   1.1649985687e-01   0.0000000000e+00   5.0000000300e-01   0.0000000000e+00   0.0000000000e+00   3.8350014013e-01
   9.4999999850e+02   1.1649985687e-01   0.0000000000e+00   5.0000000300e-01   0.0000000000e+00   0.0000000000e+00   3.8350014013e-01
   9.4999999850e+02   1.1649985687e-01   0.0000000000e+00   5.0000000300e-01   0.0000000000e+00   0.0000000000e+00   3.8350014013e-01
   9.4999999850e+02   1.1649985687e-01   0.0000000000e+00   5.0000000300e-01   0.0000000000e+00   0.0000000000e+00   3.8350014013e-01
   9.4999999951e+02   1.1649985734e-01   0.0000000000e+00   5.0000000099e-01   0.0000000000e+00   0.0000000000e+00   3.8350014167e-01
   9.4999999951e+02   1.1649985734e-01   0.0000000000e+00   5.0000000099e-01   0.0000000000e+00   0.0000000000e+00   3.8350014167e-01
   9.4999999929e+02   1.1649985724e-01   0.0000000000e+00   5.0000000141e-01   0.0000000000e+00   0.0000000000e+00   3.8350014135e-01
   9.4999999929e+02   1.1649985724e-01   0.0000000000e+00   5.0000000141e-01   0.0000000000e+00   0.0000000000e+00   3.8350014135e-01
   9.5000000198e+02   1.1649985849e-01   0.0000000000e+00   4.9999999604e-01   0.0000000000e+00   0.0000000000e+00   3.8350014546e-01
   9.5000000198e+02   1.1649985849e-01   0.0000000000e+00   4.9999999604e-01   0.0000000000e+00   0.0000000000e+00   3.8350014546e-01
   9.5000000385e+02   1.1649985937e-01   0.0000000000e+00   4.9999999230e-01   0.0000000000e+00   0.0000000000e+00   3.8350014834e-01
   9.5000000385e+02   1.1649985937e-01   0.0000000000e+00   4.9999999230e-01   0.0000000000e+00   0.0000000000e+00   3.8350014834e-01
   9.5000000198e+02   1.1649985849e-01   0.0000000000e+00   4.9999999604e-01   0.0000000000e+00   0.0000000000e+00   3.8350014546e-01
   9.5000000198e+02   1.1649985849e-01   0.0000000000e+00   4.9999999604e-01   0.0000000000e+00   0.0000000000e+00   3.8350014546e-01
   9.5000000010e+02   1.1649985762e-01   0.0000000000e+00   4.9999999979e-01   0.0000000000e+00   0.0000000000e+00   3.8350014259e-01
   9.5000000010e+02   1.1649985762e-01   0.0000000000e+00   4.9999999979e-01   0.0000000000e+00   0.0000000000e+00   3.8350014259e-01
   9.5000000236e+02   1.1649985867e-01   0.0000000000e+00   4.9999999528e-01   0.0000000000e+00   0.0000000000e+00   3.8350014605e-01
   9.5000000236e+02   1.1649985867e-01   0.0000000000e+00   4.9999999528e-01   0.0000000000e+00   0.0000000000e+00   3.8350014605e-01
   9.5000000236e+02   1.1649985867e-01   0.0000000000e+00   4.9999999528e-01   0.0000000000e+00   0.0000000000e+00   3.8350014605e-01
   9.5000000236e+02   1.1649985867e-01   0.0000000000e+00   4.9999999528e-01   0.0000000000e+00   0.0000000000e+00   3.8350014605e-01
   9.5000000236e+02   1.1649985867e-01   0.0000000000e+00   4.9999999528e-01   0.0000000000e+00   0.0000000000e+00   3.8350014605e-01
   9.5000000236e+02   1.1649985867e-01   0.0000000000e+00   4.9999999528e-01   0.0000000000e+00   0.0000000000e+00   3.8350014605e-01
   9.5000000236e+02   1.1649985867e-01   0.0000000000e+00   4.9999999528e-01   0.0000000000e+00   0.0000000000e+00   3.8350014605e-01
   9.5000000236e+02   1.1649985867e-01   0.0000000000e+00   4.9999999528e-01   0.0000000000e+00   0.0000000000e+00   3.8350014605e-01
   9.4999999871e+02   1.1649985697e-01   0.0000000000e+00   5.0000000259e-01   0.0000000000e+00   0.0000000000e+00   3.8350014044e-01
   9.4999999871e+02   1.1649985697e-01   0.0000000000e+00   5.0000000259e-01   0.0000000000e+00   0.0000000000e+00   3.8350014044e-01
   9.4999999871e+02   1.1649985697e-01   0.0000000000e+00   5.0000000259e-01   0.0000000000e+00   0.0000000000e+00   3.8350014044e-01
   9.4999999871e+02   1.1649985697e-01   0.0000000000e+00   5.0000000259e-01   0.0000000000e+00   0.0000000000e+00   3.8350014044e-01
   9.4999999871e+02   1.1649985697e-01   0.0000000000e+00   5.0000000259e-01   0.0000000000e+00   0.0000000000e+00   3.8350014044e-01
   9.4999999871e+02   1.1649985697e-01   0.0000000000e+00   5.0000000259e-01   0.0000000000e+00   0.0000000000e+00   3.8350014044e-01
   9.4999999871e+02   1.1649985697e-01   0.0000000000e+00   5.0000000259e-01   0.0000000000e+00   0.0000000000e+00   3.8350014044e-01
   9.4999999871e+02   1.1649985697e-01   0.0000000000e+00   5.0000000259e-01   0.0000000000e+00   0.0000000000e+00   3.8350014044e-01
   9.4999999664e+02   1.1649985600e-01   0.0000000000e+00   5.0000000672e-01   0.0000000000e+00   0.0000000000e+00   3.8350013728e-01
   9.4999999664e+02   1.1649985600e-01   0.0000000000e+00   5.0000000672e-01   0.0000000000e+00   0.0000000000e+00   3.8350013728e-01
   9.4999999867e+02   1.1649985695e-01   0.0000000000e+00   5.0000000265e-01   0.0000000000e+00   0.0000000000e+00   3.8350014039e-01
   9.4999999867e+02   1.1649985695e-01   0.0000000000e+00   5.0000000265e-01   0.0000000000e+00   0.0000000000e+00   3.8350014039e-01
   9.4999999969e+02   1.1649985742e-01   0.0000000000e+00   5.0000000062e-01   0.0000000000e+00   0.0000000000e+00   3.8350014195e-01
   9.4999999969e+02   1.1649985742e-01   0.0000000000e+00   5.0000000062e-01   0.0000000000e+00   0.0000000000e+00   3.8350014195e-01
   9.4999999969e+02   1.1649985742e-01   0.0000000000e+00   5.0000000062e-01   0.0000000000e+00   0.0000000000e+00   3.8350014195e-01
   9.4999999969e+02   1.1649985742e-01   0.0000000000e+00   5.0000000062e-01   0.0000000000e+00   0.0000000000e+00   3.8350014195e-01