# time = 34.0296
# Grid Poins = 256    variable_0    variable_1    variable_2    variable_3    variable_4    variable_5    variable_6
   9.4936668111e+02   1.1620473133e-01   0.0000000000e+00   5.0126663778e-01   0.0000000000e+00   0.0000000000e+00   3.8252863089e-01
   9.4936668111e+02   1.1620473133e-01   0.0000000000e+00   5.0126663778e-01   0.0000000000e+00   0.0000000000e+00   3.8252863089e-01
   9.4936668111e+02   1.1620473133e-01   0.0000000000e+00   5.0126663778e-01   0.0000000000e+00   0.0000000000e+00   3.8252863089e-01
   9.4936668111e+02   1.1620473133e-01   0.0000000000e+00   5.0126663778e-01   0.0000000000e+00   0.0000000000e+00   3.8252863089e-01
   9.5000326919e+02   1.1650138101e-01   0.0000000000e+00   4.9999346163e-01   0.0000000000e+00   0.0000000000e+00   3.8350515736e-01
   9.5000326919e+02   1.1650138101e-01   0.0000000000e+00   4.9999346163e-01   0.0000000000e+00   0.0000000000e+00   3.8350515736e-01
   9.5000326919e+02   1.1650138101e-01   0.0000000000e+00   4.9999346163e-01   0.0000000000e+00   0.0000000000e+00   3.8350515736e-01
   9.5000326919e+02   1.1650138101e-01   0.0000000000e+00   4.9999346163e-01   0.0000000000e+00   0.0000000000e+00   3.8350515736e-01
   9.4937097357e+02   1.1620673161e-01   0.0000000000e+00   5.0125805285e-01   0.0000000000e+00   0.0000000000e+00   3.8253521553e-01
   9.4937097357e+02   1.1620673161e-01   0.0000000000e+00   5.0125805285e-01   0.0000000000e+00   0.0000000000e+00   3.8253521553e-01
   9.4937097357e+02   1.1620673161e-01   0.0000000000e+00   5.0125805285e-01   0.0000000000e+00   0.0000000000e+00   3.8253521553e-01
   9.4937097357e+02   1.1620673161e-01   0.0000000000e+00   5.0125805285e-01   0.0000000000e+00   0.0000000000e+00   3.8253521553e-01
   9.5097306727e+02   1.1695330636e-01   0.0000000000e+00   4.9805386547e-01   0.0000000000e+00   0.0000000000e+00   3.8499282817e-01
   9.5097306727e+02   1.1695330636e-01   0.0000000000e+00   4.9805386547e-01   0.0000000000e+00   0.0000000000e+00   3.8499282817e-01
   9.4923533175e+02   1.1614352260e-01   0.0000000000e+00   5.0152933651e-01   0.0000000000e+00   0.0000000000e+00   3.8232714089e-01
   9.4923533175e+02   1.1614352260e-01   0.0000000000e+00   5.0152933651e-01   0.0000000000e+00   0.0000000000e+00   3.8232714089e-01
   9.4934980780e+02   1.1619686837e-01   0.0000000000e+00   5.0130038441e-01   0.0000000000e+00   0.0000000000e+00   3.8250274722e-01
   9.4934980780e+02   1.1619686837e-01   0.0000000000e+00   5.0130038441e-01   0.0000000000e+00   0.0000000000e+00   3.8250274722e-01
   9.4931176871e+02   1.1617914218e-01   0.0000000000e+00   5.0137646258e-01   0.0000000000e+00   0.0000000000e+00   3.8244439524e-01
   9.4931176871e+02   1.1617914218e-01   0.0000000000e+00   5.0137646258e-01   0.0000000000e+00   0.0000000000e+00   3.8244439524e-01
   9.4933078825e+02   1.1618800528e-01   0.0000000000e+00   5.0133842350e-01   0.0000000000e+00   0.0000000000e+00   3.8247357123e-01
   9.4933078825e+02   1.1618800528e-01   0.0000000000e+00   5.0133842350e-01   0.0000000000e+00   0.0000000000e+00   3.8247357123e-01
   9.4933078825e+02   1.1618800528e-01   0.0000000000e+00   5.0133842350e-01   0.0000000000e+00   0.0000000000e+00   3.8247357123e-01
   9.4933078825e+02   1.1618800528e-01   0.0000000000e+00   5.0133842350e-01   0.0000000000e+00   0.0000000000e+00   3.8247357123e-01
   9.5005373435e+02   1.1652489774e-01   0.0000000000e+00   4.9989253131e-01   0.0000000000e+00   0.0000000000e+00   3.8358257095e-01
   9.5005373435e+02   1.1652489774e-01   0.0000000000e+00   4.9989253131e-01   0.0000000000e+00   0.0000000000e+00   3.8358257095e-01
   9.5005373435e+02   1.1652489774e-01   0.0000000000e+00   4.9989253131e-01   0.0000000000e+00   0.0000000000e+00   3.8358257095e-01
   9.5005373435e+02   1.1652489774e-01   0.0000000000e+00   4.9989253131e-01   0.0000000000e+00   0.0000000000e+00   3.8358257095e-01
   9.5005373435e+02   1.1652489774e-01   0.0000000000e+00   4.9989253131e-01   0.0000000000e+00   0.0000000000e+00   3.8358257095e-01
   9.5005373435e+02   1.1652489774e-01   0.0000000000e+00   4.9989253131e-01   0.0000000000e+00   0.0000000000e+00   3.8358257095e-01
   9.5005373435e+02   1.1652489774e-01   0.0000000000e+00   4.9989253131e-01   0.0000000000e+00   0.0000000000e+00   3.8358257095e-01
   9.5005373435e+02   1.1652489774e-01   0.0000000000e+00   4.9989253131e-01   0.0000000000e+00   0.0000000000e+00   3.8358257095e-01
   9.4920848757e+02   1.1613101323e-01   0.0000000000e+00   5.0158302485e-01   0.0000000000e+00   0.0000000000e+00   3.8228596192e-01
   9.4920848757e+02   1.1613101323e-01   0.0000000000e+00   5.0158302485e-01   0.0000000000e+00   0.0000000000e+00   3.8228596192e-01
   9.4920848757e+02   1.1613101323e-01   0.0000000000e+00   5.0158302485e-01   0.0000000000e+00   0.0000000000e+00   3.8228596192e-01
   9.4920848757e+02   1.1613101323e-01   0.0000000000e+00   5.0158302485e-01   0.0000000000e+00   0.0000000000e+00   3.8228596192e-01
   9.5053877343e+02   1.1675092568e-01   0.0000000000e+00   4.9892245314e-01   0.0000000000e+00   0.0000000000e+00   3.8432662118e-01
   9.5053877343e+02   1.1675092568e-01   0.0000000000e+00   4.9892245314e-01   0.0000000000e+00   0.0000000000e+00   3.8432662118e-01
   9.5053877343e+02   1.1675092568e-01   0.0000000000e+00   4.9892245314e-01   0.0000000000e+00   0.0000000000e+00   3.8432662118e-01
   9.5053877343e+02   1.1675092568e-01   0.0000000000e+00   4.9892245314e-01   0.0000000000e+00   0.0000000000e+00   3.8432662118e-01
   9.4956869526e+02   1.1629886981e-01   0.0000000000e+00   5.0086260947e-01   0.0000000000e+00   0.0000000000e+00   3.8283852072e-01
   9.4956869526e+02   1.1629886981e-01   0.0000000000e+00   5.0086260947e-01   0.0000000000e+00   0.0000000000e+00   3.8283852072e-01
   9.4956869526e+02   1.1629886981e-01   0.0000000000e+00   5.0086260947e-01   0.0000000000e+00   0.0000000000e+00   3.8283852072e-01
   9.4956869526e+02   1.1629886981e-01   0.0000000000e+00   5.0086260947e-01   0.0000000000e+00   0.0000000000e+00   3.8283852072e-01
   9.4956869526e+02   1.1629886981e-01   0.0000000000e+00   5.0086260947e-01   0.0000000000e+00   0.0000000000e+00   3.8283852072e-01
   9.4956869526e+02   1.1629886981e-01   0.0000000000e+00   5.0086260947e-01   0.0000000000e+00   0.0000000000e+00   3.8283852072e-01
   9.4956869526e+02   1.1629886981e-01   0.0000000000e+00   5.0086260947e-01   0.0000000000e+00   0.0000000000e+00   3.8283852072e-01
   9.4956869526e+02   1.1629886981e-01   0.0000000000e+00   5.0086260947e-01   0.0000000000e+00   0.0000000000e+00   3.8283852072e-01
   9.4927690311e+02   1.1616289483e-01   0.0000000000e+00   5.0144619377e-01   0.0000000000e+00   0.0000000000e+00   3.8239091139e-01
   9.4927690311e+02   1.1616289483e-01   0.0000000000e+00   5.0144619377e-01   0.0000000000e+00   0.0000000000e+00   3.8239091139e-01
   9.4927690311e+02   1.1616289483e-01   0.0000000000e+00   5.0144619377e-01   0.0000000000e+00   0.0000000000e+00   3.8239091139e-01
   9.4927690311e+02   1.1616289483e-01   0.0000000000e+00   5.0144619377e-01   0.0000000000e+00   0.0000000000e+00   3.8239091139e-01
   9.4927690311e+02   1.1616289483e-01   0.0000000000e+00   5.0144619377e-01   0.0000000000e+00   0.0000000000e+00   3.8239091139e-01
   9.4927690311e+02   1.1616289483e-01   0.0000000000e+00   5.0144619377e-01   0.0000000000e+00   0.0000000000e+00   3.8239091139e-01
   9.4927690311e+02   1.1616289483e-01   0.0000000000e+00   5.0144619377e-01   0.0000000000e+00   0.0000000000e+00   3.8239091139e-01
   9.4927690311e+02   1.1616289483e-01   0.0000000000e+00   5.0144619377e-01   0.0000000000e+00   0.0000000000e+00   3.8239091139e-01
   9.4920848757e+02   1.1613101323e-01   0.0000000000e+00   5.0158302485e-01   0.0000000000e+00   0.0000000000e+00   3.8228596192e-01
   9.4920848757e+02   1.1613101323e-01   0.0000000000e+00   5.0158302485e-01   0.0000000000e+00   0.0000000000e+00   3.8228596192e-01
   9.4920848757e+02   1.1613101323e-01   0.0000000000e+00   5.0158302485e-01   0.0000000000e+00   0.0000000000e+00   3.8228596192e-01
   9.4920848757e+02   1.1613101323e-01   0.0000000000e+00   5.0158302485e-01   0.0000000000e+00   0.0000000000e+00   3.8228596192e-01
   9.5053877343e+02   1.1675092568e-01   0.0000000000e+00   4.9892245314e-01   0.0000000000e+00   0.0000000000e+00   3.8432662118e-01
   9.5053877343e+02   1.1675092568e-01   0.0000000000e+00   4.9892245314e-01   0.0000000000e+00   0.0000000000e+00   3.8432662118e-01
   9.5053877343e+02   1.1675092568e-01   0.0000000000e+00   4.9892245314e-01   0.0000000000e+00   0.0000000000e+00   3.8432662118e-01
   9.5053877343e+02   1.1675092568e-01   0.0000000000e+00   4.9892245314e-01   0.0000000000e+00   0.0000000000e+00   3.8432662118e-01
   9.4867362170e+02   1.1588176604e-01   0.0000000000e+00   5.0265275661e-01   0.0000000000e+00   0.0000000000e+00   3.8146547736e-01
   9.4867362170e+02   1.1588176604e-01   0.0000000000e+00   5.0265275661e-01   0.0000000000e+00   0.0000000000e+00   3.8146547736e-01
   9.4867362170e+02   1.1588176604e-01   0.0000000000e+00   5.0265275661e-01   0.0000000000e+00   0.0000000000e+00   3.8146547736e-01
   9.4867362170e+02   1.1588176604e-01   0.0000000000e+00   5.0265275661e-01   0.0000000000e+00   0.0000000000e+00   3.8146547736e-01
   9.4841189060e+02   1.1575979949e-01   0.0000000000e+00   5.0317621881e-01   0.0000000000e+00   0.0000000000e+00   3.8106398170e-01
   9.4841189060e+02   1.1575979949e-01   0.0000000000e+00   5.0317621881e-01   0.0000000000e+00   0.0000000000e+00   3.8106398170e-01
   9.4841189060e+02   1.1575979949e-01   0.0000000000e+00   5.0317621881e-01   0.0000000000e+00   0.0000000000e+00   3.8106398170e-01
   9.4841189060e+02   1.1575979949e-01   0.0000000000e+00   5.0317621881e-01   0.0000000000e+00   0.0000000000e+00   3.8106398170e-01
   9.4854275615e+02   1.1582078276e-01   0.0000000000e+00   5.0291448771e-01   0.0000000000e+00   0.0000000000e+00   3.8126472953e-01
   9.4854275615e+02   1.1582078276e-01   0.0000000000e+00   5.0291448771e-01   0.0000000000e+00   0.0000000000e+00   3.8126472953e-01
   9.4854275615e+02   1.1582078276e-01   0.0000000000e+00   5.0291448771e-01   0.0000000000e+00   0.0000000000e+00   3.8126472953e-01
   9.4854275615e+02   1.1582078276e-01   0.0000000000e+00   5.0291448771e-01   0.0000000000e+00   0.0000000000e+00   3.8126472953e-01
   9.4867362170e+02   1.1588176604e-01   0.0000000000e+00   5.0265275661e-01   0.0000000000e+00   0.0000000000e+00   3.8146547736e-01
   9.4867362170e+02   1.1588176604e-01   0.0000000000e+00   5.0265275661e-01   0.0000000000e+00   0.0000000000e+00   3.8146547736e-01
   9.4841189060e+02   1.1575979949e-01   0.0000000000e+00   5.0317621881e-01   0.0000000000e+00   0.0000000000e+00   3.8106398170e-01
   9.4841189060e+02   1.1575979949e-01   0.0000000000e+00   5.0317621881e-01   0.0000000000e+00   0.0000000000e+00   3.8106398170e-01
   9.4784951821e+02   1.1549773428e-01   0.0000000000e+00   5.0430096357e-01   0.0000000000e+00   0.0000000000e+00   3.8020130215e-01
   9.4784951821e+02   1.1549773428e-01   0.0000000000e+00   5.0430096357e-01   0.0000000000e+00   0.0000000000e+00   3.8020130215e-01
   9.4784951821e+02   1.1549773428e-01   0.0000000000e+00   5.0430096357e-01   0.0000000000e+00   0.0000000000e+00   3.8020130215e-01
   9.4784951821e+02   1.1549773428e-01   0.0000000000e+00   5.0430096357e-01   0.0000000000e+00   0.0000000000e+00   3.8020130215e-01
   9.4898290320e+02   1.1602589104e-01   0.0000000000e+00   5.0203419361e-01   0.0000000000e+00   0.0000000000e+00   3.8193991536e-01
   9.4898290320e+02   1.1602589104e-01   0.0000000000e+00   5.0203419361e-01   0.0000000000e+00   0.0000000000e+00   3.8193991536e-01
   9.4898290320e+02   1.1602589104e-01   0.0000000000e+00   5.0203419361e-01   0.0000000000e+00   0.0000000000e+00   3.8193991536e-01
   9.4898290320e+02   1.1602589104e-01   0.0000000000e+00   5.0203419361e-01   0.0000000000e+00   0.0000000000e+00   3.8193991536e-01
   9.4898290320e+02   1.1602589104e-01   0.0000000000e+00   5.0203419361e-01   0.0000000000e+00   0.0000000000e+00   3.8193991536e-01
   9.4898290320e+02   1.1602589104e-01   0.0000000000e+00   5.0203419361e-01   0.0000000000e+00   0.0000000000e+00   3.8193991536e-01
   9.4784951821e+02   1.1549773428e-01   0.0000000000e+00   5.0430096357e-01   0.0000000000e+00   0.0000000000e+00   3.8020130215e-01
   9.4784951821e+02   1.1549773428e-01   0.0000000000e+00   5.0430096357e-01   0.0000000000e+00   0.0000000000e+00   3.8020130215e-01
   9.4841621071e+02   1.1576181266e-01   0.0000000000e+00   5.0316757859e-01   0.0000000000e+00   0.0000000000e+00   3.8107060875e-01
   9.4841621071e+02   1.1576181266e-01   0.0000000000e+00   5.0316757859e-01   0.0000000000e+00   0.0000000000e+00   3.8107060875e-01
   9.4841621071e+02   1.1576181266e-01   0.0000000000e+00   5.0316757859e-01   0.0000000000e+00   0.0000000000e+00   3.8107060875e-01
   9.4841621071e+02   1.1576181266e-01   0.0000000000e+00   5.0316757859e-01   0.0000000000e+00   0.0000000000e+00   3.8107060875e-01
   9.4855177072e+02   1.1582498355e-01   0.0000000000e+00   5.0289645856e-01   0.0000000000e+00   0.0000000000e+00   3.8127855789e-01
   9.4855177072e+02   1.1582498355e-01   0.0000000000e+00   5.0289645856e-01   0.0000000000e+00   0.0000000000e+00   3.8127855789e-01
   9.4855177072e+02   1.1582498355e-01   0.0000000000e+00   5.0289645856e-01   0.0000000000e+00   0.0000000000e+00   3.8127855789e-01
   9.4855177072e+02   1.1582498355e-01   0.0000000000e+00   5.0289645856e-01   0.0000000000e+00   0.0000000000e+00   3.8127855789e-01
   9.4855177072e+02   1.1582498355e-01   0.0000000000e+00   5.0289645856e-01   0.0000000000e+00   0.0000000000e+00   3.8127855789e-01
   9.4855177072e+02   1.1582498355e-01   0.0000000000e+00   5.0289645856e-01   0.0000000000e+00   0.0000000000e+00   3.8127855789e-01
   9.4855177072e+02   1.1582498355e-01   0.0000000000e+00   5.0289645856e-01   0.0000000000e+00   0.0000000000e+00   3.8127855789e-01
   9.4855177072e+02   1.1582498355e-01   0.0000000000e+00   5.0289645856e-01   0.0000000000e+00   0.0000000000e+00   3.8127855789e-01
   9.4862614798e+02   1.1585964331e-01   0.0000000000e+00   5.0274770403e-01   0.0000000000e+00   0.0000000000e+00   3.8139265265e-01
   9.4862614798e+02   1.1585964331e-01   0.0000000000e+00   5.0274770403e-01   0.0000000000e+00   0.0000000000e+00   3.8139265265e-01
   9.4862614798e+02   1.1585964331e-01   0.0000000000e+00   5.0274770403e-01   0.0000000000e+00   0.0000000000e+00   3.8139265265e-01
   9.4862614798e+02   1.1585964331e-01   0.0000000000e+00   5.0274770403e-01   0.0000000000e+00   0.0000000000e+00   3.8139265265e-01
   9.4862614798e+02   1.1585964331e-01   0.0000000000e+00   5.0274770403e-01   0.0000000000e+00   0.0000000000e+00   3.8139265265e-01
   9.4862614798e+02   1.1585964331e-01   0.0000000000e+00   5.0274770403e-01   0.0000000000e+00   0.0000000000e+00   3.8139265265e-01
   9.4862614798e+02   1.1585964331e-01   0.0000000000e+00   5.0274770403e-01   0.0000000000e+00   0.0000000000e+00   3.8139265265e-01
   9.4862614798e+02   1.1585964331e-01   0.0000000000e+00   5.0274770403e-01   0.0000000000e+00   0.0000000000e+00   3.8139265265e-01
   9.4864283434e+02   1.1586741914e-01   0.0000000000e+00   5.0271433132e-01   0.0000000000e+00   0.0000000000e+00   3.8141824953e-01
   9.4864283434e+02   1.1586741914e-01   0.0000000000e+00   5.0271433132e-01   0.0000000000e+00   0.0000000000e+00   3.8141824953e-01
   9.4864283434e+02   1.1586741914e-01   0.0000000000e+00   5.0271433132e-01   0.0000000000e+00   0.0000000000e+00   3.8141824953e-01
   9.4864283434e+02   1.1586741914e-01   0.0000000000e+00   5.0271433132e-01   0.0000000000e+00   0.0000000000e+00   3.8141824953e-01
   9.4864283434e+02   1.1586741914e-01   0.0000000000e+00   5.0271433132e-01   0.0000000000e+00   0.0000000000e+00   3.8141824953e-01
   9.4864283434e+02   1.1586741914e-01   0.0000000000e+00   5.0271433132e-01   0.0000000000e+00   0.0000000000e+00   3.8141824953e-01
   9.4864283434e+02   1.1586741914e-01   0.0000000000e+00   5.0271433132e-01   0.0000000000e+00   0.0000000000e+00   3.8141824953e-01
   9.4864283434e+02   1.1586741914e-01   0.0000000000e+00   5.0271433132e-01   0.0000000000e+00   0.0000000000e+00   3.8141824953e-01
   9.4847739346e+02   1.1579032379e-01   0.0000000000e+00   5.0304521309e-01   0.0000000000e+00   0.0000000000e+00   3.8116446313e-01
   9.4847739346e+02   1.1579032379e-01   0.0000000000e+00   5.0304521309e-01   0.0000000000e+00   0.0000000000e+00   3.8116446313e-01
   9.4880827522e+02   1.1594451450e-01   0.0000000000e+00   5.0238344956e-01   0.0000000000e+00   0.0000000000e+00   3.8167203594e-01
   9.4880827522e+02   1.1594451450e-01   0.0000000000e+00   5.0238344956e-01   0.0000000000e+00   0.0000000000e+00   3.8167203594e-01
   9.4880827522e+02   1.1594451450e-01   0.0000000000e+00   5.0238344956e-01   0.0000000000e+00   0.0000000000e+00   3.8167203594e-01
   9.4880827522e+02   1.1594451450e-01   0.0000000000e+00   5.0238344956e-01   0.0000000000e+00   0.0000000000e+00   3.8167203594e-01
   9.4847739346e+02   1.1579032379e-01   0.0000000000e+00   5.0304521309e-01   0.0000000000e+00   0.0000000000e+00   3.8116446313e-01
   9.4847739346e+02   1.1579032379e-01   0.0000000000e+00   5.0304521309e-01   0.0000000000e+00   0.0000000000e+00   3.8116446313e-01
   9.5132418298e+02   1.1711692608e-01   0.0000000000e+00   4.9735163405e-01   0.0000000000e+00   0.0000000000e+00   3.8553143987e-01
   9.5132418298e+02   1.1711692608e-01   0.0000000000e+00   4.9735163405e-01   0.0000000000e+00   0.0000000000e+00   3.8553143987e-01
   9.5131729161e+02   1.1711371471e-01   0.0000000000e+00   4.9736541677e-01   0.0000000000e+00   0.0000000000e+00   3.8552086852e-01
   9.5131729161e+02   1.1711371471e-01   0.0000000000e+00   4.9736541677e-01   0.0000000000e+00   0.0000000000e+00   3.8552086852e-01
   9.5131729161e+02   1.1711371471e-01   0.0000000000e+00   4.9736541677e-01   0.0000000000e+00   0.0000000000e+00   3.8552086852e-01
   9.5131729161e+02   1.1711371471e-01   0.0000000000e+00   4.9736541677e-01   0.0000000000e+00   0.0000000000e+00   3.8552086852e-01
   9.5132418298e+02   1.1711692608e-01   0.0000000000e+00   4.9735163405e-01   0.0000000000e+00   0.0000000000e+00   3.8553143987e-01
   9.5132418298e+02   1.1711692608e-01   0.0000000000e+00   4.9735163405e-01   0.0000000000e+00   0.0000000000e+00   3.8553143987e-01
   9.5131729161e+02   1.1711371471e-01   0.0000000000e+00   4.9736541677e-01   0.0000000000e+00   0.0000000000e+00   3.8552086852e-01
   9.5131729161e+02   1.1711371471e-01   0.0000000000e+00   4.9736541677e-01   0.0000000000e+00   0.0000000000e+00   3.8552086852e-01
   9.5132418298e+02   1.1711692608e-01   0.0000000000e+00   4.9735163405e-01   0.0000000000e+00   0.0000000000e+00   3.8553143987e-01
   9.5132418298e+02   1.1711692608e-01   0.0000000000e+00   4.9735163405e-01   0.0000000000e+00   0.0000000000e+00   3.8553143987e-01
   9.5131729161e+02   1.1711371471e-01   0.0000000000e+00   4.9736541677e-01   0.0000000000e+00   0.0000000000e+00   3.8552086852e-01
   9.5131729161e+02   1.1711371471e-01   0.0000000000e+00   4.9736541677e-01   0.0000000000e+00   0.0000000000e+00   3.8552086852e-01
   9.5132418298e+02   1.1711692608e-01   0.0000000000e+00   4.9735163405e-01   0.0000000000e+00   0.0000000000e+00   3.8553143987e-01
   9.5132418298e+02   1.1711692608e-01   0.0000000000e+00   4.9735163405e-01   0.0000000000e+00   0.0000000000e+00   3.8553143987e-01
   9.4974513692e+02   1.1638109152e-01   0.0000000000e+00   5.0050972616e-01   0.0000000000e+00   0.0000000000e+00   3.8310918232e-01
   9.4974513692e+02   1.1638109152e-01   0.0000000000e+00   5.0050972616e-01   0.0000000000e+00   0.0000000000e+00   3.8310918232e-01
   9.4974513692e+02   1.1638109152e-01   0.0000000000e+00   5.0050972616e-01   0.0000000000e+00   0.0000000000e+00   3.8310918232e-01
   9.4974513692e+02   1.1638109152e-01   0.0000000000e+00   5.0050972616e-01   0.0000000000e+00   0.0000000000e+00   3.8310918232e-01
   9.4974513692e+02   1.1638109152e-01   0.0000000000e+00   5.0050972616e-01   0.0000000000e+00   0.0000000000e+00   3.8310918232e-01
   9.4974513692e+02   1.1638109152e-01   0.0000000000e+00   5.0050972616e-01   0.0000000000e+00   0.0000000000e+00   3.8310918232e-01
   9.4974513692e+02   1.1638109152e-01   0.0000000000e+00   5.0050972616e-01   0.0000000000e+00   0.0000000000e+00   3.8310918232e-01
   9.4974513692e+02   1.1638109152e-01   0.0000000000e+00   5.0050972616e-01   0.0000000000e+00   0.0000000000e+00   3.8310918232e-01
   9.4972812075e+02   1.1637316200e-01   0.0000000000e+00   5.0054375849e-01   0.0000000000e+00   0.0000000000e+00   3.8308307951e-01
   9.4972812075e+02   1.1637316200e-01   0.0000000000e+00   5.0054375849e-01   0.0000000000e+00   0.0000000000e+00   3.8308307951e-01
   9.4972812075e+02   1.1637316200e-01   0.0000000000e+00   5.0054375849e-01   0.0000000000e+00   0.0000000000e+00   3.8308307951e-01
   9.4972812075e+02   1.1637316200e-01   0.0000000000e+00   5.0054375849e-01   0.0000000000e+00   0.0000000000e+00   3.8308307951e-01
   9.4973009738e+02   1.1637408310e-01   0.0000000000e+00   5.0053980523e-01   0.0000000000e+00   0.0000000000e+00   3.8308611166e-01
   9.4973009738e+02   1.1637408310e-01   0.0000000000e+00   5.0053980523e-01   0.0000000000e+00   0.0000000000e+00   3.8308611166e-01
   9.4973009738e+02   1.1637408310e-01   0.0000000000e+00   5.0053980523e-01   0.0000000000e+00   0.0000000000e+00   3.8308611166e-01
   9.4973009738e+02   1.1637408310e-01   0.0000000000e+00   5.0053980523e-01   0.0000000000e+00   0.0000000000e+00   3.8308611166e-01
   9.5044027091e+02   1.1670502357e-01   0.0000000000e+00   4.9911945817e-01   0.0000000000e+00   0.0000000000e+00   3.8417551826e-01
   9.5044027091e+02   1.1670502357e-01   0.0000000000e+00   4.9911945817e-01   0.0000000000e+00   0.0000000000e+00   3.8417551826e-01
   9.5044027091e+02   1.1670502357e-01   0.0000000000e+00   4.9911945817e-01   0.0000000000e+00   0.0000000000e+00   3.8417551826e-01
   9.5044027091e+02   1.1670502357e-01   0.0000000000e+00   4.9911945817e-01   0.0000000000e+00   0.0000000000e+00   3.8417551826e-01
   9.5044011468e+02   1.1670495076e-01   0.0000000000e+00   4.9911977065e-01   0.0000000000e+00   0.0000000000e+00   3.8417527859e-01
   9.5044011468e+02   1.1670495076e-01   0.0000000000e+00   4.9911977065e-01   0.0000000000e+00   0.0000000000e+00   3.8417527859e-01
   9.5044011468e+02   1.1670495076e-01   0.0000000000e+00   4.9911977065e-01   0.0000000000e+00   0.0000000000e+00   3.8417527859e-01
   9.5044011468e+02   1.1670495076e-01   0.0000000000e+00   4.9911977065e-01   0.0000000000e+00   0.0000000000e+00   3.8417527859e-01
   9.5026386396e+02   1.1662281802e-01   0.0000000000e+00   4.9947227209e-01   0.0000000000e+00   0.0000000000e+00   3.8390490989e-01
   9.5026386396e+02   1.1662281802e-01   0.0000000000e+00   4.9947227209e-01   0.0000000000e+00   0.0000000000e+00   3.8390490989e-01
   9.5025831190e+02   1.1662023077e-01   0.0000000000e+00   4.9948337619e-01   0.0000000000e+00   0.0000000000e+00   3.8389639304e-01
   9.5025831190e+02   1.1662023077e-01   0.0000000000e+00   4.9948337619e-01   0.0000000000e+00   0.0000000000e+00   3.8389639304e-01
   9.5025831190e+02   1.1662023077e-01   0.0000000000e+00   4.9948337619e-01   0.0000000000e+00   0.0000000000e+00   3.8389639304e-01
   9.5025831190e+02   1.1662023077e-01   0.0000000000e+00   4.9948337619e-01   0.0000000000e+00   0.0000000000e+00   3.8389639304e-01
   9.5027496806e+02   1.1662799253e-01   0.0000000000e+00   4.9945006389e-01   0.0000000000e+00   0.0000000000e+00   3.8392194358e-01
   9.5027496806e+02   1.1662799253e-01   0.0000000000e+00   4.9945006389e-01   0.0000000000e+00   0.0000000000e+00   3.8392194358e-01
   9.5032663536e+02   1.1665206946e-01   0.0000000000e+00   4.9934672928e-01   0.0000000000e+00   0.0000000000e+00   3.8400120126e-01
   9.5032663536e+02   1.1665206946e-01   0.0000000000e+00   4.9934672928e-01   0.0000000000e+00   0.0000000000e+00   3.8400120126e-01
   9.5093052531e+02   1.1693348184e-01   0.0000000000e+00   4.9813894937e-01   0.0000000000e+00   0.0000000000e+00   3.8492756879e-01
   9.5093052531e+02   1.1693348184e-01   0.0000000000e+00   4.9813894937e-01   0.0000000000e+00   0.0000000000e+00   3.8492756879e-01
   9.5062858034e+02   1.1679277565e-01   0.0000000000e+00   4.9874283932e-01   0.0000000000e+00   0.0000000000e+00   3.8446438503e-01
   9.5062858034e+02   1.1679277565e-01   0.0000000000e+00   4.9874283932e-01   0.0000000000e+00   0.0000000000e+00   3.8446438503e-01
   9.5062858034e+02   1.1679277565e-01   0.0000000000e+00   4.9874283932e-01   0.0000000000e+00   0.0000000000e+00   3.8446438503e-01
   9.5062858034e+02   1.1679277565e-01   0.0000000000e+00   4.9874283932e-01   0.0000000000e+00   0.0000000000e+00   3.8446438503e-01
   9.5032663536e+02   1.1665206946e-01   0.0000000000e+00   4.9934672928e-01   0.0000000000e+00   0.0000000000e+00   3.8400120126e-01
   9.5032663536e+02   1.1665206946e-01   0.0000000000e+00   4.9934672928e-01   0.0000000000e+00   0.0000000000e+00   3.8400120126e-01
   9.5032663536e+02   1.1665206946e-01   0.0000000000e+00   4.9934672928e-01   0.0000000000e+00   0.0000000000e+00   3.8400120126e-01
   9.5032663536e+02   1.1665206946e-01   0.0000000000e+00   4.9934672928e-01   0.0000000000e+00   0.0000000000e+00   3.8400120126e-01
   9.4972274541e+02   1.1637065709e-01   0.0000000000e+00   5.0055450919e-01   0.0000000000e+00   0.0000000000e+00   3.8307483373e-01
   9.4972274541e+02   1.1637065709e-01   0.0000000000e+00   5.0055450919e-01   0.0000000000e+00   0.0000000000e+00   3.8307483373e-01
   9.4972274541e+02   1.1637065709e-01   0.0000000000e+00   5.0055450919e-01   0.0000000000e+00   0.0000000000e+00   3.8307483373e-01
   9.4972274541e+02   1.1637065709e-01   0.0000000000e+00   5.0055450919e-01   0.0000000000e+00   0.0000000000e+00   3.8307483373e-01
   9.5147040139e+02   1.1718506378e-01   0.0000000000e+00   4.9705919723e-01   0.0000000000e+00   0.0000000000e+00   3.8575573899e-01
   9.5147040139e+02   1.1718506378e-01   0.0000000000e+00   4.9705919723e-01   0.0000000000e+00   0.0000000000e+00   3.8575573899e-01
   9.5147040139e+02   1.1718506378e-01   0.0000000000e+00   4.9705919723e-01   0.0000000000e+00   0.0000000000e+00   3.8575573899e-01
   9.5147040139e+02   1.1718506378e-01   0.0000000000e+00   4.9705919723e-01   0.0000000000e+00   0.0000000000e+00   3.8575573899e-01
   9.5152019509e+02   1.1720826762e-01   0.0000000000e+00   4.9695960982e-01   0.0000000000e+00   0.0000000000e+00   3.8583212256e-01
   9.5152019509e+02   1.1720826762e-01   0.0000000000e+00   4.9695960982e-01   0.0000000000e+00   0.0000000000e+00   3.8583212256e-01
   9.5152019509e+02   1.1720826762e-01   0.0000000000e+00   4.9695960982e-01   0.0000000000e+00   0.0000000000e+00   3.8583212256e-01
   9.5152019509e+02   1.1720826762e-01   0.0000000000e+00   4.9695960982e-01   0.0000000000e+00   0.0000000000e+00   3.8583212256e-01
   9.5136157882e+02   1.1713435252e-01   0.0000000000e+00   4.9727684236e-01   0.0000000000e+00   0.0000000000e+00   3.8558880511e-01
   9.5136157882e+02   1.1713435252e-01   0.0000000000e+00   4.9727684236e-01   0.0000000000e+00   0.0000000000e+00   3.8558880511e-01
   9.5136157882e+02   1.1713435252e-01   0.0000000000e+00   4.9727684236e-01   0.0000000000e+00   0.0000000000e+00   3.8558880511e-01
   9.5136157882e+02   1.1713435252e-01   0.0000000000e+00   4.9727684236e-01   0.0000000000e+00   0.0000000000e+00   3.8558880511e-01
   9.5136157882e+02   1.1713435252e-01   0.0000000000e+00   4.9727684236e-01   0.0000000000e+00   0.0000000000e+00   3.8558880511e-01
   9.5136157882e+02   1.1713435252e-01   0.0000000000e+00   4.9727684236e-01   0.0000000000e+00   0.0000000000e+00   3.8558880511e-01
   9.5136157882e+02   1.1713435252e-01   0.0000000000e+00   4.9727684236e-01   0.0000000000e+00   0.0000000000e+00   3.8558880511e-01
   9.5136157882e+02   1.1713435252e-01   0.0000000000e+00   4.9727684236e-01   0.0000000000e+00   0.0000000000e+00   3.8558880511e-01
   9.5136175245e+02   1.1713443343e-01   0.0000000000e+00   4.9727649511e-01   0.0000000000e+00   0.0000000000e+00   3.8558907146e-01
   9.5136175245e+02   1.1713443343e-01   0.0000000000e+00   4.9727649511e-01   0.0000000000e+00   0.0000000000e+00   3.8558907146e-01
   9.5136175245e+02   1.1713443343e-01   0.0000000000e+00   4.9727649511e-01   0.0000000000e+00   0.0000000000e+00   3.8558907146e-01
   9.5136175245e+02   1.1713443343e-01   0.0000000000e+00   4.9727649511e-01   0.0000000000e+00   0.0000000000e+00   3.8558907146e-01
   9.5131187193e+02   1.1711118914e-01   0.0000000000e+00   4.9737625614e-01   0.0000000000e+00   0.0000000000e+00   3.8551255472e-01
   9.5131187193e+02   1.1711118914e-01   0.0000000000e+00   4.9737625614e-01   0.0000000000e+00   0.0000000000e+00   3.8551255472e-01
   9.5131187193e+02   1.1711118914e-01   0.0000000000e+00   4.9737625614e-01   0.0000000000e+00   0.0000000000e+00   3.8551255472e-01
   9.5131187193e+02   1.1711118914e-01   0.0000000000e+00   4.9737625614e-01   0.0000000000e+00   0.0000000000e+00   3.8551255472e-01
   9.5128693167e+02   1.1709956699e-01   0.0000000000e+00   4.9742613666e-01   0.0000000000e+00   0.0000000000e+00   3.8547429634e-01
   9.5128693167e+02   1.1709956699e-01   0.0000000000e+00   4.9742613666e-01   0.0000000000e+00   0.0000000000e+00   3.8547429634e-01
   9.5128693167e+02   1.1709956699e-01   0.0000000000e+00   4.9742613666e-01   0.0000000000e+00   0.0000000000e+00   3.8547429634e-01
   9.5128693167e+02   1.1709956699e-01   0.0000000000e+00   4.9742613666e-01   0.0000000000e+00   0.0000000000e+00   3.8547429634e-01
   9.5128693167e+02   1.1709956699e-01   0.0000000000e+00   4.9742613666e-01   0.0000000000e+00   0.0000000000e+00   3.8547429634e-01
   9.5128693167e+02   1.1709956699e-01   0.0000000000e+00   4.9742613666e-01   0.0000000000e+00   0.0000000000e+00   3.8547429634e-01
   9.5128693167e+02   1.1709956699e-01   0.0000000000e+00   4.9742613666e-01   0.0000000000e+00   0.0000000000e+00   3.8547429634e-01
   9.5128693167e+02   1.1709956699e-01   0.0000000000e+00   4.9742613666e-01   0.0000000000e+00   0.0000000000e+00   3.8547429634e-01
   9.5129865853e+02   1.1710503170e-01   0.0000000000e+00   4.9740268294e-01   0.0000000000e+00   0.0000000000e+00   3.8549228535e-01
   9.5129865853e+02   1.1710503170e-01   0.0000000000e+00   4.9740268294e-01   0.0000000000e+00   0.0000000000e+00   3.8549228535e-01
   9.5129865853e+02   1.1710503170e-01   0.0000000000e+00   4.9740268294e-01   0.0000000000e+00   0.0000000000e+00   3.8549228535e-01
   9.5129865853e+02   1.1710503170e-01   0.0000000000e+00   4.9740268294e-01   0.0000000000e+00   0.0000000000e+00   3.8549228535e-01
   9.5141339200e+02   1.1715849743e-01   0.0000000000e+00   4.9717321601e-01   0.0000000000e+00   0.0000000000e+00   3.8566828656e-01
   9.5141339200e+02   1.1715849743e-01   0.0000000000e+00   4.9717321601e-01   0.0000000000e+00   0.0000000000e+00   3.8566828656e-01
   9.5141339200e+02   1.1715849743e-01   0.0000000000e+00   4.9717321601e-01   0.0000000000e+00   0.0000000000e+00   3.8566828656e-01
   9.5141339200e+02   1.1715849743e-01   0.0000000000e+00   4.9717321601e-01   0.0000000000e+00   0.0000000000e+00   3.8566828656e-01
   9.5118392506e+02   1.1705156598e-01   0.0000000000e+00   4.9763214987e-01   0.0000000000e+00   0.0000000000e+00   3.8531628415e-01
   9.5118392506e+02   1.1705156598e-01   0.0000000000e+00   4.9763214987e-01   0.0000000000e+00   0.0000000000e+00   3.8531628415e-01
   9.5129865853e+02   1.1710503170e-01   0.0000000000e+00   4.9740268294e-01   0.0000000000e+00   0.0000000000e+00   3.8549228535e-01
   9.5129865853e+02   1.1710503170e-01   0.0000000000e+00   4.9740268294e-01   0.0000000000e+00   0.0000000000e+00   3.8549228535e-01
   9.5129865853e+02   1.1710503170e-01   0.0000000000e+00   4.9740268294e-01   0.0000000000e+00   0.0000000000e+00   3.8549228535e-01
   9.5129865853e+02   1.1710503170e-01   0.0000000000e+00   4.9740268294e-01   0.0000000000e+00   0.0000000000e+00   3.8549228535e-01
   9.5118392506e+02   1.1705156598e-01   0.0000000000e+00   4.9763214987e-01   0.0000000000e+00   0.0000000000e+00   3.8531628415e-01
   9.5118392506e+02   1.1705156598e-01   0.0000000000e+00   4.9763214987e-01   0.0000000000e+00   0.0000000000e+00   3.8531628415e-01
   9.5132911478e+02   1.1711922430e-01   0.0000000000e+00   4.9734177044e-01   0.0000000000e+00   0.0000000000e+00   3.8553900526e-01
   9.5132911478e+02   1.1711922430e-01   0.0000000000e+00   4.9734177044e-01   0.0000000000e+00   0.0000000000e+00   3.8553900526e-01
   9.5132911478e+02   1.1711922430e-01   0.0000000000e+00   4.9734177044e-01   0.0000000000e+00   0.0000000000e+00   3.8553900526e-01
   9.5132911478e+02   1.1711922430e-01   0.0000000000e+00   4.9734177044e-01   0.0000000000e+00   0.0000000000e+00   3.8553900526e-01
   9.5132911478e+02   1.1711922430e-01   0.0000000000e+00   4.9734177044e-01   0.0000000000e+00   0.0000000000e+00   3.8553900526e-01
   9.5132911478e+02   1.1711922430e-01   0.0000000000e+00   4.9734177044e-01   0.0000000000e+00   0.0000000000e+00   3.8553900526e-01
   9.5132911478e+02   1.1711922430e-01   0.0000000000e+00   4.9734177044e-01   0.0000000000e+00   0.0000000000e+00   3.8553900526e-01
   9.5132911478e+02   1.1711922430e-01   0.0000000000e+00   4.9734177044e-01   0.0000000000e+00   0.0000000000e+00   3.8553900526e-01
   9.5121687857e+02   1.1706692229e-01   0.0000000000e+00   4.9756624286e-01   0.0000000000e+00   0.0000000000e+00   3.8536683485e-01
   9.5121687857e+02   1.1706692229e-01   0.0000000000e+00   4.9756624286e-01   0.0000000000e+00   0.0000000000e+00   3.8536683485e-01
   9.5121687857e+02   1.1706692229e-01   0.0000000000e+00   4.9756624286e-01   0.0000000000e+00   0.0000000000e+00   3.8536683485e-01
   9.5121687857e+02   1.1706692229e-01   0.0000000000e+00   4.9756624286e-01   0.0000000000e+00   0.0000000000e+00   3.8536683485e-01
   9.5145999032e+02   1.1718021223e-01   0.0000000000e+00   4.9708001936e-01   0.0000000000e+00   0.0000000000e+00   3.8573976841e-01
   9.5145999032e+02   1.1718021223e-01   0.0000000000e+00   4.9708001936e-01   0.0000000000e+00   0.0000000000e+00   3.8573976841e-01
   9.5145999032e+02   1.1718021223e-01   0.0000000000e+00   4.9708001936e-01   0.0000000000e+00   0.0000000000e+00   3.8573976841e-01
   9.5145999032e+02   1.1718021223e-01   0.0000000000e+00   4.9708001936e-01   0.0000000000e+00   0.0000000000e+00   3.8573976841e-01