# time = 4.27443
# Grid Poins = 256    variable_0    variable_1    variable_2    variable_3    variable_4    variable_5    variable_6
   9.5000000000e+02   1.1649985757e-01   0.0000000000e+00   5.0000000000e-01   0.0000000000e+00   0.0000000000e+00   3.8350014243e-01
   9.5000000000e+02   1.1649985757e-01   0.0000000000e+00   5.0000000000e-01   0.0000000000e+00   0.0000000000e+00   3.8350014243e-01
   9.5000000000e+02   1.1649985757e-01   0.0000000000e+00   5.0000000000e-01   0.0000000000e+00   0.0000000000e+00   3.8350014243e-01
   9.5000000000e+02   1.1649985757e-01   0.0000000000e+00   5.0000000000e-01   0.0000000000e+00   0.0000000000e+00   3.8350014243e-01
   9.5000000000e+02   1.1649985757e-01   0.0000000000e+00   5.0000000000e-01   0.0000000000e+00   0.0000000000e+00   3.8350014243e-01
   9.5000000000e+02   1.1649985757e-01   0.0000000000e+00   5.0000000000e-01   0.0000000000e+00   0.0000000000e+00   3.8350014243e-01
   9.5000000000e+02   1.1649985757e-01   0.0000000000e+00   5.0000000000e-01   0.0000000000e+00   0.0000000000e+00   3.8350014243e-01
   9.5000000000e+02   1.1649985757e-01   0.0000000000e+00   5.0000000000e-01   0.0000000000e+00   0.0000000000e+00   3.8350014243e-01
   9.5000000000e+02   1.1649985757e-01   0.0000000000e+00   5.0000000000e-01   0.0000000000e+00   0.0000000000e+00   3.8350014243e-01
   9.5000000000e+02   1.1649985757e-01   0.0000000000e+00   5.0000000000e-01   0.0000000000e+00   0.0000000000e+00   3.8350014243e-01
   9.5000000000e+02   1.1649985757e-01   0.0000000000e+00   5.0000000000e-01   0.0000000000e+00   0.0000000000e+00   3.8350014243e-01
   9.5000000000e+02   1.1649985757e-01   0.0000000000e+00   5.0000000000e-01   0.0000000000e+00   0.0000000000e+00   3.8350014243e-01
   9.5000000000e+02   1.1649985757e-01   0.0000000000e+00   5.0000000000e-01   0.0000000000e+00   0.0000000000e+00   3.8350014243e-01
   9.5000000000e+02   1.1649985757e-01   0.0000000000e+00   5.0000000000e-01   0.0000000000e+00   0.0000000000e+00   3.8350014243e-01
   9.5000000000e+02   1.1649985757e-01   0.0000000000e+00   5.0000000000e-01   0.0000000000e+00   0.0000000000e+00   3.8350014243e-01
   9.5000000000e+02   1.1649985757e-01   0.0000000000e+00   5.0000000000e-01   0.0000000000e+00   0.0000000000e+00   3.8350014243e-01
   1.2000000000e+03   2.3299971514e-01   0.0000000000e+00   0.0000000000e+00   0.0000000000e+00   0.0000000000e+00   7.6700028486e-01
   1.2000000000e+03   2.3299971514e-01   0.0000000000e+00   0.0000000000e+00   0.0000000000e+00   0.0000000000e+00   7.6700028486e-01
   1.2000000000e+03   2.3299971514e-01   0.0000000000e+00   0.0000000000e+00   0.0000000000e+00   0.0000000000e+00   7.6700028486e-01
   1.2000000000e+03   2.3299971514e-01   0.0000000000e+00   0.0000000000e+00   0.0000000000e+00   0.0000000000e+00   7.6700028486e-01
   1.2000000000e+03   2.3299971514e-01   0.0000000000e+00   0.0000000000e+00   0.0000000000e+00   0.0000000000e+00   7.6700028486e-01
   1.2000000000e+03   2.3299971514e-01   0.0000000000e+00   0.0000000000e+00   0.0000000000e+00   0.0000000000e+00   7.6700028486e-01
   1.2000000000e+03   2.3299971514e-01   0.0000000000e+00   0.0000000000e+00   0.0000000000e+00   0.0000000000e+00   7.6700028486e-01
   1.2000000000e+03   2.3299971514e-01   0.0000000000e+00   0.0000000000e+00   0.0000000000e+00   0.0000000000e+00   7.6700028486e-01
   7.0000000000e+02   0.0000000000e+00   0.0000000000e+00   1.0000000000e+00   0.0000000000e+00   0.0000000000e+00   0.0000000000e+00
   7.0000000000e+02   0.0000000000e+00   0.0000000000e+00   1.0000000000e+00   0.0000000000e+00   0.0000000000e+00   0.0000000000e+00
   7.0000000000e+02   0.0000000000e+00   0.0000000000e+00   1.0000000000e+00   0.0000000000e+00   0.0000000000e+00   0.0000000000e+00
   7.0000000000e+02   0.0000000000e+00   0.0000000000e+00   1.0000000000e+00   0.0000000000e+00   0.0000000000e+00   0.0000000000e+00
   7.0000000000e+02   0.0000000000e+00   0.0000000000e+00   1.0000000000e+00   0.0000000000e+00   0.0000000000e+00   0.0000000000e+00
   7.0000000000e+02   0.0000000000e+00   0.0000000000e+00   1.0000000000e+00   0.0000000000e+00   0.0000000000e+00   0.0000000000e+00
   7.0000000000e+02   0.0000000000e+00   0.0000000000e+00   1.0000000000e+00   0.0000000000e+00   0.0000000000e+00   0.0000000000e+00
   7.0000000000e+02   0.0000000000e+00   0.0000000000e+00   1.0000000000e+00   0.0000000000e+00   0.0000000000e+00   0.0000000000e+00
   7.0000000000e+02   0.0000000000e+00   0.0000000000e+00   1.0000000000e+00   0.0000000000e+00   0.0000000000e+00   0.0000000000e+00
   7.0000000000e+02   0.0000000000e+00   0.0000000000e+00   1.0000000000e+00   0.0000000000e+00   0.0000000000e+00   0.0000000000e+00
   7.0000000000e+02   0.0000000000e+00   0.0000000000e+00   1.0000000000e+00   0.0000000000e+00   0.0000000000e+00   0.0000000000e+00
   7.0000000000e+02   0.0000000000e+00   0.0000000000e+00   1.0000000000e+00   0.0000000000e+00   0.0000000000e+00   0.0000000000e+00
   7.0000000000e+02   0.0000000000e+00   0.0000000000e+00   1.0000000000e+00   0.0000000000e+00   0.0000000000e+00   0.0000000000e+00
   7.0000000000e+02   0.0000000000e+00   0.0000000000e+00   1.0000000000e+00   0.0000000000e+00   0.0000000000e+00   0.0000000000e+00
   7.0000000000e+02   0.0000000000e+00   0.0000000000e+00   1.0000000000e+00   0.0000000000e+00   0.0000000000e+00   0.0000000000e+00
   7.0000000000e+02   0.0000000000e+00   0.0000000000e+00   1.0000000000e+00   0.0000000000e+00   0.0000000000e+00   0.0000000000e+00
   1.2000000000e+03   2.3299971514e-01   0.0000000000e+00   0.0000000000e+00   0.0000000000e+00   0.0000000000e+00   7.6700028486e-01
   1.2000000000e+03   2.3299971514e-01   0.0000000000e+00   0.0000000000e+00   0.0000000000e+00   0.0000000000e+00   7.6700028486e-01
   1.2000000000e+03   2.3299971514e-01   0.0000000000e+00   0.0000000000e+00   0.0000000000e+00   0.0000000000e+00   7.6700028486e-01
   1.2000000000e+03   2.3299971514e-01   0.0000000000e+00   0.0000000000e+00   0.0000000000e+00   0.0000000000e+00   7.6700028486e-01
   1.2000000000e+03   2.3299971514e-01   0.0000000000e+00   0.0000000000e+00   0.0000000000e+00   0.0000000000e+00   7.6700028486e-01
   1.2000000000e+03   2.3299971514e-01   0.0000000000e+00   0.0000000000e+00   0.0000000000e+00   0.0000000000e+00   7.6700028486e-01
   1.2000000000e+03   2.3299971514e-01   0.0000000000e+00   0.0000000000e+00   0.0000000000e+00   0.0000000000e+00   7.6700028486e-01
   1.2000000000e+03   2.3299971514e-01   0.0000000000e+00   0.0000000000e+00   0.0000000000e+00   0.0000000000e+00   7.6700028486e-01
   7.0000000000e+02   0.0000000000e+00   0.0000000000e+00   1.0000000000e+00   0.0000000000e+00   0.0000000000e+00   0.0000000000e+00
   7.0000000000e+02   0.0000000000e+00   0.0000000000e+00   1.0000000000e+00   0.0000000000e+00   0.0000000000e+00   0.0000000000e+00
   7.0000000000e+02   0.0000000000e+00   0.0000000000e+00   1.0000000000e+00   0.0000000000e+00   0.0000000000e+00   0.0000000000e+00
   7.0000000000e+02   0.0000000000e+00   0.0000000000e+00   1.0000000000e+00   0.0000000000e+00   0.0000000000e+00   0.0000000000e+00
   7.0000000000e+02   0.0000000000e+00   0.0000000000e+00   1.0000000000e+00   0.0000000000e+00   0.0000000000e+00   0.0000000000e+00
   7.0000000000e+02   0.0000000000e+00   0.0000000000e+00   1.0000000000e+00   0.0000000000e+00   0.0000000000e+00   0.0000000000e+00
   7.0000000000e+02   0.0000000000e+00   0.0000000000e+00   1.0000000000e+00   0.0000000000e+00   0.0000000000e+00   0.0000000000e+00
   7.0000000000e+02   0.0000000000e+00   0.0000000000e+00   1.0000000000e+00   0.0000000000e+00   0.0000000000e+00   0.0000000000e+00
   1.2000000000e+03   2.3299971514e-01   0.0000000000e+00   0.0000000000e+00   0.0000000000e+00   0.0000000000e+00   7.6700028486e-01
   1.2000000000e+03   2.3299971514e-01   0.0000000000e+00   0.0000000000e+00   0.0000000000e+00   0.0000000000e+00   7.6700028486e-01
   1.2000000000e+03   2.3299971514e-01   0.0000000000e+00   0.0000000000e+00   0.0000000000e+00   0.0000000000e+00   7.6700028486e-01
   1.2000000000e+03   2.3299971514e-01   0.0000000000e+00   0.0000000000e+00   0.0000000000e+00   0.0000000000e+00   7.6700028486e-01
   1.2000000000e+03   2.3299971514e-01   0.0000000000e+00   0.0000000000e+00   0.0000000000e+00   0.0000000000e+00   7.6700028486e-01
   1.2000000000e+03   2.3299971514e-01   0.0000000000e+00   0.0000000000e+00   0.0000000000e+00   0.0000000000e+00   7.6700028486e-01
   1.2000000000e+03   2.3299971514e-01   0.0000000000e+00   0.0000000000e+00   0.0000000000e+00   0.0000000000e+00   7.6700028486e-01
   1.2000000000e+03   2.3299971514e-01   0.0000000000e+00   0.0000000000e+00   0.0000000000e+00   0.0000000000e+00   7.6700028486e-01
   1.2000000000e+03   2.3299971514e-01   0.0000000000e+00   0.0000000000e+00   0.0000000000e+00   0.0000000000e+00   7.6700028486e-01
   1.2000000000e+03   2.3299971514e-01   0.0000000000e+00   0.0000000000e+00   0.0000000000e+00   0.0000000000e+00   7.6700028486e-01
   1.2000000000e+03   2.3299971514e-01   0.0000000000e+00   0.0000000000e+00   0.0000000000e+00   0.0000000000e+00   7.6700028486e-01
   1.2000000000e+03   2.3299971514e-01   0.0000000000e+00   0.0000000000e+00   0.0000000000e+00   0.0000000000e+00   7.6700028486e-01
   1.2000000000e+03   2.3299971514e-01   0.0000000000e+00   0.0000000000e+00   0.0000000000e+00   0.0000000000e+00   7.6700028486e-01
   1.2000000000e+03   2.3299971514e-01   0.0000000000e+00   0.0000000000e+00   0.0000000000e+00   0.0000000000e+00   7.6700028486e-01
   1.2000000000e+03   2.3299971514e-01   0.0000000000e+00   0.0000000000e+00   0.0000000000e+00   0.0000000000e+00   7.6700028486e-01
   1.2000000000e+03   2.3299971514e-01   0.0000000000e+00   0.0000000000e+00   0.0000000000e+00   0.0000000000e+00   7.6700028486e-01
   1.2000000000e+03   2.3299971514e-01   0.0000000000e+00   0.0000000000e+00   0.0000000000e+00   0.0000000000e+00   7.6700028486e-01
   1.2000000000e+03   2.3299971514e-01   0.0000000000e+00   0.0000000000e+00   0.0000000000e+00   0.0000000000e+00   7.6700028486e-01
   1.2000000000e+03   2.3299971514e-01   0.0000000000e+00   0.0000000000e+00   0.0000000000e+00   0.0000000000e+00   7.6700028486e-01
   1.2000000000e+03   2.3299971514e-01   0.0000000000e+00   0.0000000000e+00   0.0000000000e+00   0.0000000000e+00   7.6700028486e-01
   1.2000000000e+03   2.3299971514e-01   0.0000000000e+00   0.0000000000e+00   0.0000000000e+00   0.0000000000e+00   7.6700028486e-01
   1.2000000000e+03   2.3299971514e-01   0.0000000000e+00   0.0000000000e+00   0.0000000000e+00   0.0000000000e+00   7.6700028486e-01
   1.2000000000e+03   2.3299971514e-01   0.0000000000e+00   0.0000000000e+00   0.0000000000e+00   0.0000000000e+00   7.6700028486e-01
   1.2000000000e+03   2.3299971514e-01   0.0000000000e+00   0.0000000000e+00   0.0000000000e+00   0.0000000000e+00   7.6700028486e-01
   1.2000000000e+03   2.3299971514e-01   0.0000000000e+00   0.0000000000e+00   0.0000000000e+00   0.0000000000e+00   7.6700028486e-01
   1.2000000000e+03   2.3299971514e-01   0.0000000000e+00   0.0000000000e+00   0.0000000000e+00   0.0000000000e+00   7.6700028486e-01
   1.2000000000e+03   2.3299971514e-01   0.0000000000e+00   0.0000000000e+00   0.0000000000e+00   0.0000000000e+00   7.6700028486e-01
   1.2000000000e+03   2.3299971514e-01   0.0000000000e+00   0.0000000000e+00   0.0000000000e+00   0.0000000000e+00   7.6700028486e-01
   1.2000000000e+03   2.3299971514e-01   0.0000000000e+00   0.0000000000e+00   0.0000000000e+00   0.0000000000e+00   7.6700028486e-01
   1.2000000000e+03   2.3299971514e-01   0.0000000000e+00   0.0000000000e+00   0.0000000000e+00   0.0000000000e+00   7.6700028486e-01
   1.2000000000e+03   2.3299971514e-01   0.0000000000e+00   0.0000000000e+00   0.0000000000e+00   0.0000000000e+00   7.6700028486e-01
   1.2000000000e+03   2.3299971514e-01   0.0000000000e+00   0.0000000000e+00   0.0000000000e+00   0.0000000000e+00   7.6700028486e-01
   1.2000000000e+03   2.3299971514e-01   0.0000000000e+00   0.0000000000e+00   0.0000000000e+00   0.0000000000e+00   7.6700028486e-01
   1.2000000000e+03   2.3299971514e-01   0.0000000000e+00   0.0000000000e+00   0.0000000000e+00   0.0000000000e+00   7.6700028486e-01
   1.2000000000e+03   2.3299971514e-01   0.0000000000e+00   0.0000000000e+00   0.0000000000e+00   0.0000000000e+00   7.6700028486e-01
   1.2000000000e+03   2.3299971514e-01   0.0000000000e+00   0.0000000000e+00   0.0000000000e+00   0.0000000000e+00   7.6700028486e-01
   1.2000000000e+03   2.3299971514e-01   0.0000000000e+00   0.0000000000e+00   0.0000000000e+00   0.0000000000e+00   7.6700028486e-01
   1.2000000000e+03   2.3299971514e-01   0.0000000000e+00   0.0000000000e+00   0.0000000000e+00   0.0000000000e+00   7.6700028486e-01
   1.2000000000e+03   2.3299971514e-01   0.0000000000e+00   0.0000000000e+00   0.0000000000e+00   0.0000000000e+00   7.6700028486e-01
   1.2000000000e+03   2.3299971514e-01   0.0000000000e+00   0.0000000000e+00   0.0000000000e+00   0.0000000000e+00   7.6700028486e-01
   1.2000000000e+03   2.3299971514e-01   0.0000000000e+00   0.0000000000e+00   0.0000000000e+00   0.0000000000e+00   7.6700028486e-01
   1.2000000000e+03   2.3299971514e-01   0.0000000000e+00   0.0000000000e+00   0.0000000000e+00   0.0000000000e+00   7.6700028486e-01
   1.2000000000e+03   2.3299971514e-01   0.0000000000e+00   0.0000000000e+00   0.0000000000e+00   0.0000000000e+00   7.6700028486e-01
   1.2000000000e+03   2.3299971514e-01   0.0000000000e+00   0.0000000000e+00   0.0000000000e+00   0.0000000000e+00   7.6700028486e-01
   1.2000000000e+03   2.3299971514e-01   0.0000000000e+00   0.0000000000e+00   0.0000000000e+00   0.0000000000e+00   7.6700028486e-01
   1.2000000000e+03   2.3299971514e-01   0.0000000000e+00   0.0000000000e+00   0.0000000000e+00   0.0000000000e+00   7.6700028486e-01
   1.2000000000e+03   2.3299971514e-01   0.0000000000e+00   0.0000000000e+00   0.0000000000e+00   0.0000000000e+00   7.6700028486e-01
   1.2000000000e+03   2.3299971514e-01   0.0000000000e+00   0.0000000000e+00   0.0000000000e+00   0.0000000000e+00   7.6700028486e-01
   7.0000000000e+02   0.0000000000e+00   0.0000000000e+00   1.0000000000e+00   0.0000000000e+00   0.0000000000e+00   0.0000000000e+00
   7.0000000000e+02   0.0000000000e+00   0.0000000000e+00   1.0000000000e+00   0.0000000000e+00   0.0000000000e+00   0.0000000000e+00
   1.2000000000e+03   2.3299971514e-01   0.0000000000e+00   0.0000000000e+00   0.0000000000e+00   0.0000000000e+00   7.6700028486e-01
   1.2000000000e+03   2.3299971514e-01   0.0000000000e+00   0.0000000000e+00   0.0000000000e+00   0.0000000000e+00   7.6700028486e-01
   1.2000000000e+03   2.3299971514e-01   0.0000000000e+00   0.0000000000e+00   0.0000000000e+00   0.0000000000e+00   7.6700028486e-01
   1.2000000000e+03   2.3299971514e-01   0.0000000000e+00   0.0000000000e+00   0.0000000000e+00   0.0000000000e+00   7.6700028486e-01
   7.0000000000e+02   0.0000000000e+00   0.0000000000e+00   1.0000000000e+00   0.0000000000e+00   0.0000000000e+00   0.0000000000e+00
   7.0000000000e+02   0.0000000000e+00   0.0000000000e+00   1.0000000000e+00   0.0000000000e+00   0.0000000000e+00   0.0000000000e+00
   7.0000000000e+02   0.0000000000e+00   0.0000000000e+00   1.0000000000e+00   0.0000000000e+00   0.0000000000e+00   0.0000000000e+00
   7.0000000000e+02   0.0000000000e+00   0.0000000000e+00   1.0000000000e+00   0.0000000000e+00   0.0000000000e+00   0.0000000000e+00
   7.0000000000e+02   0.0000000000e+00   0.0000000000e+00   1.0000000000e+00   0.0000000000e+00   0.0000000000e+00   0.0000000000e+00
   7.0000000000e+02   0.0000000000e+00   0.0000000000e+00   1.0000000000e+00   0.0000000000e+00   0.0000000000e+00   0.0000000000e+00
   1.2000000000e+03   2.3299971514e-01   0.0000000000e+00   0.0000000000e+00   0.0000000000e+00   0.0000000000e+00   7.6700028486e-01
   1.2000000000e+03   2.3299971514e-01   0.0000000000e+00   0.0000000000e+00   0.0000000000e+00   0.0000000000e+00   7.6700028486e-01
   1.2000000000e+03   2.3299971514e-01   0.0000000000e+00   0.0000000000e+00   0.0000000000e+00   0.0000000000e+00   7.6700028486e-01
   1.2000000000e+03   2.3299971514e-01   0.0000000000e+00   0.0000000000e+00   0.0000000000e+00   0.0000000000e+00   7.6700028486e-01
   7.0000000000e+02   0.0000000000e+00   0.0000000000e+00   1.0000000000e+00   0.0000000000e+00   0.0000000000e+00   0.0000000000e+00
   7.0000000000e+02   0.0000000000e+00   0.0000000000e+00   1.0000000000e+00   0.0000000000e+00   0.0000000000e+00   0.0000000000e+00
   7.0000000000e+02   0.0000000000e+00   0.0000000000e+00   1.0000000000e+00   0.0000000000e+00   0.0000000000e+00   0.0000000000e+00
   7.0000000000e+02   0.0000000000e+00   0.0000000000e+00   1.0000000000e+00   0.0000000000e+00   0.0000000000e+00   0.0000000000e+00
   7.0000000000e+02   0.0000000000e+00   0.0000000000e+00   1.0000000000e+00   0.0000000000e+00   0.0000000000e+00   0.0000000000e+00
   7.0000000000e+02   0.0000000000e+00   0.0000000000e+00   1.0000000000e+00   0.0000000000e+00   0.0000000000e+00   0.0000000000e+00
   7.0000000000e+02   0.0000000000e+00   0.0000000000e+00   1.0000000000e+00   0.0000000000e+00   0.0000000000e+00   0.0000000000e+00
   7.0000000000e+02   0.0000000000e+00   0.0000000000e+00   1.0000000000e+00   0.0000000000e+00   0.0000000000e+00   0.0000000000e+00
   1.0898925781e+03   1.8168971928e-01   0.0000000000e+00   2.2021484375e-01   0.0000000000e+00   0.0000000000e+00   5.9809543697e-01
   1.0898925781e+03   1.8168971928e-01   0.0000000000e+00   2.2021484375e-01   0.0000000000e+00   0.0000000000e+00   5.9809543697e-01
   1.0898925781e+03   1.8168971928e-01   0.0000000000e+00   2.2021484375e-01   0.0000000000e+00   0.0000000000e+00   5.9809543697e-01
   1.0898925781e+03   1.8168971928e-01   0.0000000000e+00   2.2021484375e-01   0.0000000000e+00   0.0000000000e+00   5.9809543697e-01
   1.0413085938e+03   1.5904961024e-01   0.0000000000e+00   3.1738281250e-01   0.0000000000e+00   0.0000000000e+00   5.2356757726e-01
   1.0413085938e+03   1.5904961024e-01   0.0000000000e+00   3.1738281250e-01   0.0000000000e+00   0.0000000000e+00   5.2356757726e-01
   1.0413085938e+03   1.5904961024e-01   0.0000000000e+00   3.1738281250e-01   0.0000000000e+00   0.0000000000e+00   5.2356757726e-01
   1.0413085938e+03   1.5904961024e-01   0.0000000000e+00   3.1738281250e-01   0.0000000000e+00   0.0000000000e+00   5.2356757726e-01
   1.0640136719e+03   1.6963016371e-01   0.0000000000e+00   2.7197265625e-01   0.0000000000e+00   0.0000000000e+00   5.5839718004e-01
   1.0640136719e+03   1.6963016371e-01   0.0000000000e+00   2.7197265625e-01   0.0000000000e+00   0.0000000000e+00   5.5839718004e-01
   1.0640136719e+03   1.6963016371e-01   0.0000000000e+00   2.7197265625e-01   0.0000000000e+00   0.0000000000e+00   5.5839718004e-01
   1.0640136719e+03   1.6963016371e-01   0.0000000000e+00   2.7197265625e-01   0.0000000000e+00   0.0000000000e+00   5.5839718004e-01
   1.1125976562e+03   1.9227027275e-01   0.0000000000e+00   1.7480468750e-01   0.0000000000e+00   0.0000000000e+00   6.3292503975e-01
   1.1125976562e+03   1.9227027275e-01   0.0000000000e+00   1.7480468750e-01   0.0000000000e+00   0.0000000000e+00   6.3292503975e-01
   1.1125976562e+03   1.9227027275e-01   0.0000000000e+00   1.7480468750e-01   0.0000000000e+00   0.0000000000e+00   6.3292503975e-01
   1.1125976562e+03   1.9227027275e-01   0.0000000000e+00   1.7480468750e-01   0.0000000000e+00   0.0000000000e+00   6.3292503975e-01
   7.0000000000e+02   0.0000000000e+00   0.0000000000e+00   1.0000000000e+00   0.0000000000e+00   0.0000000000e+00   0.0000000000e+00
   7.0000000000e+02   0.0000000000e+00   0.0000000000e+00   1.0000000000e+00   0.0000000000e+00   0.0000000000e+00   0.0000000000e+00
   7.0000000000e+02   0.0000000000e+00   0.0000000000e+00   1.0000000000e+00   0.0000000000e+00   0.0000000000e+00   0.0000000000e+00
   7.0000000000e+02   0.0000000000e+00   0.0000000000e+00   1.0000000000e+00   0.0000000000e+00   0.0000000000e+00   0.0000000000e+00
   7.0000000000e+02   0.0000000000e+00   0.0000000000e+00   1.0000000000e+00   0.0000000000e+00   0.0000000000e+00   0.0000000000e+00
   7.0000000000e+02   0.0000000000e+00   0.0000000000e+00   1.0000000000e+00   0.0000000000e+00   0.0000000000e+00   0.0000000000e+00
   7.0000000000e+02   0.0000000000e+00   0.0000000000e+00   1.0000000000e+00   0.0000000000e+00   0.0000000000e+00   0.0000000000e+00
   7.0000000000e+02   0.0000000000e+00   0.0000000000e+00   1.0000000000e+00   0.0000000000e+00   0.0000000000e+00   0.0000000000e+00
   7.0000000000e+02   0.0000000000e+00   0.0000000000e+00   1.0000000000e+00   0.0000000000e+00   0.0000000000e+00   0.0000000000e+00
   7.0000000000e+02   0.0000000000e+00   0.0000000000e+00   1.0000000000e+00   0.0000000000e+00   0.0000000000e+00   0.0000000000e+00
   7.0000000000e+02   0.0000000000e+00   0.0000000000e+00   1.0000000000e+00   0.0000000000e+00   0.0000000000e+00   0.0000000000e+00
   7.0000000000e+02   0.0000000000e+00   0.0000000000e+00   1.0000000000e+00   0.0000000000e+00   0.0000000000e+00   0.0000000000e+00
   7.0000000000e+02   0.0000000000e+00   0.0000000000e+00   1.0000000000e+00   0.0000000000e+00   0.0000000000e+00   0.0000000000e+00
   7.0000000000e+02   0.0000000000e+00   0.0000000000e+00   1.0000000000e+00   0.0000000000e+00   0.0000000000e+00   0.0000000000e+00
   7.0000000000e+02   0.0000000000e+00   0.0000000000e+00   1.0000000000e+00   0.0000000000e+00   0.0000000000e+00   0.0000000000e+00
   7.0000000000e+02   0.0000000000e+00   0.0000000000e+00   1.0000000000e+00   0.0000000000e+00   0.0000000000e+00   0.0000000000e+00
   9.4609375000e+02   1.1467954730e-01   0.0000000000e+00   5.0781250000e-01   0.0000000000e+00   0.0000000000e+00   3.7750795270e-01
   9.4609375000e+02   1.1467954730e-01   0.0000000000e+00   5.0781250000e-01   0.0000000000e+00   0.0000000000e+00   3.7750795270e-01
   9.4609375000e+02   1.1467954730e-01   0.0000000000e+00   5.0781250000e-01   0.0000000000e+00   0.0000000000e+00   3.7750795270e-01
   9.4609375000e+02   1.1467954730e-01   0.0000000000e+00   5.0781250000e-01   0.0000000000e+00   0.0000000000e+00   3.7750795270e-01
   1.2000000000e+03   2.3299971514e-01   0.0000000000e+00   0.0000000000e+00   0.0000000000e+00   0.0000000000e+00   7.6700028486e-01
   1.2000000000e+03   2.3299971514e-01   0.0000000000e+00   0.0000000000e+00   0.0000000000e+00   0.0000000000e+00   7.6700028486e-01
   1.2000000000e+03   2.3299971514e-01   0.0000000000e+00   0.0000000000e+00   0.0000000000e+00   0.0000000000e+00   7.6700028486e-01
   1.2000000000e+03   2.3299971514e-01   0.0000000000e+00   0.0000000000e+00   0.0000000000e+00   0.0000000000e+00   7.6700028486e-01
   1.2000000000e+03   2.3299971514e-01   0.0000000000e+00   0.0000000000e+00   0.0000000000e+00   0.0000000000e+00   7.6700028486e-01
   1.2000000000e+03   2.3299971514e-01   0.0000000000e+00   0.0000000000e+00   0.0000000000e+00   0.0000000000e+00   7.6700028486e-01
   1.2000000000e+03   2.3299971514e-01   0.0000000000e+00   0.0000000000e+00   0.0000000000e+00   0.0000000000e+00   7.6700028486e-01
   1.2000000000e+03   2.3299971514e-01   0.0000000000e+00   0.0000000000e+00   0.0000000000e+00   0.0000000000e+00   7.6700028486e-01
   9.4609375000e+02   1.1467954730e-01   0.0000000000e+00   5.0781250000e-01   0.0000000000e+00   0.0000000000e+00   3.7750795270e-01
   9.4609375000e+02   1.1467954730e-01   0.0000000000e+00   5.0781250000e-01   0.0000000000e+00   0.0000000000e+00   3.7750795270e-01
   9.4609375000e+02   1.1467954730e-01   0.0000000000e+00   5.0781250000e-01   0.0000000000e+00   0.0000000000e+00   3.7750795270e-01
   9.4609375000e+02   1.1467954730e-01   0.0000000000e+00   5.0781250000e-01   0.0000000000e+00   0.0000000000e+00   3.7750795270e-01
   7.0000000000e+02   0.0000000000e+00   0.0000000000e+00   1.0000000000e+00   0.0000000000e+00   0.0000000000e+00   0.0000000000e+00
   7.0000000000e+02   0.0000000000e+00   0.0000000000e+00   1.0000000000e+00   0.0000000000e+00   0.0000000000e+00   0.0000000000e+00
   7.0000000000e+02   0.0000000000e+00   0.0000000000e+00   1.0000000000e+00   0.0000000000e+00   0.0000000000e+00   0.0000000000e+00
   7.0000000000e+02   0.0000000000e+00   0.0000000000e+00   1.0000000000e+00   0.0000000000e+00   0.0000000000e+00   0.0000000000e+00
   7.0000000000e+02   0.0000000000e+00   0.0000000000e+00   1.0000000000e+00   0.0000000000e+00   0.0000000000e+00   0.0000000000e+00
   7.0000000000e+02   0.0000000000e+00   0.0000000000e+00   1.0000000000e+00   0.0000000000e+00   0.0000000000e+00   0.0000000000e+00
   7.0000000000e+02   0.0000000000e+00   0.0000000000e+00   1.0000000000e+00   0.0000000000e+00   0.0000000000e+00   0.0000000000e+00
   7.0000000000e+02   0.0000000000e+00   0.0000000000e+00   1.0000000000e+00   0.0000000000e+00   0.0000000000e+00   0.0000000000e+00
   7.0000000000e+02   0.0000000000e+00   0.0000000000e+00   1.0000000000e+00   0.0000000000e+00   0.0000000000e+00   0.0000000000e+00
   7.0000000000e+02   0.0000000000e+00   0.0000000000e+00   1.0000000000e+00   0.0000000000e+00   0.0000000000e+00   0.0000000000e+00
   7.0000000000e+02   0.0000000000e+00   0.0000000000e+00   1.0000000000e+00   0.0000000000e+00   0.0000000000e+00   0.0000000000e+00
   7.0000000000e+02   0.0000000000e+00   0.0000000000e+00   1.0000000000e+00   0.0000000000e+00   0.0000000000e+00   0.0000000000e+00
   7.0000000000e+02   0.0000000000e+00   0.0000000000e+00   1.0000000000e+00   0.0000000000e+00   0.0000000000e+00   0.0000000000e+00
   7.0000000000e+02   0.0000000000e+00   0.0000000000e+00   1.0000000000e+00   0.0000000000e+00   0.0000000000e+00   0.0000000000e+00
   7.0000000000e+02   0.0000000000e+00   0.0000000000e+00   1.0000000000e+00   0.0000000000e+00   0.0000000000e+00   0.0000000000e+00
   7.0000000000e+02   0.0000000000e+00   0.0000000000e+00   1.0000000000e+00   0.0000000000e+00   0.0000000000e+00   0.0000000000e+00
   7.7812500000e+02   3.6406205491e-02   0.0000000000e+00   8.4375000000e-01   0.0000000000e+00   0.0000000000e+00   1.1984379451e-01
   7.7812500000e+02   3.6406205491e-02   0.0000000000e+00   8.4375000000e-01   0.0000000000e+00   0.0000000000e+00   1.1984379451e-01
   7.7812500000e+02   3.6406205491e-02   0.0000000000e+00   8.4375000000e-01   0.0000000000e+00   0.0000000000e+00   1.1984379451e-01
   7.7812500000e+02   3.6406205491e-02   0.0000000000e+00   8.4375000000e-01   0.0000000000e+00   0.0000000000e+00   1.1984379451e-01
   8.0937500000e+02   5.0968687687e-02   0.0000000000e+00   7.8125000000e-01   0.0000000000e+00   0.0000000000e+00   1.6778131231e-01
   8.0937500000e+02   5.0968687687e-02   0.0000000000e+00   7.8125000000e-01   0.0000000000e+00   0.0000000000e+00   1.6778131231e-01
   8.0937500000e+02   5.0968687687e-02   0.0000000000e+00   7.8125000000e-01   0.0000000000e+00   0.0000000000e+00   1.6778131231e-01
   8.0937500000e+02   5.0968687687e-02   0.0000000000e+00   7.8125000000e-01   0.0000000000e+00   0.0000000000e+00   1.6778131231e-01
   9.8125000000e+02   1.3106233977e-01   0.0000000000e+00   4.3750000000e-01   0.0000000000e+00   0.0000000000e+00   4.3143766023e-01
   9.8125000000e+02   1.3106233977e-01   0.0000000000e+00   4.3750000000e-01   0.0000000000e+00   0.0000000000e+00   4.3143766023e-01
   9.8125000000e+02   1.3106233977e-01   0.0000000000e+00   4.3750000000e-01   0.0000000000e+00   0.0000000000e+00   4.3143766023e-01
   9.8125000000e+02   1.3106233977e-01   0.0000000000e+00   4.3750000000e-01   0.0000000000e+00   0.0000000000e+00   4.3143766023e-01
   1.0750000000e+03   1.7474978636e-01   0.0000000000e+00   2.5000000000e-01   0.0000000000e+00   0.0000000000e+00   5.7525021364e-01
   1.0750000000e+03   1.7474978636e-01   0.0000000000e+00   2.5000000000e-01   0.0000000000e+00   0.0000000000e+00   5.7525021364e-01
   8.8750000000e+02   8.7374893178e-02   0.0000000000e+00   6.2500000000e-01   0.0000000000e+00   0.0000000000e+00   2.8762510682e-01
   8.8750000000e+02   8.7374893178e-02   0.0000000000e+00   6.2500000000e-01   0.0000000000e+00   0.0000000000e+00   2.8762510682e-01
   1.0750000000e+03   1.7474978636e-01   0.0000000000e+00   2.5000000000e-01   0.0000000000e+00   0.0000000000e+00   5.7525021364e-01
   1.0750000000e+03   1.7474978636e-01   0.0000000000e+00   2.5000000000e-01   0.0000000000e+00   0.0000000000e+00   5.7525021364e-01
   1.0750000000e+03   1.7474978636e-01   0.0000000000e+00   2.5000000000e-01   0.0000000000e+00   0.0000000000e+00   5.7525021364e-01
   1.0750000000e+03   1.7474978636e-01   0.0000000000e+00   2.5000000000e-01   0.0000000000e+00   0.0000000000e+00   5.7525021364e-01
   1.0750000000e+03   1.7474978636e-01   0.0000000000e+00   2.5000000000e-01   0.0000000000e+00   0.0000000000e+00   5.7525021364e-01
   1.0750000000e+03   1.7474978636e-01   0.0000000000e+00   2.5000000000e-01   0.0000000000e+00   0.0000000000e+00   5.7525021364e-01
   1.0750000000e+03   1.7474978636e-01   0.0000000000e+00   2.5000000000e-01   0.0000000000e+00   0.0000000000e+00   5.7525021364e-01
   1.0750000000e+03   1.7474978636e-01   0.0000000000e+00   2.5000000000e-01   0.0000000000e+00   0.0000000000e+00   5.7525021364e-01
   9.5000000000e+02   1.1649985757e-01   0.0000000000e+00   5.0000000000e-01   0.0000000000e+00   0.0000000000e+00   3.8350014243e-01
   9.5000000000e+02   1.1649985757e-01   0.0000000000e+00   5.0000000000e-01   0.0000000000e+00   0.0000000000e+00   3.8350014243e-01
   9.5000000000e+02   1.1649985757e-01   0.0000000000e+00   5.0000000000e-01   0.0000000000e+00   0.0000000000e+00   3.8350014243e-01
   9.5000000000e+02   1.1649985757e-01   0.0000000000e+00   5.0000000000e-01   0.0000000000e+00   0.0000000000e+00   3.8350014243e-01
   9.5000000000e+02   1.1649985757e-01   0.0000000000e+00   5.0000000000e-01   0.0000000000e+00   0.0000000000e+00   3.8350014243e-01
   9.5000000000e+02   1.1649985757e-01   0.0000000000e+00   5.0000000000e-01   0.0000000000e+00   0.0000000000e+00   3.8350014243e-01
   9.5000000000e+02   1.1649985757e-01   0.0000000000e+00   5.0000000000e-01   0.0000000000e+00   0.0000000000e+00   3.8350014243e-01
   9.5000000000e+02   1.1649985757e-01   0.0000000000e+00   5.0000000000e-01   0.0000000000e+00   0.0000000000e+00   3.8350014243e-01
   7.0000000000e+02   0.0000000000e+00   0.0000000000e+00   1.0000000000e+00   0.0000000000e+00   0.0000000000e+00   0.0000000000e+00
   7.0000000000e+02   0.0000000000e+00   0.0000000000e+00   1.0000000000e+00   0.0000000000e+00   0.0000000000e+00   0.0000000000e+00
   7.3125000000e+02   1.4562482196e-02   0.0000000000e+00   9.3750000000e-01   0.0000000000e+00   0.0000000000e+00   4.7937517804e-02
   7.3125000000e+02   1.4562482196e-02   0.0000000000e+00   9.3750000000e-01   0.0000000000e+00   0.0000000000e+00   4.7937517804e-02
   7.0000000000e+02   0.0000000000e+00   0.0000000000e+00   1.0000000000e+00   0.0000000000e+00   0.0000000000e+00   0.0000000000e+00
   7.0000000000e+02   0.0000000000e+00   0.0000000000e+00   1.0000000000e+00   0.0000000000e+00   0.0000000000e+00   0.0000000000e+00
   7.3125000000e+02   1.4562482196e-02   0.0000000000e+00   9.3750000000e-01   0.0000000000e+00   0.0000000000e+00   4.7937517804e-02
   7.3125000000e+02   1.4562482196e-02   0.0000000000e+00   9.3750000000e-01   0.0000000000e+00   0.0000000000e+00   4.7937517804e-02
   7.1562500000e+02   7.2812410981e-03   0.0000000000e+00   9.6875000000e-01   0.0000000000e+00   0.0000000000e+00   2.3968758902e-02
   7.1562500000e+02   7.2812410981e-03   0.0000000000e+00   9.6875000000e-01   0.0000000000e+00   0.0000000000e+00   2.3968758902e-02
   7.1562500000e+02   7.2812410981e-03   0.0000000000e+00   9.6875000000e-01   0.0000000000e+00   0.0000000000e+00   2.3968758902e-02
   7.1562500000e+02   7.2812410981e-03   0.0000000000e+00   9.6875000000e-01   0.0000000000e+00   0.0000000000e+00   2.3968758902e-02
   7.3125000000e+02   1.4562482196e-02   0.0000000000e+00   9.3750000000e-01   0.0000000000e+00   0.0000000000e+00   4.7937517804e-02
   7.3125000000e+02   1.4562482196e-02   0.0000000000e+00   9.3750000000e-01   0.0000000000e+00   0.0000000000e+00   4.7937517804e-02
   7.0000000000e+02   0.0000000000e+00   0.0000000000e+00   1.0000000000e+00   0.0000000000e+00   0.0000000000e+00   0.0000000000e+00
   7.0000000000e+02   0.0000000000e+00   0.0000000000e+00   1.0000000000e+00   0.0000000000e+00   0.0000000000e+00   0.0000000000e+00
   9.3046875000e+02   1.0739830620e-01   0.0000000000e+00   5.3906250000e-01   0.0000000000e+00   0.0000000000e+00   3.5353919380e-01
   9.3046875000e+02   1.0739830620e-01   0.0000000000e+00   5.3906250000e-01   0.0000000000e+00   0.0000000000e+00   3.5353919380e-01
   9.3828125000e+02   1.1103892675e-01   0.0000000000e+00   5.2343750000e-01   0.0000000000e+00   0.0000000000e+00   3.6552357325e-01
   9.3828125000e+02   1.1103892675e-01   0.0000000000e+00   5.2343750000e-01   0.0000000000e+00   0.0000000000e+00   3.6552357325e-01
   9.3828125000e+02   1.1103892675e-01   0.0000000000e+00   5.2343750000e-01   0.0000000000e+00   0.0000000000e+00   3.6552357325e-01
   9.3828125000e+02   1.1103892675e-01   0.0000000000e+00   5.2343750000e-01   0.0000000000e+00   0.0000000000e+00   3.6552357325e-01
   9.3046875000e+02   1.0739830620e-01   0.0000000000e+00   5.3906250000e-01   0.0000000000e+00   0.0000000000e+00   3.5353919380e-01
   9.3046875000e+02   1.0739830620e-01   0.0000000000e+00   5.3906250000e-01   0.0000000000e+00   0.0000000000e+00   3.5353919380e-01
   9.3046875000e+02   1.0739830620e-01   0.0000000000e+00   5.3906250000e-01   0.0000000000e+00   0.0000000000e+00   3.5353919380e-01
   9.3046875000e+02   1.0739830620e-01   0.0000000000e+00   5.3906250000e-01   0.0000000000e+00   0.0000000000e+00   3.5353919380e-01
   9.3046875000e+02   1.0739830620e-01   0.0000000000e+00   5.3906250000e-01   0.0000000000e+00   0.0000000000e+00   3.5353919380e-01
   9.3046875000e+02   1.0739830620e-01   0.0000000000e+00   5.3906250000e-01   0.0000000000e+00   0.0000000000e+00   3.5353919380e-01
   9.3828125000e+02   1.1103892675e-01   0.0000000000e+00   5.2343750000e-01   0.0000000000e+00   0.0000000000e+00   3.6552357325e-01
   9.3828125000e+02   1.1103892675e-01   0.0000000000e+00   5.2343750000e-01   0.0000000000e+00   0.0000000000e+00   3.6552357325e-01
   9.3828125000e+02   1.1103892675e-01   0.0000000000e+00   5.2343750000e-01   0.0000000000e+00   0.0000000000e+00   3.6552357325e-01
   9.3828125000e+02   1.1103892675e-01   0.0000000000e+00   5.2343750000e-01   0.0000000000e+00   0.0000000000e+00   3.6552357325e-01