# time = 25.6552
# Grid Poins = 256    variable_0    variable_1    variable_2    variable_3    variable_4    variable_5    variable_6
   9.5058579270e+02   1.1677283664e-01   0.0000000000e+00   4.9882841460e-01   0.0000000000e+00   0.0000000000e+00   3.8439874877e-01
   9.5058579270e+02   1.1677283664e-01   0.0000000000e+00   4.9882841460e-01   0.0000000000e+00   0.0000000000e+00   3.8439874877e-01
   9.4854842215e+02   1.1582342312e-01   0.0000000000e+00   5.0290315570e-01   0.0000000000e+00   0.0000000000e+00   3.8127342118e-01
   9.4854842215e+02   1.1582342312e-01   0.0000000000e+00   5.0290315570e-01   0.0000000000e+00   0.0000000000e+00   3.8127342118e-01
   9.4851264514e+02   1.1580675105e-01   0.0000000000e+00   5.0297470973e-01   0.0000000000e+00   0.0000000000e+00   3.8121853922e-01
   9.4851264514e+02   1.1580675105e-01   0.0000000000e+00   5.0297470973e-01   0.0000000000e+00   0.0000000000e+00   3.8121853922e-01
   9.4851264514e+02   1.1580675105e-01   0.0000000000e+00   5.0297470973e-01   0.0000000000e+00   0.0000000000e+00   3.8121853922e-01
   9.4851264514e+02   1.1580675105e-01   0.0000000000e+00   5.0297470973e-01   0.0000000000e+00   0.0000000000e+00   3.8121853922e-01
   9.5058579270e+02   1.1677283664e-01   0.0000000000e+00   4.9882841460e-01   0.0000000000e+00   0.0000000000e+00   3.8439874877e-01
   9.5058579270e+02   1.1677283664e-01   0.0000000000e+00   4.9882841460e-01   0.0000000000e+00   0.0000000000e+00   3.8439874877e-01
   9.4854842215e+02   1.1582342312e-01   0.0000000000e+00   5.0290315570e-01   0.0000000000e+00   0.0000000000e+00   3.8127342118e-01
   9.4854842215e+02   1.1582342312e-01   0.0000000000e+00   5.0290315570e-01   0.0000000000e+00   0.0000000000e+00   3.8127342118e-01
   9.4851264514e+02   1.1580675105e-01   0.0000000000e+00   5.0297470973e-01   0.0000000000e+00   0.0000000000e+00   3.8121853922e-01
   9.4851264514e+02   1.1580675105e-01   0.0000000000e+00   5.0297470973e-01   0.0000000000e+00   0.0000000000e+00   3.8121853922e-01
   9.4851264514e+02   1.1580675105e-01   0.0000000000e+00   5.0297470973e-01   0.0000000000e+00   0.0000000000e+00   3.8121853922e-01
   9.4851264514e+02   1.1580675105e-01   0.0000000000e+00   5.0297470973e-01   0.0000000000e+00   0.0000000000e+00   3.8121853922e-01
   9.5225942571e+02   1.1755274867e-01   0.0000000000e+00   4.9548114857e-01   0.0000000000e+00   0.0000000000e+00   3.8696610276e-01
   9.5225942571e+02   1.1755274867e-01   0.0000000000e+00   4.9548114857e-01   0.0000000000e+00   0.0000000000e+00   3.8696610276e-01
   9.5225942571e+02   1.1755274867e-01   0.0000000000e+00   4.9548114857e-01   0.0000000000e+00   0.0000000000e+00   3.8696610276e-01
   9.5225942571e+02   1.1755274867e-01   0.0000000000e+00   4.9548114857e-01   0.0000000000e+00   0.0000000000e+00   3.8696610276e-01
   9.5225942571e+02   1.1755274867e-01   0.0000000000e+00   4.9548114857e-01   0.0000000000e+00   0.0000000000e+00   3.8696610276e-01
   9.5225942571e+02   1.1755274867e-01   0.0000000000e+00   4.9548114857e-01   0.0000000000e+00   0.0000000000e+00   3.8696610276e-01
   9.5225942571e+02   1.1755274867e-01   0.0000000000e+00   4.9548114857e-01   0.0000000000e+00   0.0000000000e+00   3.8696610276e-01
   9.5225942571e+02   1.1755274867e-01   0.0000000000e+00   4.9548114857e-01   0.0000000000e+00   0.0000000000e+00   3.8696610276e-01
   9.5233774433e+02   1.1758924510e-01   0.0000000000e+00   4.9532451134e-01   0.0000000000e+00   0.0000000000e+00   3.8708624356e-01
   9.5233774433e+02   1.1758924510e-01   0.0000000000e+00   4.9532451134e-01   0.0000000000e+00   0.0000000000e+00   3.8708624356e-01
   9.5233774433e+02   1.1758924510e-01   0.0000000000e+00   4.9532451134e-01   0.0000000000e+00   0.0000000000e+00   3.8708624356e-01
   9.5233774433e+02   1.1758924510e-01   0.0000000000e+00   4.9532451134e-01   0.0000000000e+00   0.0000000000e+00   3.8708624356e-01
   9.5233774433e+02   1.1758924510e-01   0.0000000000e+00   4.9532451134e-01   0.0000000000e+00   0.0000000000e+00   3.8708624356e-01
   9.5233774433e+02   1.1758924510e-01   0.0000000000e+00   4.9532451134e-01   0.0000000000e+00   0.0000000000e+00   3.8708624356e-01
   9.5233774433e+02   1.1758924510e-01   0.0000000000e+00   4.9532451134e-01   0.0000000000e+00   0.0000000000e+00   3.8708624356e-01
   9.5233774433e+02   1.1758924510e-01   0.0000000000e+00   4.9532451134e-01   0.0000000000e+00   0.0000000000e+00   3.8708624356e-01
   9.5225229377e+02   1.1754942518e-01   0.0000000000e+00   4.9549541247e-01   0.0000000000e+00   0.0000000000e+00   3.8695516235e-01
   9.5225229377e+02   1.1754942518e-01   0.0000000000e+00   4.9549541247e-01   0.0000000000e+00   0.0000000000e+00   3.8695516235e-01
   9.5225229377e+02   1.1754942518e-01   0.0000000000e+00   4.9549541247e-01   0.0000000000e+00   0.0000000000e+00   3.8695516235e-01
   9.5225229377e+02   1.1754942518e-01   0.0000000000e+00   4.9549541247e-01   0.0000000000e+00   0.0000000000e+00   3.8695516235e-01
   9.5223802987e+02   1.1754277822e-01   0.0000000000e+00   4.9552394025e-01   0.0000000000e+00   0.0000000000e+00   3.8693328153e-01
   9.5223802987e+02   1.1754277822e-01   0.0000000000e+00   4.9552394025e-01   0.0000000000e+00   0.0000000000e+00   3.8693328153e-01
   9.5223802987e+02   1.1754277822e-01   0.0000000000e+00   4.9552394025e-01   0.0000000000e+00   0.0000000000e+00   3.8693328153e-01
   9.5223802987e+02   1.1754277822e-01   0.0000000000e+00   4.9552394025e-01   0.0000000000e+00   0.0000000000e+00   3.8693328153e-01
   9.5223089793e+02   1.1753945473e-01   0.0000000000e+00   4.9553820415e-01   0.0000000000e+00   0.0000000000e+00   3.8692234112e-01
   9.5223089793e+02   1.1753945473e-01   0.0000000000e+00   4.9553820415e-01   0.0000000000e+00   0.0000000000e+00   3.8692234112e-01
   9.5224516182e+02   1.1754610170e-01   0.0000000000e+00   4.9550967636e-01   0.0000000000e+00   0.0000000000e+00   3.8694422194e-01
   9.5224516182e+02   1.1754610170e-01   0.0000000000e+00   4.9550967636e-01   0.0000000000e+00   0.0000000000e+00   3.8694422194e-01
   9.5224516182e+02   1.1754610170e-01   0.0000000000e+00   4.9550967636e-01   0.0000000000e+00   0.0000000000e+00   3.8694422194e-01
   9.5224516182e+02   1.1754610170e-01   0.0000000000e+00   4.9550967636e-01   0.0000000000e+00   0.0000000000e+00   3.8694422194e-01
   9.5225942571e+02   1.1755274867e-01   0.0000000000e+00   4.9548114857e-01   0.0000000000e+00   0.0000000000e+00   3.8696610276e-01
   9.5225942571e+02   1.1755274867e-01   0.0000000000e+00   4.9548114857e-01   0.0000000000e+00   0.0000000000e+00   3.8696610276e-01
   9.5052164804e+02   1.1674294526e-01   0.0000000000e+00   4.9895670392e-01   0.0000000000e+00   0.0000000000e+00   3.8430035082e-01
   9.5052164804e+02   1.1674294526e-01   0.0000000000e+00   4.9895670392e-01   0.0000000000e+00   0.0000000000e+00   3.8430035082e-01
   9.5052164804e+02   1.1674294526e-01   0.0000000000e+00   4.9895670392e-01   0.0000000000e+00   0.0000000000e+00   3.8430035082e-01
   9.5052164804e+02   1.1674294526e-01   0.0000000000e+00   4.9895670392e-01   0.0000000000e+00   0.0000000000e+00   3.8430035082e-01
   9.4871409716e+02   1.1590062758e-01   0.0000000000e+00   5.0257180568e-01   0.0000000000e+00   0.0000000000e+00   3.8152756674e-01
   9.4871409716e+02   1.1590062758e-01   0.0000000000e+00   5.0257180568e-01   0.0000000000e+00   0.0000000000e+00   3.8152756674e-01
   9.4871409716e+02   1.1590062758e-01   0.0000000000e+00   5.0257180568e-01   0.0000000000e+00   0.0000000000e+00   3.8152756674e-01
   9.4871409716e+02   1.1590062758e-01   0.0000000000e+00   5.0257180568e-01   0.0000000000e+00   0.0000000000e+00   3.8152756674e-01
   9.4871409716e+02   1.1590062758e-01   0.0000000000e+00   5.0257180568e-01   0.0000000000e+00   0.0000000000e+00   3.8152756674e-01
   9.4871409716e+02   1.1590062758e-01   0.0000000000e+00   5.0257180568e-01   0.0000000000e+00   0.0000000000e+00   3.8152756674e-01
   9.4871409716e+02   1.1590062758e-01   0.0000000000e+00   5.0257180568e-01   0.0000000000e+00   0.0000000000e+00   3.8152756674e-01
   9.4871409716e+02   1.1590062758e-01   0.0000000000e+00   5.0257180568e-01   0.0000000000e+00   0.0000000000e+00   3.8152756674e-01
   9.4926775274e+02   1.1615863077e-01   0.0000000000e+00   5.0146449451e-01   0.0000000000e+00   0.0000000000e+00   3.8237687472e-01
   9.4926775274e+02   1.1615863077e-01   0.0000000000e+00   5.0146449451e-01   0.0000000000e+00   0.0000000000e+00   3.8237687472e-01
   9.4926775274e+02   1.1615863077e-01   0.0000000000e+00   5.0146449451e-01   0.0000000000e+00   0.0000000000e+00   3.8237687472e-01
   9.4926775274e+02   1.1615863077e-01   0.0000000000e+00   5.0146449451e-01   0.0000000000e+00   0.0000000000e+00   3.8237687472e-01
   9.4657709474e+02   1.1490478567e-01   0.0000000000e+00   5.0684581051e-01   0.0000000000e+00   0.0000000000e+00   3.7824940382e-01
   9.4657709474e+02   1.1490478567e-01   0.0000000000e+00   5.0684581051e-01   0.0000000000e+00   0.0000000000e+00   3.7824940382e-01
   9.4657709474e+02   1.1490478567e-01   0.0000000000e+00   5.0684581051e-01   0.0000000000e+00   0.0000000000e+00   3.7824940382e-01
   9.4657709474e+02   1.1490478567e-01   0.0000000000e+00   5.0684581051e-01   0.0000000000e+00   0.0000000000e+00   3.7824940382e-01
   9.4657709474e+02   1.1490478567e-01   0.0000000000e+00   5.0684581051e-01   0.0000000000e+00   0.0000000000e+00   3.7824940382e-01
   9.4657709474e+02   1.1490478567e-01   0.0000000000e+00   5.0684581051e-01   0.0000000000e+00   0.0000000000e+00   3.7824940382e-01
   9.4657709474e+02   1.1490478567e-01   0.0000000000e+00   5.0684581051e-01   0.0000000000e+00   0.0000000000e+00   3.7824940382e-01
   9.4657709474e+02   1.1490478567e-01   0.0000000000e+00   5.0684581051e-01   0.0000000000e+00   0.0000000000e+00   3.7824940382e-01
   9.4657709474e+02   1.1490478567e-01   0.0000000000e+00   5.0684581051e-01   0.0000000000e+00   0.0000000000e+00   3.7824940382e-01
   9.4657709474e+02   1.1490478567e-01   0.0000000000e+00   5.0684581051e-01   0.0000000000e+00   0.0000000000e+00   3.7824940382e-01
   9.4657709474e+02   1.1490478567e-01   0.0000000000e+00   5.0684581051e-01   0.0000000000e+00   0.0000000000e+00   3.7824940382e-01
   9.4657709474e+02   1.1490478567e-01   0.0000000000e+00   5.0684581051e-01   0.0000000000e+00   0.0000000000e+00   3.7824940382e-01
   9.4657709474e+02   1.1490478567e-01   0.0000000000e+00   5.0684581051e-01   0.0000000000e+00   0.0000000000e+00   3.7824940382e-01
   9.4657709474e+02   1.1490478567e-01   0.0000000000e+00   5.0684581051e-01   0.0000000000e+00   0.0000000000e+00   3.7824940382e-01
   9.4657709474e+02   1.1490478567e-01   0.0000000000e+00   5.0684581051e-01   0.0000000000e+00   0.0000000000e+00   3.7824940382e-01
   9.4657709474e+02   1.1490478567e-01   0.0000000000e+00   5.0684581051e-01   0.0000000000e+00   0.0000000000e+00   3.7824940382e-01
   9.4726814045e+02   1.1522681258e-01   0.0000000000e+00   5.0546371910e-01   0.0000000000e+00   0.0000000000e+00   3.7930946833e-01
   9.4726814045e+02   1.1522681258e-01   0.0000000000e+00   5.0546371910e-01   0.0000000000e+00   0.0000000000e+00   3.7930946833e-01
   9.4726814045e+02   1.1522681258e-01   0.0000000000e+00   5.0546371910e-01   0.0000000000e+00   0.0000000000e+00   3.7930946833e-01
   9.4726814045e+02   1.1522681258e-01   0.0000000000e+00   5.0546371910e-01   0.0000000000e+00   0.0000000000e+00   3.7930946833e-01
   9.4726814045e+02   1.1522681258e-01   0.0000000000e+00   5.0546371910e-01   0.0000000000e+00   0.0000000000e+00   3.7930946833e-01
   9.4726814045e+02   1.1522681258e-01   0.0000000000e+00   5.0546371910e-01   0.0000000000e+00   0.0000000000e+00   3.7930946833e-01
   9.4726814045e+02   1.1522681258e-01   0.0000000000e+00   5.0546371910e-01   0.0000000000e+00   0.0000000000e+00   3.7930946833e-01
   9.4726814045e+02   1.1522681258e-01   0.0000000000e+00   5.0546371910e-01   0.0000000000e+00   0.0000000000e+00   3.7930946833e-01
   9.4726814045e+02   1.1522681258e-01   0.0000000000e+00   5.0546371910e-01   0.0000000000e+00   0.0000000000e+00   3.7930946833e-01
   9.4726814045e+02   1.1522681258e-01   0.0000000000e+00   5.0546371910e-01   0.0000000000e+00   0.0000000000e+00   3.7930946833e-01
   9.4726814045e+02   1.1522681258e-01   0.0000000000e+00   5.0546371910e-01   0.0000000000e+00   0.0000000000e+00   3.7930946833e-01
   9.4726814045e+02   1.1522681258e-01   0.0000000000e+00   5.0546371910e-01   0.0000000000e+00   0.0000000000e+00   3.7930946833e-01
   9.4726814045e+02   1.1522681258e-01   0.0000000000e+00   5.0546371910e-01   0.0000000000e+00   0.0000000000e+00   3.7930946833e-01
   9.4726814045e+02   1.1522681258e-01   0.0000000000e+00   5.0546371910e-01   0.0000000000e+00   0.0000000000e+00   3.7930946833e-01
   9.4726814045e+02   1.1522681258e-01   0.0000000000e+00   5.0546371910e-01   0.0000000000e+00   0.0000000000e+00   3.7930946833e-01
   9.4726814045e+02   1.1522681258e-01   0.0000000000e+00   5.0546371910e-01   0.0000000000e+00   0.0000000000e+00   3.7930946833e-01
   9.4803873218e+02   1.1558590788e-01   0.0000000000e+00   5.0392253565e-01   0.0000000000e+00   0.0000000000e+00   3.8049155647e-01
   9.4803873218e+02   1.1558590788e-01   0.0000000000e+00   5.0392253565e-01   0.0000000000e+00   0.0000000000e+00   3.8049155647e-01
   9.4806992503e+02   1.1560044373e-01   0.0000000000e+00   5.0386014994e-01   0.0000000000e+00   0.0000000000e+00   3.8053940632e-01
   9.4806992503e+02   1.1560044373e-01   0.0000000000e+00   5.0386014994e-01   0.0000000000e+00   0.0000000000e+00   3.8053940632e-01
   9.4803873218e+02   1.1558590788e-01   0.0000000000e+00   5.0392253565e-01   0.0000000000e+00   0.0000000000e+00   3.8049155647e-01
   9.4803873218e+02   1.1558590788e-01   0.0000000000e+00   5.0392253565e-01   0.0000000000e+00   0.0000000000e+00   3.8049155647e-01
   9.4813231073e+02   1.1562951544e-01   0.0000000000e+00   5.0373537853e-01   0.0000000000e+00   0.0000000000e+00   3.8063510603e-01
   9.4813231073e+02   1.1562951544e-01   0.0000000000e+00   5.0373537853e-01   0.0000000000e+00   0.0000000000e+00   3.8063510603e-01
   9.4788798964e+02   1.1551566195e-01   0.0000000000e+00   5.0422402072e-01   0.0000000000e+00   0.0000000000e+00   3.8026031734e-01
   9.4788798964e+02   1.1551566195e-01   0.0000000000e+00   5.0422402072e-01   0.0000000000e+00   0.0000000000e+00   3.8026031734e-01
   9.4788798964e+02   1.1551566195e-01   0.0000000000e+00   5.0422402072e-01   0.0000000000e+00   0.0000000000e+00   3.8026031734e-01
   9.4788798964e+02   1.1551566195e-01   0.0000000000e+00   5.0422402072e-01   0.0000000000e+00   0.0000000000e+00   3.8026031734e-01
   9.4788798964e+02   1.1551566195e-01   0.0000000000e+00   5.0422402072e-01   0.0000000000e+00   0.0000000000e+00   3.8026031734e-01
   9.4788798964e+02   1.1551566195e-01   0.0000000000e+00   5.0422402072e-01   0.0000000000e+00   0.0000000000e+00   3.8026031734e-01
   9.4788798964e+02   1.1551566195e-01   0.0000000000e+00   5.0422402072e-01   0.0000000000e+00   0.0000000000e+00   3.8026031734e-01
   9.4788798964e+02   1.1551566195e-01   0.0000000000e+00   5.0422402072e-01   0.0000000000e+00   0.0000000000e+00   3.8026031734e-01
   9.4788798964e+02   1.1551566195e-01   0.0000000000e+00   5.0422402072e-01   0.0000000000e+00   0.0000000000e+00   3.8026031734e-01
   9.4788798964e+02   1.1551566195e-01   0.0000000000e+00   5.0422402072e-01   0.0000000000e+00   0.0000000000e+00   3.8026031734e-01
   9.4788798964e+02   1.1551566195e-01   0.0000000000e+00   5.0422402072e-01   0.0000000000e+00   0.0000000000e+00   3.8026031734e-01
   9.4788798964e+02   1.1551566195e-01   0.0000000000e+00   5.0422402072e-01   0.0000000000e+00   0.0000000000e+00   3.8026031734e-01
   9.4788798964e+02   1.1551566195e-01   0.0000000000e+00   5.0422402072e-01   0.0000000000e+00   0.0000000000e+00   3.8026031734e-01
   9.4788798964e+02   1.1551566195e-01   0.0000000000e+00   5.0422402072e-01   0.0000000000e+00   0.0000000000e+00   3.8026031734e-01
   9.4788798964e+02   1.1551566195e-01   0.0000000000e+00   5.0422402072e-01   0.0000000000e+00   0.0000000000e+00   3.8026031734e-01
   9.4788798964e+02   1.1551566195e-01   0.0000000000e+00   5.0422402072e-01   0.0000000000e+00   0.0000000000e+00   3.8026031734e-01
   9.4844210772e+02   1.1577388066e-01   0.0000000000e+00   5.0311578456e-01   0.0000000000e+00   0.0000000000e+00   3.8111033479e-01
   9.4844210772e+02   1.1577388066e-01   0.0000000000e+00   5.0311578456e-01   0.0000000000e+00   0.0000000000e+00   3.8111033479e-01
   9.4849598478e+02   1.1579898733e-01   0.0000000000e+00   5.0300803044e-01   0.0000000000e+00   0.0000000000e+00   3.8119298223e-01
   9.4849598478e+02   1.1579898733e-01   0.0000000000e+00   5.0300803044e-01   0.0000000000e+00   0.0000000000e+00   3.8119298223e-01
   9.4846904625e+02   1.1578643399e-01   0.0000000000e+00   5.0306190750e-01   0.0000000000e+00   0.0000000000e+00   3.8115165851e-01
   9.4846904625e+02   1.1578643399e-01   0.0000000000e+00   5.0306190750e-01   0.0000000000e+00   0.0000000000e+00   3.8115165851e-01
   9.4846904625e+02   1.1578643399e-01   0.0000000000e+00   5.0306190750e-01   0.0000000000e+00   0.0000000000e+00   3.8115165851e-01
   9.4846904625e+02   1.1578643399e-01   0.0000000000e+00   5.0306190750e-01   0.0000000000e+00   0.0000000000e+00   3.8115165851e-01
   9.4560258892e+02   1.1445066651e-01   0.0000000000e+00   5.0879482217e-01   0.0000000000e+00   0.0000000000e+00   3.7675451132e-01
   9.4560258892e+02   1.1445066651e-01   0.0000000000e+00   5.0879482217e-01   0.0000000000e+00   0.0000000000e+00   3.7675451132e-01
   9.4772634758e+02   1.1544033684e-01   0.0000000000e+00   5.0454730484e-01   0.0000000000e+00   0.0000000000e+00   3.8001235832e-01
   9.4772634758e+02   1.1544033684e-01   0.0000000000e+00   5.0454730484e-01   0.0000000000e+00   0.0000000000e+00   3.8001235832e-01
   9.4772634758e+02   1.1544033684e-01   0.0000000000e+00   5.0454730484e-01   0.0000000000e+00   0.0000000000e+00   3.8001235832e-01
   9.4772634758e+02   1.1544033684e-01   0.0000000000e+00   5.0454730484e-01   0.0000000000e+00   0.0000000000e+00   3.8001235832e-01
   9.4560258892e+02   1.1445066651e-01   0.0000000000e+00   5.0879482217e-01   0.0000000000e+00   0.0000000000e+00   3.7675451132e-01
   9.4560258892e+02   1.1445066651e-01   0.0000000000e+00   5.0879482217e-01   0.0000000000e+00   0.0000000000e+00   3.7675451132e-01
   9.4706635465e+02   1.1513278051e-01   0.0000000000e+00   5.0586729069e-01   0.0000000000e+00   0.0000000000e+00   3.7899992880e-01
   9.4706635465e+02   1.1513278051e-01   0.0000000000e+00   5.0586729069e-01   0.0000000000e+00   0.0000000000e+00   3.7899992880e-01
   9.4706635465e+02   1.1513278051e-01   0.0000000000e+00   5.0586729069e-01   0.0000000000e+00   0.0000000000e+00   3.7899992880e-01
   9.4706635465e+02   1.1513278051e-01   0.0000000000e+00   5.0586729069e-01   0.0000000000e+00   0.0000000000e+00   3.7899992880e-01
   9.4750542432e+02   1.1533738673e-01   0.0000000000e+00   5.0498915135e-01   0.0000000000e+00   0.0000000000e+00   3.7967346192e-01
   9.4750542432e+02   1.1533738673e-01   0.0000000000e+00   5.0498915135e-01   0.0000000000e+00   0.0000000000e+00   3.7967346192e-01
   9.4662728498e+02   1.1492817429e-01   0.0000000000e+00   5.0674543003e-01   0.0000000000e+00   0.0000000000e+00   3.7832639567e-01
   9.4662728498e+02   1.1492817429e-01   0.0000000000e+00   5.0674543003e-01   0.0000000000e+00   0.0000000000e+00   3.7832639567e-01
   9.4794449399e+02   1.1554199294e-01   0.0000000000e+00   5.0411101202e-01   0.0000000000e+00   0.0000000000e+00   3.8034699504e-01
   9.4794449399e+02   1.1554199294e-01   0.0000000000e+00   5.0411101202e-01   0.0000000000e+00   0.0000000000e+00   3.8034699504e-01
   9.4560258892e+02   1.1445066651e-01   0.0000000000e+00   5.0879482217e-01   0.0000000000e+00   0.0000000000e+00   3.7675451132e-01
   9.4560258892e+02   1.1445066651e-01   0.0000000000e+00   5.0879482217e-01   0.0000000000e+00   0.0000000000e+00   3.7675451132e-01
   9.4677354145e+02   1.1499632973e-01   0.0000000000e+00   5.0645291709e-01   0.0000000000e+00   0.0000000000e+00   3.7855075318e-01
   9.4677354145e+02   1.1499632973e-01   0.0000000000e+00   5.0645291709e-01   0.0000000000e+00   0.0000000000e+00   3.7855075318e-01
   9.4677354145e+02   1.1499632973e-01   0.0000000000e+00   5.0645291709e-01   0.0000000000e+00   0.0000000000e+00   3.7855075318e-01
   9.4677354145e+02   1.1499632973e-01   0.0000000000e+00   5.0645291709e-01   0.0000000000e+00   0.0000000000e+00   3.7855075318e-01
   9.4772634758e+02   1.1544033684e-01   0.0000000000e+00   5.0454730484e-01   0.0000000000e+00   0.0000000000e+00   3.8001235832e-01
   9.4772634758e+02   1.1544033684e-01   0.0000000000e+00   5.0454730484e-01   0.0000000000e+00   0.0000000000e+00   3.8001235832e-01
   9.4622204148e+02   1.1473933105e-01   0.0000000000e+00   5.0755591705e-01   0.0000000000e+00   0.0000000000e+00   3.7770475190e-01
   9.4622204148e+02   1.1473933105e-01   0.0000000000e+00   5.0755591705e-01   0.0000000000e+00   0.0000000000e+00   3.7770475190e-01
   9.4697419453e+02   1.1508983394e-01   0.0000000000e+00   5.0605161095e-01   0.0000000000e+00   0.0000000000e+00   3.7885855511e-01
   9.4697419453e+02   1.1508983394e-01   0.0000000000e+00   5.0605161095e-01   0.0000000000e+00   0.0000000000e+00   3.7885855511e-01
   9.4697419453e+02   1.1508983394e-01   0.0000000000e+00   5.0605161095e-01   0.0000000000e+00   0.0000000000e+00   3.7885855511e-01
   9.4697419453e+02   1.1508983394e-01   0.0000000000e+00   5.0605161095e-01   0.0000000000e+00   0.0000000000e+00   3.7885855511e-01
   9.5436758457e+02   1.1853514949e-01   0.0000000000e+00   4.9126483085e-01   0.0000000000e+00   0.0000000000e+00   3.9020001966e-01
   9.5436758457e+02   1.1853514949e-01   0.0000000000e+00   4.9126483085e-01   0.0000000000e+00   0.0000000000e+00   3.9020001966e-01
   9.5436758457e+02   1.1853514949e-01   0.0000000000e+00   4.9126483085e-01   0.0000000000e+00   0.0000000000e+00   3.9020001966e-01
   9.5436758457e+02   1.1853514949e-01   0.0000000000e+00   4.9126483085e-01   0.0000000000e+00   0.0000000000e+00   3.9020001966e-01
   9.5411066366e+02   1.1841542449e-01   0.0000000000e+00   4.9177867268e-01   0.0000000000e+00   0.0000000000e+00   3.8980590282e-01
   9.5411066366e+02   1.1841542449e-01   0.0000000000e+00   4.9177867268e-01   0.0000000000e+00   0.0000000000e+00   3.8980590282e-01
   9.5411066366e+02   1.1841542449e-01   0.0000000000e+00   4.9177867268e-01   0.0000000000e+00   0.0000000000e+00   3.8980590282e-01
   9.5411066366e+02   1.1841542449e-01   0.0000000000e+00   4.9177867268e-01   0.0000000000e+00   0.0000000000e+00   3.8980590282e-01
   9.5430193764e+02   1.1850455806e-01   0.0000000000e+00   4.9139612472e-01   0.0000000000e+00   0.0000000000e+00   3.9009931722e-01
   9.5430193764e+02   1.1850455806e-01   0.0000000000e+00   4.9139612472e-01   0.0000000000e+00   0.0000000000e+00   3.9009931722e-01
   9.5430193764e+02   1.1850455806e-01   0.0000000000e+00   4.9139612472e-01   0.0000000000e+00   0.0000000000e+00   3.9009931722e-01
   9.5430193764e+02   1.1850455806e-01   0.0000000000e+00   4.9139612472e-01   0.0000000000e+00   0.0000000000e+00   3.9009931722e-01
   9.5430193764e+02   1.1850455806e-01   0.0000000000e+00   4.9139612472e-01   0.0000000000e+00   0.0000000000e+00   3.9009931722e-01
   9.5430193764e+02   1.1850455806e-01   0.0000000000e+00   4.9139612472e-01   0.0000000000e+00   0.0000000000e+00   3.9009931722e-01
   9.5430193764e+02   1.1850455806e-01   0.0000000000e+00   4.9139612472e-01   0.0000000000e+00   0.0000000000e+00   3.9009931722e-01
   9.5430193764e+02   1.1850455806e-01   0.0000000000e+00   4.9139612472e-01   0.0000000000e+00   0.0000000000e+00   3.9009931722e-01
   9.5436758457e+02   1.1853514949e-01   0.0000000000e+00   4.9126483085e-01   0.0000000000e+00   0.0000000000e+00   3.9020001966e-01
   9.5436758457e+02   1.1853514949e-01   0.0000000000e+00   4.9126483085e-01   0.0000000000e+00   0.0000000000e+00   3.9020001966e-01
   9.5411066366e+02   1.1841542449e-01   0.0000000000e+00   4.9177867268e-01   0.0000000000e+00   0.0000000000e+00   3.8980590282e-01
   9.5411066366e+02   1.1841542449e-01   0.0000000000e+00   4.9177867268e-01   0.0000000000e+00   0.0000000000e+00   3.8980590282e-01
   9.5411066366e+02   1.1841542449e-01   0.0000000000e+00   4.9177867268e-01   0.0000000000e+00   0.0000000000e+00   3.8980590282e-01
   9.5411066366e+02   1.1841542449e-01   0.0000000000e+00   4.9177867268e-01   0.0000000000e+00   0.0000000000e+00   3.8980590282e-01
   9.5436758457e+02   1.1853514949e-01   0.0000000000e+00   4.9126483085e-01   0.0000000000e+00   0.0000000000e+00   3.9020001966e-01
   9.5436758457e+02   1.1853514949e-01   0.0000000000e+00   4.9126483085e-01   0.0000000000e+00   0.0000000000e+00   3.9020001966e-01
   9.5518329192e+02   1.1891526865e-01   0.0000000000e+00   4.8963341616e-01   0.0000000000e+00   0.0000000000e+00   3.9145131519e-01
   9.5518329192e+02   1.1891526865e-01   0.0000000000e+00   4.8963341616e-01   0.0000000000e+00   0.0000000000e+00   3.9145131519e-01
   9.5518329192e+02   1.1891526865e-01   0.0000000000e+00   4.8963341616e-01   0.0000000000e+00   0.0000000000e+00   3.9145131519e-01
   9.5518329192e+02   1.1891526865e-01   0.0000000000e+00   4.8963341616e-01   0.0000000000e+00   0.0000000000e+00   3.9145131519e-01
   9.5518329192e+02   1.1891526865e-01   0.0000000000e+00   4.8963341616e-01   0.0000000000e+00   0.0000000000e+00   3.9145131519e-01
   9.5518329192e+02   1.1891526865e-01   0.0000000000e+00   4.8963341616e-01   0.0000000000e+00   0.0000000000e+00   3.9145131519e-01
   9.5518329192e+02   1.1891526865e-01   0.0000000000e+00   4.8963341616e-01   0.0000000000e+00   0.0000000000e+00   3.9145131519e-01
   9.5518329192e+02   1.1891526865e-01   0.0000000000e+00   4.8963341616e-01   0.0000000000e+00   0.0000000000e+00   3.9145131519e-01
   9.5479294563e+02   1.1873336750e-01   0.0000000000e+00   4.9041410873e-01   0.0000000000e+00   0.0000000000e+00   3.9085252376e-01
   9.5479294563e+02   1.1873336750e-01   0.0000000000e+00   4.9041410873e-01   0.0000000000e+00   0.0000000000e+00   3.9085252376e-01
   9.5479294563e+02   1.1873336750e-01   0.0000000000e+00   4.9041410873e-01   0.0000000000e+00   0.0000000000e+00   3.9085252376e-01
   9.5479294563e+02   1.1873336750e-01   0.0000000000e+00   4.9041410873e-01   0.0000000000e+00   0.0000000000e+00   3.9085252376e-01
   9.5479294563e+02   1.1873336750e-01   0.0000000000e+00   4.9041410873e-01   0.0000000000e+00   0.0000000000e+00   3.9085252376e-01
   9.5479294563e+02   1.1873336750e-01   0.0000000000e+00   4.9041410873e-01   0.0000000000e+00   0.0000000000e+00   3.9085252376e-01
   9.5479294563e+02   1.1873336750e-01   0.0000000000e+00   4.9041410873e-01   0.0000000000e+00   0.0000000000e+00   3.9085252376e-01
   9.5479294563e+02   1.1873336750e-01   0.0000000000e+00   4.9041410873e-01   0.0000000000e+00   0.0000000000e+00   3.9085252376e-01
   9.5445076014e+02   1.1857390926e-01   0.0000000000e+00   4.9109847972e-01   0.0000000000e+00   0.0000000000e+00   3.9032761102e-01
   9.5445076014e+02   1.1857390926e-01   0.0000000000e+00   4.9109847972e-01   0.0000000000e+00   0.0000000000e+00   3.9032761102e-01
   9.5445076014e+02   1.1857390926e-01   0.0000000000e+00   4.9109847972e-01   0.0000000000e+00   0.0000000000e+00   3.9032761102e-01
   9.5445076014e+02   1.1857390926e-01   0.0000000000e+00   4.9109847972e-01   0.0000000000e+00   0.0000000000e+00   3.9032761102e-01
   9.5513513113e+02   1.1889282575e-01   0.0000000000e+00   4.8972973775e-01   0.0000000000e+00   0.0000000000e+00   3.9137743651e-01
   9.5513513113e+02   1.1889282575e-01   0.0000000000e+00   4.8972973775e-01   0.0000000000e+00   0.0000000000e+00   3.9137743651e-01
   9.5513513113e+02   1.1889282575e-01   0.0000000000e+00   4.8972973775e-01   0.0000000000e+00   0.0000000000e+00   3.9137743651e-01
   9.5513513113e+02   1.1889282575e-01   0.0000000000e+00   4.8972973775e-01   0.0000000000e+00   0.0000000000e+00   3.9137743651e-01
   9.5524447227e+02   1.1894377866e-01   0.0000000000e+00   4.8951105545e-01   0.0000000000e+00   0.0000000000e+00   3.9154516589e-01
   9.5524447227e+02   1.1894377866e-01   0.0000000000e+00   4.8951105545e-01   0.0000000000e+00   0.0000000000e+00   3.9154516589e-01
   9.5524447227e+02   1.1894377866e-01   0.0000000000e+00   4.8951105545e-01   0.0000000000e+00   0.0000000000e+00   3.9154516589e-01
   9.5524447227e+02   1.1894377866e-01   0.0000000000e+00   4.8951105545e-01   0.0000000000e+00   0.0000000000e+00   3.9154516589e-01
   9.5524447227e+02   1.1894377866e-01   0.0000000000e+00   4.8951105545e-01   0.0000000000e+00   0.0000000000e+00   3.9154516589e-01
   9.5524447227e+02   1.1894377866e-01   0.0000000000e+00   4.8951105545e-01   0.0000000000e+00   0.0000000000e+00   3.9154516589e-01
   9.5323377596e+02   1.1800679532e-01   0.0000000000e+00   4.9353244808e-01   0.0000000000e+00   0.0000000000e+00   3.8846075659e-01
   9.5323377596e+02   1.1800679532e-01   0.0000000000e+00   4.9353244808e-01   0.0000000000e+00   0.0000000000e+00   3.8846075659e-01
   9.5423912412e+02   1.1847528699e-01   0.0000000000e+00   4.9152175177e-01   0.0000000000e+00   0.0000000000e+00   3.9000296124e-01
   9.5423912412e+02   1.1847528699e-01   0.0000000000e+00   4.9152175177e-01   0.0000000000e+00   0.0000000000e+00   3.9000296124e-01
   9.5323377596e+02   1.1800679532e-01   0.0000000000e+00   4.9353244808e-01   0.0000000000e+00   0.0000000000e+00   3.8846075659e-01
   9.5323377596e+02   1.1800679532e-01   0.0000000000e+00   4.9353244808e-01   0.0000000000e+00   0.0000000000e+00   3.8846075659e-01
   9.5323377596e+02   1.1800679532e-01   0.0000000000e+00   4.9353244808e-01   0.0000000000e+00   0.0000000000e+00   3.8846075659e-01
   9.5323377596e+02   1.1800679532e-01   0.0000000000e+00   4.9353244808e-01   0.0000000000e+00   0.0000000000e+00   3.8846075659e-01
   9.5423912412e+02   1.1847528699e-01   0.0000000000e+00   4.9152175177e-01   0.0000000000e+00   0.0000000000e+00   3.9000296124e-01
   9.5423912412e+02   1.1847528699e-01   0.0000000000e+00   4.9152175177e-01   0.0000000000e+00   0.0000000000e+00   3.9000296124e-01
   9.4769876543e+02   1.1542748357e-01   0.0000000000e+00   5.0460246914e-01   0.0000000000e+00   0.0000000000e+00   3.7997004729e-01
   9.4769876543e+02   1.1542748357e-01   0.0000000000e+00   5.0460246914e-01   0.0000000000e+00   0.0000000000e+00   3.7997004729e-01
   9.4762983196e+02   1.1539536061e-01   0.0000000000e+00   5.0474033608e-01   0.0000000000e+00   0.0000000000e+00   3.7986430331e-01
   9.4762983196e+02   1.1539536061e-01   0.0000000000e+00   5.0474033608e-01   0.0000000000e+00   0.0000000000e+00   3.7986430331e-01
   9.4759536523e+02   1.1537929914e-01   0.0000000000e+00   5.0480926955e-01   0.0000000000e+00   0.0000000000e+00   3.7981143132e-01
   9.4759536523e+02   1.1537929914e-01   0.0000000000e+00   5.0480926955e-01   0.0000000000e+00   0.0000000000e+00   3.7981143132e-01
   9.4759536523e+02   1.1537929914e-01   0.0000000000e+00   5.0480926955e-01   0.0000000000e+00   0.0000000000e+00   3.7981143132e-01
   9.4759536523e+02   1.1537929914e-01   0.0000000000e+00   5.0480926955e-01   0.0000000000e+00   0.0000000000e+00   3.7981143132e-01
   9.4834594155e+02   1.1572906728e-01   0.0000000000e+00   5.0330811689e-01   0.0000000000e+00   0.0000000000e+00   3.8096281583e-01
   9.4834594155e+02   1.1572906728e-01   0.0000000000e+00   5.0330811689e-01   0.0000000000e+00   0.0000000000e+00   3.8096281583e-01
   9.4834594155e+02   1.1572906728e-01   0.0000000000e+00   5.0330811689e-01   0.0000000000e+00   0.0000000000e+00   3.8096281583e-01
   9.4834594155e+02   1.1572906728e-01   0.0000000000e+00   5.0330811689e-01   0.0000000000e+00   0.0000000000e+00   3.8096281583e-01
   9.4834594155e+02   1.1572906728e-01   0.0000000000e+00   5.0330811689e-01   0.0000000000e+00   0.0000000000e+00   3.8096281583e-01
   9.4834594155e+02   1.1572906728e-01   0.0000000000e+00   5.0330811689e-01   0.0000000000e+00   0.0000000000e+00   3.8096281583e-01
   9.4834594155e+02   1.1572906728e-01   0.0000000000e+00   5.0330811689e-01   0.0000000000e+00   0.0000000000e+00   3.8096281583e-01
   9.4834594155e+02   1.1572906728e-01   0.0000000000e+00   5.0330811689e-01   0.0000000000e+00   0.0000000000e+00   3.8096281583e-01
   9.4762983196e+02   1.1539536061e-01   0.0000000000e+00   5.0474033608e-01   0.0000000000e+00   0.0000000000e+00   3.7986430331e-01
   9.4762983196e+02   1.1539536061e-01   0.0000000000e+00   5.0474033608e-01   0.0000000000e+00   0.0000000000e+00   3.7986430331e-01
   9.4762983196e+02   1.1539536061e-01   0.0000000000e+00   5.0474033608e-01   0.0000000000e+00   0.0000000000e+00   3.7986430331e-01
   9.4762983196e+02   1.1539536061e-01   0.0000000000e+00   5.0474033608e-01   0.0000000000e+00   0.0000000000e+00   3.7986430331e-01
   9.4762983196e+02   1.1539536061e-01   0.0000000000e+00   5.0474033608e-01   0.0000000000e+00   0.0000000000e+00   3.7986430331e-01
   9.4762983196e+02   1.1539536061e-01   0.0000000000e+00   5.0474033608e-01   0.0000000000e+00   0.0000000000e+00   3.7986430331e-01
   9.4762983196e+02   1.1539536061e-01   0.0000000000e+00   5.0474033608e-01   0.0000000000e+00   0.0000000000e+00   3.7986430331e-01
   9.4762983196e+02   1.1539536061e-01   0.0000000000e+00   5.0474033608e-01   0.0000000000e+00   0.0000000000e+00   3.7986430331e-01
   9.4710675360e+02   1.1515160640e-01   0.0000000000e+00   5.0578649279e-01   0.0000000000e+00   0.0000000000e+00   3.7906190081e-01
   9.4710675360e+02   1.1515160640e-01   0.0000000000e+00   5.0578649279e-01   0.0000000000e+00   0.0000000000e+00   3.7906190081e-01
   9.4710675360e+02   1.1515160640e-01   0.0000000000e+00   5.0578649279e-01   0.0000000000e+00   0.0000000000e+00   3.7906190081e-01
   9.4710675360e+02   1.1515160640e-01   0.0000000000e+00   5.0578649279e-01   0.0000000000e+00   0.0000000000e+00   3.7906190081e-01
   9.4710675360e+02   1.1515160640e-01   0.0000000000e+00   5.0578649279e-01   0.0000000000e+00   0.0000000000e+00   3.7906190081e-01
   9.4710675360e+02   1.1515160640e-01   0.0000000000e+00   5.0578649279e-01   0.0000000000e+00   0.0000000000e+00   3.7906190081e-01
   9.4710675360e+02   1.1515160640e-01   0.0000000000e+00   5.0578649279e-01   0.0000000000e+00   0.0000000000e+00   3.7906190081e-01
   9.4710675360e+02   1.1515160640e-01   0.0000000000e+00   5.0578649279e-01   0.0000000000e+00   0.0000000000e+00   3.7906190081e-01