# time = 108.345
# Grid Poins = 256    variable_0    variable_1    variable_2    variable_3    variable_4    variable_5    variable_6
   9.5000000391e+02   1.1649985939e-01   0.0000000000e+00   4.9999999218e-01   0.0000000000e+00   0.0000000000e+00   3.8350014843e-01
   9.5000000391e+02   1.1649985939e-01   0.0000000000e+00   4.9999999218e-01   0.0000000000e+00   0.0000000000e+00   3.8350014843e-01
   9.5000000391e+02   1.1649985939e-01   0.0000000000e+00   4.9999999218e-01   0.0000000000e+00   0.0000000000e+00   3.8350014843e-01
   9.5000000391e+02   1.1649985939e-01   0.0000000000e+00   4.9999999218e-01   0.0000000000e+00   0.0000000000e+00   3.8350014843e-01
   9.5000000391e+02   1.1649985939e-01   0.0000000000e+00   4.9999999218e-01   0.0000000000e+00   0.0000000000e+00   3.8350014843e-01
   9.5000000391e+02   1.1649985939e-01   0.0000000000e+00   4.9999999218e-01   0.0000000000e+00   0.0000000000e+00   3.8350014843e-01
   9.5000000391e+02   1.1649985939e-01   0.0000000000e+00   4.9999999218e-01   0.0000000000e+00   0.0000000000e+00   3.8350014843e-01
   9.5000000391e+02   1.1649985939e-01   0.0000000000e+00   4.9999999218e-01   0.0000000000e+00   0.0000000000e+00   3.8350014843e-01
   9.5000000392e+02   1.1649985940e-01   0.0000000000e+00   4.9999999216e-01   0.0000000000e+00   0.0000000000e+00   3.8350014844e-01
   9.5000000392e+02   1.1649985940e-01   0.0000000000e+00   4.9999999216e-01   0.0000000000e+00   0.0000000000e+00   3.8350014844e-01
   9.5000000392e+02   1.1649985940e-01   0.0000000000e+00   4.9999999216e-01   0.0000000000e+00   0.0000000000e+00   3.8350014844e-01
   9.5000000392e+02   1.1649985940e-01   0.0000000000e+00   4.9999999216e-01   0.0000000000e+00   0.0000000000e+00   3.8350014844e-01
   9.5000000392e+02   1.1649985940e-01   0.0000000000e+00   4.9999999216e-01   0.0000000000e+00   0.0000000000e+00   3.8350014844e-01
   9.5000000392e+02   1.1649985940e-01   0.0000000000e+00   4.9999999216e-01   0.0000000000e+00   0.0000000000e+00   3.8350014844e-01
   9.5000000392e+02   1.1649985940e-01   0.0000000000e+00   4.9999999216e-01   0.0000000000e+00   0.0000000000e+00   3.8350014844e-01
   9.5000000392e+02   1.1649985940e-01   0.0000000000e+00   4.9999999216e-01   0.0000000000e+00   0.0000000000e+00   3.8350014844e-01
   9.5000000396e+02   1.1649985942e-01   0.0000000000e+00   4.9999999208e-01   0.0000000000e+00   0.0000000000e+00   3.8350014851e-01
   9.5000000396e+02   1.1649985942e-01   0.0000000000e+00   4.9999999208e-01   0.0000000000e+00   0.0000000000e+00   3.8350014851e-01
   9.5000000396e+02   1.1649985942e-01   0.0000000000e+00   4.9999999208e-01   0.0000000000e+00   0.0000000000e+00   3.8350014851e-01
   9.5000000396e+02   1.1649985942e-01   0.0000000000e+00   4.9999999208e-01   0.0000000000e+00   0.0000000000e+00   3.8350014851e-01
   9.5000000407e+02   1.1649985947e-01   0.0000000000e+00   4.9999999186e-01   0.0000000000e+00   0.0000000000e+00   3.8350014868e-01
   9.5000000407e+02   1.1649985947e-01   0.0000000000e+00   4.9999999186e-01   0.0000000000e+00   0.0000000000e+00   3.8350014868e-01
   9.5000000377e+02   1.1649985933e-01   0.0000000000e+00   4.9999999246e-01   0.0000000000e+00   0.0000000000e+00   3.8350014821e-01
   9.5000000377e+02   1.1649985933e-01   0.0000000000e+00   4.9999999246e-01   0.0000000000e+00   0.0000000000e+00   3.8350014821e-01
   9.5000000394e+02   1.1649985941e-01   0.0000000000e+00   4.9999999212e-01   0.0000000000e+00   0.0000000000e+00   3.8350014848e-01
   9.5000000394e+02   1.1649985941e-01   0.0000000000e+00   4.9999999212e-01   0.0000000000e+00   0.0000000000e+00   3.8350014848e-01
   9.5000000394e+02   1.1649985941e-01   0.0000000000e+00   4.9999999212e-01   0.0000000000e+00   0.0000000000e+00   3.8350014848e-01
   9.5000000394e+02   1.1649985941e-01   0.0000000000e+00   4.9999999212e-01   0.0000000000e+00   0.0000000000e+00   3.8350014848e-01
   9.5000000394e+02   1.1649985941e-01   0.0000000000e+00   4.9999999212e-01   0.0000000000e+00   0.0000000000e+00   3.8350014848e-01
   9.5000000394e+02   1.1649985941e-01   0.0000000000e+00   4.9999999212e-01   0.0000000000e+00   0.0000000000e+00   3.8350014848e-01
   9.5000000394e+02   1.1649985941e-01   0.0000000000e+00   4.9999999212e-01   0.0000000000e+00   0.0000000000e+00   3.8350014848e-01
   9.5000000394e+02   1.1649985941e-01   0.0000000000e+00   4.9999999212e-01   0.0000000000e+00   0.0000000000e+00   3.8350014848e-01
   9.5000000363e+02   1.1649985926e-01   0.0000000000e+00   4.9999999274e-01   0.0000000000e+00   0.0000000000e+00   3.8350014800e-01
   9.5000000363e+02   1.1649985926e-01   0.0000000000e+00   4.9999999274e-01   0.0000000000e+00   0.0000000000e+00   3.8350014800e-01
   9.5000000363e+02   1.1649985926e-01   0.0000000000e+00   4.9999999274e-01   0.0000000000e+00   0.0000000000e+00   3.8350014800e-01
   9.5000000363e+02   1.1649985926e-01   0.0000000000e+00   4.9999999274e-01   0.0000000000e+00   0.0000000000e+00   3.8350014800e-01
   9.5000000351e+02   1.1649985921e-01   0.0000000000e+00   4.9999999298e-01   0.0000000000e+00   0.0000000000e+00   3.8350014782e-01
   9.5000000351e+02   1.1649985921e-01   0.0000000000e+00   4.9999999298e-01   0.0000000000e+00   0.0000000000e+00   3.8350014782e-01
   9.5000000351e+02   1.1649985921e-01   0.0000000000e+00   4.9999999298e-01   0.0000000000e+00   0.0000000000e+00   3.8350014782e-01
   9.5000000351e+02   1.1649985921e-01   0.0000000000e+00   4.9999999298e-01   0.0000000000e+00   0.0000000000e+00   3.8350014782e-01
   9.5000000354e+02   1.1649985922e-01   0.0000000000e+00   4.9999999293e-01   0.0000000000e+00   0.0000000000e+00   3.8350014786e-01
   9.5000000354e+02   1.1649985922e-01   0.0000000000e+00   4.9999999293e-01   0.0000000000e+00   0.0000000000e+00   3.8350014786e-01
   9.5000000354e+02   1.1649985922e-01   0.0000000000e+00   4.9999999293e-01   0.0000000000e+00   0.0000000000e+00   3.8350014786e-01
   9.5000000354e+02   1.1649985922e-01   0.0000000000e+00   4.9999999293e-01   0.0000000000e+00   0.0000000000e+00   3.8350014786e-01
   9.5000000335e+02   1.1649985913e-01   0.0000000000e+00   4.9999999331e-01   0.0000000000e+00   0.0000000000e+00   3.8350014756e-01
   9.5000000335e+02   1.1649985913e-01   0.0000000000e+00   4.9999999331e-01   0.0000000000e+00   0.0000000000e+00   3.8350014756e-01
   9.5000000365e+02   1.1649985927e-01   0.0000000000e+00   4.9999999270e-01   0.0000000000e+00   0.0000000000e+00   3.8350014803e-01
   9.5000000365e+02   1.1649985927e-01   0.0000000000e+00   4.9999999270e-01   0.0000000000e+00   0.0000000000e+00   3.8350014803e-01
   9.5000000370e+02   1.1649985929e-01   0.0000000000e+00   4.9999999261e-01   0.0000000000e+00   0.0000000000e+00   3.8350014810e-01
   9.5000000370e+02   1.1649985929e-01   0.0000000000e+00   4.9999999261e-01   0.0000000000e+00   0.0000000000e+00   3.8350014810e-01
   9.5000000370e+02   1.1649985929e-01   0.0000000000e+00   4.9999999261e-01   0.0000000000e+00   0.0000000000e+00   3.8350014810e-01
   9.5000000370e+02   1.1649985929e-01   0.0000000000e+00   4.9999999261e-01   0.0000000000e+00   0.0000000000e+00   3.8350014810e-01
   9.5000000368e+02   1.1649985928e-01   0.0000000000e+00   4.9999999265e-01   0.0000000000e+00   0.0000000000e+00   3.8350014807e-01
   9.5000000368e+02   1.1649985928e-01   0.0000000000e+00   4.9999999265e-01   0.0000000000e+00   0.0000000000e+00   3.8350014807e-01
   9.5000000364e+02   1.1649985927e-01   0.0000000000e+00   4.9999999272e-01   0.0000000000e+00   0.0000000000e+00   3.8350014801e-01
   9.5000000364e+02   1.1649985927e-01   0.0000000000e+00   4.9999999272e-01   0.0000000000e+00   0.0000000000e+00   3.8350014801e-01
   9.5000000391e+02   1.1649985939e-01   0.0000000000e+00   4.9999999218e-01   0.0000000000e+00   0.0000000000e+00   3.8350014843e-01
   9.5000000391e+02   1.1649985939e-01   0.0000000000e+00   4.9999999218e-01   0.0000000000e+00   0.0000000000e+00   3.8350014843e-01
   9.5000000391e+02   1.1649985939e-01   0.0000000000e+00   4.9999999218e-01   0.0000000000e+00   0.0000000000e+00   3.8350014843e-01
   9.5000000391e+02   1.1649985939e-01   0.0000000000e+00   4.9999999218e-01   0.0000000000e+00   0.0000000000e+00   3.8350014843e-01
   9.5000000360e+02   1.1649985925e-01   0.0000000000e+00   4.9999999280e-01   0.0000000000e+00   0.0000000000e+00   3.8350014795e-01
   9.5000000360e+02   1.1649985925e-01   0.0000000000e+00   4.9999999280e-01   0.0000000000e+00   0.0000000000e+00   3.8350014795e-01
   9.5000000391e+02   1.1649985939e-01   0.0000000000e+00   4.9999999218e-01   0.0000000000e+00   0.0000000000e+00   3.8350014843e-01
   9.5000000391e+02   1.1649985939e-01   0.0000000000e+00   4.9999999218e-01   0.0000000000e+00   0.0000000000e+00   3.8350014843e-01
   9.4999999766e+02   1.1649985648e-01   0.0000000000e+00   5.0000000467e-01   0.0000000000e+00   0.0000000000e+00   3.8350013885e-01
   9.4999999766e+02   1.1649985648e-01   0.0000000000e+00   5.0000000467e-01   0.0000000000e+00   0.0000000000e+00   3.8350013885e-01
   9.4999999766e+02   1.1649985648e-01   0.0000000000e+00   5.0000000467e-01   0.0000000000e+00   0.0000000000e+00   3.8350013885e-01
   9.4999999766e+02   1.1649985648e-01   0.0000000000e+00   5.0000000467e-01   0.0000000000e+00   0.0000000000e+00   3.8350013885e-01
   9.4999999766e+02   1.1649985648e-01   0.0000000000e+00   5.0000000467e-01   0.0000000000e+00   0.0000000000e+00   3.8350013885e-01
   9.4999999766e+02   1.1649985648e-01   0.0000000000e+00   5.0000000467e-01   0.0000000000e+00   0.0000000000e+00   3.8350013885e-01
   9.4999999766e+02   1.1649985648e-01   0.0000000000e+00   5.0000000467e-01   0.0000000000e+00   0.0000000000e+00   3.8350013885e-01
   9.4999999766e+02   1.1649985648e-01   0.0000000000e+00   5.0000000467e-01   0.0000000000e+00   0.0000000000e+00   3.8350013885e-01
   9.4999999962e+02   1.1649985739e-01   0.0000000000e+00   5.0000000076e-01   0.0000000000e+00   0.0000000000e+00   3.8350014185e-01
   9.4999999962e+02   1.1649985739e-01   0.0000000000e+00   5.0000000076e-01   0.0000000000e+00   0.0000000000e+00   3.8350014185e-01
   9.4999999962e+02   1.1649985739e-01   0.0000000000e+00   5.0000000076e-01   0.0000000000e+00   0.0000000000e+00   3.8350014185e-01
   9.4999999962e+02   1.1649985739e-01   0.0000000000e+00   5.0000000076e-01   0.0000000000e+00   0.0000000000e+00   3.8350014185e-01
   9.4999999962e+02   1.1649985739e-01   0.0000000000e+00   5.0000000076e-01   0.0000000000e+00   0.0000000000e+00   3.8350014185e-01
   9.4999999962e+02   1.1649985739e-01   0.0000000000e+00   5.0000000076e-01   0.0000000000e+00   0.0000000000e+00   3.8350014185e-01
   9.4999999962e+02   1.1649985739e-01   0.0000000000e+00   5.0000000076e-01   0.0000000000e+00   0.0000000000e+00   3.8350014185e-01
   9.4999999962e+02   1.1649985739e-01   0.0000000000e+00   5.0000000076e-01   0.0000000000e+00   0.0000000000e+00   3.8350014185e-01
   9.4999999289e+02   1.1649985426e-01   0.0000000000e+00   5.0000001422e-01   0.0000000000e+00   0.0000000000e+00   3.8350013153e-01
   9.4999999289e+02   1.1649985426e-01   0.0000000000e+00   5.0000001422e-01   0.0000000000e+00   0.0000000000e+00   3.8350013153e-01
   9.4999999289e+02   1.1649985426e-01   0.0000000000e+00   5.0000001422e-01   0.0000000000e+00   0.0000000000e+00   3.8350013153e-01
   9.4999999289e+02   1.1649985426e-01   0.0000000000e+00   5.0000001422e-01   0.0000000000e+00   0.0000000000e+00   3.8350013153e-01
   9.4999999716e+02   1.1649985625e-01   0.0000000000e+00   5.0000000567e-01   0.0000000000e+00   0.0000000000e+00   3.8350013808e-01
   9.4999999716e+02   1.1649985625e-01   0.0000000000e+00   5.0000000567e-01   0.0000000000e+00   0.0000000000e+00   3.8350013808e-01
   9.4999999716e+02   1.1649985625e-01   0.0000000000e+00   5.0000000567e-01   0.0000000000e+00   0.0000000000e+00   3.8350013808e-01
   9.4999999716e+02   1.1649985625e-01   0.0000000000e+00   5.0000000567e-01   0.0000000000e+00   0.0000000000e+00   3.8350013808e-01
   9.4999999197e+02   1.1649985383e-01   0.0000000000e+00   5.0000001607e-01   0.0000000000e+00   0.0000000000e+00   3.8350013010e-01
   9.4999999197e+02   1.1649985383e-01   0.0000000000e+00   5.0000001607e-01   0.0000000000e+00   0.0000000000e+00   3.8350013010e-01
   9.4999999716e+02   1.1649985625e-01   0.0000000000e+00   5.0000000567e-01   0.0000000000e+00   0.0000000000e+00   3.8350013808e-01
   9.4999999716e+02   1.1649985625e-01   0.0000000000e+00   5.0000000567e-01   0.0000000000e+00   0.0000000000e+00   3.8350013808e-01
   9.4999999549e+02   1.1649985547e-01   0.0000000000e+00   5.0000000902e-01   0.0000000000e+00   0.0000000000e+00   3.8350013551e-01
   9.4999999549e+02   1.1649985547e-01   0.0000000000e+00   5.0000000902e-01   0.0000000000e+00   0.0000000000e+00   3.8350013551e-01
   9.4999999549e+02   1.1649985547e-01   0.0000000000e+00   5.0000000902e-01   0.0000000000e+00   0.0000000000e+00   3.8350013551e-01
   9.4999999549e+02   1.1649985547e-01   0.0000000000e+00   5.0000000902e-01   0.0000000000e+00   0.0000000000e+00   3.8350013551e-01
   9.5000000177e+02   1.1649985840e-01   0.0000000000e+00   4.9999999645e-01   0.0000000000e+00   0.0000000000e+00   3.8350014515e-01
   9.5000000177e+02   1.1649985840e-01   0.0000000000e+00   4.9999999645e-01   0.0000000000e+00   0.0000000000e+00   3.8350014515e-01
   9.5000000177e+02   1.1649985840e-01   0.0000000000e+00   4.9999999645e-01   0.0000000000e+00   0.0000000000e+00   3.8350014515e-01
   9.5000000177e+02   1.1649985840e-01   0.0000000000e+00   4.9999999645e-01   0.0000000000e+00   0.0000000000e+00   3.8350014515e-01
   9.5000000177e+02   1.1649985840e-01   0.0000000000e+00   4.9999999645e-01   0.0000000000e+00   0.0000000000e+00   3.8350014515e-01
   9.5000000177e+02   1.1649985840e-01   0.0000000000e+00   4.9999999645e-01   0.0000000000e+00   0.0000000000e+00   3.8350014515e-01
   9.5000000177e+02   1.1649985840e-01   0.0000000000e+00   4.9999999645e-01   0.0000000000e+00   0.0000000000e+00   3.8350014515e-01
   9.5000000177e+02   1.1649985840e-01   0.0000000000e+00   4.9999999645e-01   0.0000000000e+00   0.0000000000e+00   3.8350014515e-01
   9.5000000103e+02   1.1649985805e-01   0.0000000000e+00   4.9999999794e-01   0.0000000000e+00   0.0000000000e+00   3.8350014401e-01
   9.5000000103e+02   1.1649985805e-01   0.0000000000e+00   4.9999999794e-01   0.0000000000e+00   0.0000000000e+00   3.8350014401e-01
   9.5000000302e+02   1.1649985898e-01   0.0000000000e+00   4.9999999396e-01   0.0000000000e+00   0.0000000000e+00   3.8350014706e-01
   9.5000000302e+02   1.1649985898e-01   0.0000000000e+00   4.9999999396e-01   0.0000000000e+00   0.0000000000e+00   3.8350014706e-01
   9.5000000401e+02   1.1649985944e-01   0.0000000000e+00   4.9999999197e-01   0.0000000000e+00   0.0000000000e+00   3.8350014859e-01
   9.5000000401e+02   1.1649985944e-01   0.0000000000e+00   4.9999999197e-01   0.0000000000e+00   0.0000000000e+00   3.8350014859e-01
   9.5000000401e+02   1.1649985944e-01   0.0000000000e+00   4.9999999197e-01   0.0000000000e+00   0.0000000000e+00   3.8350014859e-01
   9.5000000401e+02   1.1649985944e-01   0.0000000000e+00   4.9999999197e-01   0.0000000000e+00   0.0000000000e+00   3.8350014859e-01
   9.5000000281e+02   1.1649985888e-01   0.0000000000e+00   4.9999999437e-01   0.0000000000e+00   0.0000000000e+00   3.8350014675e-01
   9.5000000281e+02   1.1649985888e-01   0.0000000000e+00   4.9999999437e-01   0.0000000000e+00   0.0000000000e+00   3.8350014675e-01
   9.5000000281e+02   1.1649985888e-01   0.0000000000e+00   4.9999999437e-01   0.0000000000e+00   0.0000000000e+00   3.8350014675e-01
   9.5000000281e+02   1.1649985888e-01   0.0000000000e+00   4.9999999437e-01   0.0000000000e+00   0.0000000000e+00   3.8350014675e-01
   9.5000000500e+02   1.1649985990e-01   0.0000000000e+00   4.9999998999e-01   0.0000000000e+00   0.0000000000e+00   3.8350015011e-01
   9.5000000500e+02   1.1649985990e-01   0.0000000000e+00   4.9999998999e-01   0.0000000000e+00   0.0000000000e+00   3.8350015011e-01
   9.5000000500e+02   1.1649985990e-01   0.0000000000e+00   4.9999998999e-01   0.0000000000e+00   0.0000000000e+00   3.8350015011e-01
   9.5000000500e+02   1.1649985990e-01   0.0000000000e+00   4.9999998999e-01   0.0000000000e+00   0.0000000000e+00   3.8350015011e-01
   9.5000000302e+02   1.1649985898e-01   0.0000000000e+00   4.9999999396e-01   0.0000000000e+00   0.0000000000e+00   3.8350014706e-01
   9.5000000302e+02   1.1649985898e-01   0.0000000000e+00   4.9999999396e-01   0.0000000000e+00   0.0000000000e+00   3.8350014706e-01
   9.5000000591e+02   1.1649986032e-01   0.0000000000e+00   4.9999998818e-01   0.0000000000e+00   0.0000000000e+00   3.8350015150e-01
   9.5000000591e+02   1.1649986032e-01   0.0000000000e+00   4.9999998818e-01   0.0000000000e+00   0.0000000000e+00   3.8350015150e-01
   9.5000000080e+02   1.1649985794e-01   0.0000000000e+00   4.9999999840e-01   0.0000000000e+00   0.0000000000e+00   3.8350014366e-01
   9.5000000080e+02   1.1649985794e-01   0.0000000000e+00   4.9999999840e-01   0.0000000000e+00   0.0000000000e+00   3.8350014366e-01
   9.5000000591e+02   1.1649986032e-01   0.0000000000e+00   4.9999998818e-01   0.0000000000e+00   0.0000000000e+00   3.8350015150e-01
   9.5000000591e+02   1.1649986032e-01   0.0000000000e+00   4.9999998818e-01   0.0000000000e+00   0.0000000000e+00   3.8350015150e-01
   9.4999999682e+02   1.1649985609e-01   0.0000000000e+00   5.0000000636e-01   0.0000000000e+00   0.0000000000e+00   3.8350013755e-01
   9.4999999682e+02   1.1649985609e-01   0.0000000000e+00   5.0000000636e-01   0.0000000000e+00   0.0000000000e+00   3.8350013755e-01
   9.4999999882e+02   1.1649985702e-01   0.0000000000e+00   5.0000000235e-01   0.0000000000e+00   0.0000000000e+00   3.8350014063e-01
   9.4999999882e+02   1.1649985702e-01   0.0000000000e+00   5.0000000235e-01   0.0000000000e+00   0.0000000000e+00   3.8350014063e-01
   9.4999999919e+02   1.1649985719e-01   0.0000000000e+00   5.0000000162e-01   0.0000000000e+00   0.0000000000e+00   3.8350014119e-01
   9.4999999919e+02   1.1649985719e-01   0.0000000000e+00   5.0000000162e-01   0.0000000000e+00   0.0000000000e+00   3.8350014119e-01
   9.4999999919e+02   1.1649985719e-01   0.0000000000e+00   5.0000000162e-01   0.0000000000e+00   0.0000000000e+00   3.8350014119e-01
   9.4999999919e+02   1.1649985719e-01   0.0000000000e+00   5.0000000162e-01   0.0000000000e+00   0.0000000000e+00   3.8350014119e-01
   9.4999999919e+02   1.1649985719e-01   0.0000000000e+00   5.0000000162e-01   0.0000000000e+00   0.0000000000e+00   3.8350014119e-01
   9.4999999919e+02   1.1649985719e-01   0.0000000000e+00   5.0000000162e-01   0.0000000000e+00   0.0000000000e+00   3.8350014119e-01
   9.4999999919e+02   1.1649985719e-01   0.0000000000e+00   5.0000000162e-01   0.0000000000e+00   0.0000000000e+00   3.8350014119e-01
   9.4999999919e+02   1.1649985719e-01   0.0000000000e+00   5.0000000162e-01   0.0000000000e+00   0.0000000000e+00   3.8350014119e-01
   9.4999999983e+02   1.1649985749e-01   0.0000000000e+00   5.0000000034e-01   0.0000000000e+00   0.0000000000e+00   3.8350014217e-01
   9.4999999983e+02   1.1649985749e-01   0.0000000000e+00   5.0000000034e-01   0.0000000000e+00   0.0000000000e+00   3.8350014217e-01
   9.4999999983e+02   1.1649985749e-01   0.0000000000e+00   5.0000000034e-01   0.0000000000e+00   0.0000000000e+00   3.8350014217e-01
   9.4999999983e+02   1.1649985749e-01   0.0000000000e+00   5.0000000034e-01   0.0000000000e+00   0.0000000000e+00   3.8350014217e-01
   9.4999999884e+02   1.1649985703e-01   0.0000000000e+00   5.0000000232e-01   0.0000000000e+00   0.0000000000e+00   3.8350014065e-01
   9.4999999884e+02   1.1649985703e-01   0.0000000000e+00   5.0000000232e-01   0.0000000000e+00   0.0000000000e+00   3.8350014065e-01
   9.4999999884e+02   1.1649985703e-01   0.0000000000e+00   5.0000000232e-01   0.0000000000e+00   0.0000000000e+00   3.8350014065e-01
   9.4999999884e+02   1.1649985703e-01   0.0000000000e+00   5.0000000232e-01   0.0000000000e+00   0.0000000000e+00   3.8350014065e-01
   9.4999999884e+02   1.1649985703e-01   0.0000000000e+00   5.0000000232e-01   0.0000000000e+00   0.0000000000e+00   3.8350014065e-01
   9.4999999884e+02   1.1649985703e-01   0.0000000000e+00   5.0000000232e-01   0.0000000000e+00   0.0000000000e+00   3.8350014065e-01
   9.4999999884e+02   1.1649985703e-01   0.0000000000e+00   5.0000000232e-01   0.0000000000e+00   0.0000000000e+00   3.8350014065e-01
   9.4999999884e+02   1.1649985703e-01   0.0000000000e+00   5.0000000232e-01   0.0000000000e+00   0.0000000000e+00   3.8350014065e-01
   9.4999999930e+02   1.1649985724e-01   0.0000000000e+00   5.0000000140e-01   0.0000000000e+00   0.0000000000e+00   3.8350014136e-01
   9.4999999930e+02   1.1649985724e-01   0.0000000000e+00   5.0000000140e-01   0.0000000000e+00   0.0000000000e+00   3.8350014136e-01
   9.4999999838e+02   1.1649985681e-01   0.0000000000e+00   5.0000000325e-01   0.0000000000e+00   0.0000000000e+00   3.8350013994e-01
   9.4999999838e+02   1.1649985681e-01   0.0000000000e+00   5.0000000325e-01   0.0000000000e+00   0.0000000000e+00   3.8350013994e-01
   9.4999999930e+02   1.1649985724e-01   0.0000000000e+00   5.0000000140e-01   0.0000000000e+00   0.0000000000e+00   3.8350014136e-01
   9.4999999930e+02   1.1649985724e-01   0.0000000000e+00   5.0000000140e-01   0.0000000000e+00   0.0000000000e+00   3.8350014136e-01
   9.4999999838e+02   1.1649985681e-01   0.0000000000e+00   5.0000000325e-01   0.0000000000e+00   0.0000000000e+00   3.8350013994e-01
   9.4999999838e+02   1.1649985681e-01   0.0000000000e+00   5.0000000325e-01   0.0000000000e+00   0.0000000000e+00   3.8350013994e-01
   9.4999999420e+02   1.1649985487e-01   0.0000000000e+00   5.0000001160e-01   0.0000000000e+00   0.0000000000e+00   3.8350013353e-01
   9.4999999420e+02   1.1649985487e-01   0.0000000000e+00   5.0000001160e-01   0.0000000000e+00   0.0000000000e+00   3.8350013353e-01
   9.4999999865e+02   1.1649985694e-01   0.0000000000e+00   5.0000000270e-01   0.0000000000e+00   0.0000000000e+00   3.8350014036e-01
   9.4999999865e+02   1.1649985694e-01   0.0000000000e+00   5.0000000270e-01   0.0000000000e+00   0.0000000000e+00   3.8350014036e-01
   9.4999999420e+02   1.1649985487e-01   0.0000000000e+00   5.0000001160e-01   0.0000000000e+00   0.0000000000e+00   3.8350013353e-01
   9.4999999420e+02   1.1649985487e-01   0.0000000000e+00   5.0000001160e-01   0.0000000000e+00   0.0000000000e+00   3.8350013353e-01
   9.4999999420e+02   1.1649985487e-01   0.0000000000e+00   5.0000001160e-01   0.0000000000e+00   0.0000000000e+00   3.8350013353e-01
   9.4999999420e+02   1.1649985487e-01   0.0000000000e+00   5.0000001160e-01   0.0000000000e+00   0.0000000000e+00   3.8350013353e-01
   9.4999999744e+02   1.1649985638e-01   0.0000000000e+00   5.0000000511e-01   0.0000000000e+00   0.0000000000e+00   3.8350013851e-01
   9.4999999744e+02   1.1649985638e-01   0.0000000000e+00   5.0000000511e-01   0.0000000000e+00   0.0000000000e+00   3.8350013851e-01
   9.4999999744e+02   1.1649985638e-01   0.0000000000e+00   5.0000000511e-01   0.0000000000e+00   0.0000000000e+00   3.8350013851e-01
   9.4999999744e+02   1.1649985638e-01   0.0000000000e+00   5.0000000511e-01   0.0000000000e+00   0.0000000000e+00   3.8350013851e-01
   9.4999999420e+02   1.1649985487e-01   0.0000000000e+00   5.0000001160e-01   0.0000000000e+00   0.0000000000e+00   3.8350013353e-01
   9.4999999420e+02   1.1649985487e-01   0.0000000000e+00   5.0000001160e-01   0.0000000000e+00   0.0000000000e+00   3.8350013353e-01
   9.4999999865e+02   1.1649985694e-01   0.0000000000e+00   5.0000000270e-01   0.0000000000e+00   0.0000000000e+00   3.8350014036e-01
   9.4999999865e+02   1.1649985694e-01   0.0000000000e+00   5.0000000270e-01   0.0000000000e+00   0.0000000000e+00   3.8350014036e-01
   9.4999999540e+02   1.1649985543e-01   0.0000000000e+00   5.0000000920e-01   0.0000000000e+00   0.0000000000e+00   3.8350013537e-01
   9.4999999540e+02   1.1649985543e-01   0.0000000000e+00   5.0000000920e-01   0.0000000000e+00   0.0000000000e+00   3.8350013537e-01
   9.4999999555e+02   1.1649985550e-01   0.0000000000e+00   5.0000000889e-01   0.0000000000e+00   0.0000000000e+00   3.8350013561e-01
   9.4999999555e+02   1.1649985550e-01   0.0000000000e+00   5.0000000889e-01   0.0000000000e+00   0.0000000000e+00   3.8350013561e-01
   9.4999999648e+02   1.1649985593e-01   0.0000000000e+00   5.0000000703e-01   0.0000000000e+00   0.0000000000e+00   3.8350013704e-01
   9.4999999648e+02   1.1649985593e-01   0.0000000000e+00   5.0000000703e-01   0.0000000000e+00   0.0000000000e+00   3.8350013704e-01
   9.4999999555e+02   1.1649985550e-01   0.0000000000e+00   5.0000000889e-01   0.0000000000e+00   0.0000000000e+00   3.8350013561e-01
   9.4999999555e+02   1.1649985550e-01   0.0000000000e+00   5.0000000889e-01   0.0000000000e+00   0.0000000000e+00   3.8350013561e-01
   9.4999999648e+02   1.1649985593e-01   0.0000000000e+00   5.0000000703e-01   0.0000000000e+00   0.0000000000e+00   3.8350013704e-01
   9.4999999648e+02   1.1649985593e-01   0.0000000000e+00   5.0000000703e-01   0.0000000000e+00   0.0000000000e+00   3.8350013704e-01
   9.4999999612e+02   1.1649985576e-01   0.0000000000e+00   5.0000000775e-01   0.0000000000e+00   0.0000000000e+00   3.8350013648e-01
   9.4999999612e+02   1.1649985576e-01   0.0000000000e+00   5.0000000775e-01   0.0000000000e+00   0.0000000000e+00   3.8350013648e-01
   9.4999999669e+02   1.1649985603e-01   0.0000000000e+00   5.0000000662e-01   0.0000000000e+00   0.0000000000e+00   3.8350013736e-01
   9.4999999669e+02   1.1649985603e-01   0.0000000000e+00   5.0000000662e-01   0.0000000000e+00   0.0000000000e+00   3.8350013736e-01
   9.4999999669e+02   1.1649985603e-01   0.0000000000e+00   5.0000000662e-01   0.0000000000e+00   0.0000000000e+00   3.8350013736e-01
   9.4999999669e+02   1.1649985603e-01   0.0000000000e+00   5.0000000662e-01   0.0000000000e+00   0.0000000000e+00   3.8350013736e-01
   9.5000000050e+02   1.1649985780e-01   0.0000000000e+00   4.9999999901e-01   0.0000000000e+00   0.0000000000e+00   3.8350014319e-01
   9.5000000050e+02   1.1649985780e-01   0.0000000000e+00   4.9999999901e-01   0.0000000000e+00   0.0000000000e+00   3.8350014319e-01
   9.5000000050e+02   1.1649985780e-01   0.0000000000e+00   4.9999999901e-01   0.0000000000e+00   0.0000000000e+00   3.8350014319e-01
   9.5000000050e+02   1.1649985780e-01   0.0000000000e+00   4.9999999901e-01   0.0000000000e+00   0.0000000000e+00   3.8350014319e-01
   9.5000000050e+02   1.1649985780e-01   0.0000000000e+00   4.9999999901e-01   0.0000000000e+00   0.0000000000e+00   3.8350014319e-01
   9.5000000050e+02   1.1649985780e-01   0.0000000000e+00   4.9999999901e-01   0.0000000000e+00   0.0000000000e+00   3.8350014319e-01
   9.5000000050e+02   1.1649985780e-01   0.0000000000e+00   4.9999999901e-01   0.0000000000e+00   0.0000000000e+00   3.8350014319e-01
   9.5000000050e+02   1.1649985780e-01   0.0000000000e+00   4.9999999901e-01   0.0000000000e+00   0.0000000000e+00   3.8350014319e-01
   9.5000000068e+02   1.1649985789e-01   0.0000000000e+00   4.9999999864e-01   0.0000000000e+00   0.0000000000e+00   3.8350014348e-01
   9.5000000068e+02   1.1649985789e-01   0.0000000000e+00   4.9999999864e-01   0.0000000000e+00   0.0000000000e+00   3.8350014348e-01
   9.5000000068e+02   1.1649985789e-01   0.0000000000e+00   4.9999999864e-01   0.0000000000e+00   0.0000000000e+00   3.8350014348e-01
   9.5000000068e+02   1.1649985789e-01   0.0000000000e+00   4.9999999864e-01   0.0000000000e+00   0.0000000000e+00   3.8350014348e-01
   9.5000000031e+02   1.1649985771e-01   0.0000000000e+00   4.9999999938e-01   0.0000000000e+00   0.0000000000e+00   3.8350014291e-01
   9.5000000031e+02   1.1649985771e-01   0.0000000000e+00   4.9999999938e-01   0.0000000000e+00   0.0000000000e+00   3.8350014291e-01
   9.5000000031e+02   1.1649985771e-01   0.0000000000e+00   4.9999999938e-01   0.0000000000e+00   0.0000000000e+00   3.8350014291e-01
   9.5000000031e+02   1.1649985771e-01   0.0000000000e+00   4.9999999938e-01   0.0000000000e+00   0.0000000000e+00   3.8350014291e-01
   9.4999999911e+02   1.1649985715e-01   0.0000000000e+00   5.0000000178e-01   0.0000000000e+00   0.0000000000e+00   3.8350014106e-01
   9.4999999911e+02   1.1649985715e-01   0.0000000000e+00   5.0000000178e-01   0.0000000000e+00   0.0000000000e+00   3.8350014106e-01
   9.4999999911e+02   1.1649985715e-01   0.0000000000e+00   5.0000000178e-01   0.0000000000e+00   0.0000000000e+00   3.8350014106e-01
   9.4999999911e+02   1.1649985715e-01   0.0000000000e+00   5.0000000178e-01   0.0000000000e+00   0.0000000000e+00   3.8350014106e-01
   9.4999999911e+02   1.1649985715e-01   0.0000000000e+00   5.0000000178e-01   0.0000000000e+00   0.0000000000e+00   3.8350014106e-01
   9.4999999911e+02   1.1649985715e-01   0.0000000000e+00   5.0000000178e-01   0.0000000000e+00   0.0000000000e+00   3.8350014106e-01
   9.4999999911e+02   1.1649985715e-01   0.0000000000e+00   5.0000000178e-01   0.0000000000e+00   0.0000000000e+00   3.8350014106e-01
   9.4999999911e+02   1.1649985715e-01   0.0000000000e+00   5.0000000178e-01   0.0000000000e+00   0.0000000000e+00   3.8350014106e-01
   9.4999999911e+02   1.1649985715e-01   0.0000000000e+00   5.0000000178e-01   0.0000000000e+00   0.0000000000e+00   3.8350014106e-01
   9.4999999911e+02   1.1649985715e-01   0.0000000000e+00   5.0000000178e-01   0.0000000000e+00   0.0000000000e+00   3.8350014106e-01
   9.4999999911e+02   1.1649985715e-01   0.0000000000e+00   5.0000000178e-01   0.0000000000e+00   0.0000000000e+00   3.8350014106e-01
   9.4999999911e+02   1.1649985715e-01   0.0000000000e+00   5.0000000178e-01   0.0000000000e+00   0.0000000000e+00   3.8350014106e-01
   9.4999999911e+02   1.1649985715e-01   0.0000000000e+00   5.0000000178e-01   0.0000000000e+00   0.0000000000e+00   3.8350014106e-01
   9.4999999911e+02   1.1649985715e-01   0.0000000000e+00   5.0000000178e-01   0.0000000000e+00   0.0000000000e+00   3.8350014106e-01
   9.4999999911e+02   1.1649985715e-01   0.0000000000e+00   5.0000000178e-01   0.0000000000e+00   0.0000000000e+00   3.8350014106e-01
   9.4999999911e+02   1.1649985715e-01   0.0000000000e+00   5.0000000178e-01   0.0000000000e+00   0.0000000000e+00   3.8350014106e-01
   9.4999999935e+02   1.1649985727e-01   0.0000000000e+00   5.0000000131e-01   0.0000000000e+00   0.0000000000e+00   3.8350014143e-01
   9.4999999935e+02   1.1649985727e-01   0.0000000000e+00   5.0000000131e-01   0.0000000000e+00   0.0000000000e+00   3.8350014143e-01
   9.4999999935e+02   1.1649985727e-01   0.0000000000e+00   5.0000000131e-01   0.0000000000e+00   0.0000000000e+00   3.8350014143e-01
   9.4999999935e+02   1.1649985727e-01   0.0000000000e+00   5.0000000131e-01   0.0000000000e+00   0.0000000000e+00   3.8350014143e-01
   9.5000000142e+02   1.1649985823e-01   0.0000000000e+00   4.9999999717e-01   0.0000000000e+00   0.0000000000e+00   3.8350014460e-01
   9.5000000142e+02   1.1649985823e-01   0.0000000000e+00   4.9999999717e-01   0.0000000000e+00   0.0000000000e+00   3.8350014460e-01
   9.5000000142e+02   1.1649985823e-01   0.0000000000e+00   4.9999999717e-01   0.0000000000e+00   0.0000000000e+00   3.8350014460e-01
   9.5000000142e+02   1.1649985823e-01   0.0000000000e+00   4.9999999717e-01   0.0000000000e+00   0.0000000000e+00   3.8350014460e-01
   9.4999999671e+02   1.1649985604e-01   0.0000000000e+00   5.0000000658e-01   0.0000000000e+00   0.0000000000e+00   3.8350013738e-01
   9.4999999671e+02   1.1649985604e-01   0.0000000000e+00   5.0000000658e-01   0.0000000000e+00   0.0000000000e+00   3.8350013738e-01
   9.4999999596e+02   1.1649985569e-01   0.0000000000e+00   5.0000000808e-01   0.0000000000e+00   0.0000000000e+00   3.8350013623e-01
   9.4999999596e+02   1.1649985569e-01   0.0000000000e+00   5.0000000808e-01   0.0000000000e+00   0.0000000000e+00   3.8350013623e-01
   9.4999999671e+02   1.1649985604e-01   0.0000000000e+00   5.0000000658e-01   0.0000000000e+00   0.0000000000e+00   3.8350013738e-01
   9.4999999671e+02   1.1649985604e-01   0.0000000000e+00   5.0000000658e-01   0.0000000000e+00   0.0000000000e+00   3.8350013738e-01
   9.4999999596e+02   1.1649985569e-01   0.0000000000e+00   5.0000000808e-01   0.0000000000e+00   0.0000000000e+00   3.8350013623e-01
   9.4999999596e+02   1.1649985569e-01   0.0000000000e+00   5.0000000808e-01   0.0000000000e+00   0.0000000000e+00   3.8350013623e-01
   9.4999999726e+02   1.1649985629e-01   0.0000000000e+00   5.0000000547e-01   0.0000000000e+00   0.0000000000e+00   3.8350013823e-01
   9.4999999726e+02   1.1649985629e-01   0.0000000000e+00   5.0000000547e-01   0.0000000000e+00   0.0000000000e+00   3.8350013823e-01
   9.4999999726e+02   1.1649985629e-01   0.0000000000e+00   5.0000000547e-01   0.0000000000e+00   0.0000000000e+00   3.8350013823e-01
   9.4999999726e+02   1.1649985629e-01   0.0000000000e+00   5.0000000547e-01   0.0000000000e+00   0.0000000000e+00   3.8350013823e-01
   9.4999999598e+02   1.1649985570e-01   0.0000000000e+00   5.0000000803e-01   0.0000000000e+00   0.0000000000e+00   3.8350013627e-01
   9.4999999598e+02   1.1649985570e-01   0.0000000000e+00   5.0000000803e-01   0.0000000000e+00   0.0000000000e+00   3.8350013627e-01
   9.4999999598e+02   1.1649985570e-01   0.0000000000e+00   5.0000000803e-01   0.0000000000e+00   0.0000000000e+00   3.8350013627e-01
   9.4999999598e+02   1.1649985570e-01   0.0000000000e+00   5.0000000803e-01   0.0000000000e+00   0.0000000000e+00   3.8350013627e-01
   9.4999999789e+02   1.1649985659e-01   0.0000000000e+00   5.0000000421e-01   0.0000000000e+00   0.0000000000e+00   3.8350013920e-01
   9.4999999789e+02   1.1649985659e-01   0.0000000000e+00   5.0000000421e-01   0.0000000000e+00   0.0000000000e+00   3.8350013920e-01
   9.4999999789e+02   1.1649985659e-01   0.0000000000e+00   5.0000000421e-01   0.0000000000e+00   0.0000000000e+00   3.8350013920e-01
   9.4999999789e+02   1.1649985659e-01   0.0000000000e+00   5.0000000421e-01   0.0000000000e+00   0.0000000000e+00   3.8350013920e-01
   9.4999999613e+02   1.1649985577e-01   0.0000000000e+00   5.0000000774e-01   0.0000000000e+00   0.0000000000e+00   3.8350013650e-01
   9.4999999613e+02   1.1649985577e-01   0.0000000000e+00   5.0000000774e-01   0.0000000000e+00   0.0000000000e+00   3.8350013650e-01
   9.4999999613e+02   1.1649985577e-01   0.0000000000e+00   5.0000000774e-01   0.0000000000e+00   0.0000000000e+00   3.8350013650e-01
   9.4999999613e+02   1.1649985577e-01   0.0000000000e+00   5.0000000774e-01   0.0000000000e+00   0.0000000000e+00   3.8350013650e-01