# time = 81.7167
# Grid Poins = 256    variable_0    variable_1    variable_2    variable_3    variable_4    variable_5    variable_6
   9.5000008356e+02   1.1649989651e-01   0.0000000000e+00   4.9999983289e-01   0.0000000000e+00   0.0000000000e+00   3.8350027060e-01
   9.5000008356e+02   1.1649989651e-01   0.0000000000e+00   4.9999983289e-01   0.0000000000e+00   0.0000000000e+00   3.8350027060e-01
   9.5000041149e+02   1.1650004932e-01   0.0000000000e+00   4.9999917702e-01   0.0000000000e+00   0.0000000000e+00   3.8350077366e-01
   9.5000041149e+02   1.1650004932e-01   0.0000000000e+00   4.9999917702e-01   0.0000000000e+00   0.0000000000e+00   3.8350077366e-01
   9.5000041149e+02   1.1650004932e-01   0.0000000000e+00   4.9999917702e-01   0.0000000000e+00   0.0000000000e+00   3.8350077366e-01
   9.5000041149e+02   1.1650004932e-01   0.0000000000e+00   4.9999917702e-01   0.0000000000e+00   0.0000000000e+00   3.8350077366e-01
   9.5000008356e+02   1.1649989651e-01   0.0000000000e+00   4.9999983289e-01   0.0000000000e+00   0.0000000000e+00   3.8350027060e-01
   9.5000008356e+02   1.1649989651e-01   0.0000000000e+00   4.9999983289e-01   0.0000000000e+00   0.0000000000e+00   3.8350027060e-01
   9.5000016549e+02   1.1649993469e-01   0.0000000000e+00   4.9999966901e-01   0.0000000000e+00   0.0000000000e+00   3.8350039630e-01
   9.5000016549e+02   1.1649993469e-01   0.0000000000e+00   4.9999966901e-01   0.0000000000e+00   0.0000000000e+00   3.8350039630e-01
   9.5000016549e+02   1.1649993469e-01   0.0000000000e+00   4.9999966901e-01   0.0000000000e+00   0.0000000000e+00   3.8350039630e-01
   9.5000016549e+02   1.1649993469e-01   0.0000000000e+00   4.9999966901e-01   0.0000000000e+00   0.0000000000e+00   3.8350039630e-01
   9.5000016549e+02   1.1649993469e-01   0.0000000000e+00   4.9999966901e-01   0.0000000000e+00   0.0000000000e+00   3.8350039630e-01
   9.5000016549e+02   1.1649993469e-01   0.0000000000e+00   4.9999966901e-01   0.0000000000e+00   0.0000000000e+00   3.8350039630e-01
   9.5000016549e+02   1.1649993469e-01   0.0000000000e+00   4.9999966901e-01   0.0000000000e+00   0.0000000000e+00   3.8350039630e-01
   9.5000016549e+02   1.1649993469e-01   0.0000000000e+00   4.9999966901e-01   0.0000000000e+00   0.0000000000e+00   3.8350039630e-01
   9.4999997418e+02   1.1649984554e-01   0.0000000000e+00   5.0000005163e-01   0.0000000000e+00   0.0000000000e+00   3.8350010283e-01
   9.4999997418e+02   1.1649984554e-01   0.0000000000e+00   5.0000005163e-01   0.0000000000e+00   0.0000000000e+00   3.8350010283e-01
   9.4999997418e+02   1.1649984554e-01   0.0000000000e+00   5.0000005163e-01   0.0000000000e+00   0.0000000000e+00   3.8350010283e-01
   9.4999997418e+02   1.1649984554e-01   0.0000000000e+00   5.0000005163e-01   0.0000000000e+00   0.0000000000e+00   3.8350010283e-01
   9.5000005071e+02   1.1649988120e-01   0.0000000000e+00   4.9999989859e-01   0.0000000000e+00   0.0000000000e+00   3.8350022021e-01
   9.5000005071e+02   1.1649988120e-01   0.0000000000e+00   4.9999989859e-01   0.0000000000e+00   0.0000000000e+00   3.8350022021e-01
   9.5000005071e+02   1.1649988120e-01   0.0000000000e+00   4.9999989859e-01   0.0000000000e+00   0.0000000000e+00   3.8350022021e-01
   9.5000005071e+02   1.1649988120e-01   0.0000000000e+00   4.9999989859e-01   0.0000000000e+00   0.0000000000e+00   3.8350022021e-01
   9.5000014501e+02   1.1649992514e-01   0.0000000000e+00   4.9999970998e-01   0.0000000000e+00   0.0000000000e+00   3.8350036487e-01
   9.5000014501e+02   1.1649992514e-01   0.0000000000e+00   4.9999970998e-01   0.0000000000e+00   0.0000000000e+00   3.8350036487e-01
   9.5000014501e+02   1.1649992514e-01   0.0000000000e+00   4.9999970998e-01   0.0000000000e+00   0.0000000000e+00   3.8350036487e-01
   9.5000014501e+02   1.1649992514e-01   0.0000000000e+00   4.9999970998e-01   0.0000000000e+00   0.0000000000e+00   3.8350036487e-01
   9.5000010404e+02   1.1649990605e-01   0.0000000000e+00   4.9999979192e-01   0.0000000000e+00   0.0000000000e+00   3.8350030203e-01
   9.5000010404e+02   1.1649990605e-01   0.0000000000e+00   4.9999979192e-01   0.0000000000e+00   0.0000000000e+00   3.8350030203e-01
   9.5000010404e+02   1.1649990605e-01   0.0000000000e+00   4.9999979192e-01   0.0000000000e+00   0.0000000000e+00   3.8350030203e-01
   9.5000010404e+02   1.1649990605e-01   0.0000000000e+00   4.9999979192e-01   0.0000000000e+00   0.0000000000e+00   3.8350030203e-01
   9.4999990059e+02   1.1649981125e-01   0.0000000000e+00   5.0000019882e-01   0.0000000000e+00   0.0000000000e+00   3.8349998994e-01
   9.4999990059e+02   1.1649981125e-01   0.0000000000e+00   5.0000019882e-01   0.0000000000e+00   0.0000000000e+00   3.8349998994e-01
   9.4999990059e+02   1.1649981125e-01   0.0000000000e+00   5.0000019882e-01   0.0000000000e+00   0.0000000000e+00   3.8349998994e-01
   9.4999990059e+02   1.1649981125e-01   0.0000000000e+00   5.0000019882e-01   0.0000000000e+00   0.0000000000e+00   3.8349998994e-01
   9.4999990059e+02   1.1649981125e-01   0.0000000000e+00   5.0000019882e-01   0.0000000000e+00   0.0000000000e+00   3.8349998994e-01
   9.4999990059e+02   1.1649981125e-01   0.0000000000e+00   5.0000019882e-01   0.0000000000e+00   0.0000000000e+00   3.8349998994e-01
   9.4999990059e+02   1.1649981125e-01   0.0000000000e+00   5.0000019882e-01   0.0000000000e+00   0.0000000000e+00   3.8349998994e-01
   9.4999990059e+02   1.1649981125e-01   0.0000000000e+00   5.0000019882e-01   0.0000000000e+00   0.0000000000e+00   3.8349998994e-01
   9.4999991137e+02   1.1649981627e-01   0.0000000000e+00   5.0000017726e-01   0.0000000000e+00   0.0000000000e+00   3.8350000647e-01
   9.4999991137e+02   1.1649981627e-01   0.0000000000e+00   5.0000017726e-01   0.0000000000e+00   0.0000000000e+00   3.8350000647e-01
   9.4999991137e+02   1.1649981627e-01   0.0000000000e+00   5.0000017726e-01   0.0000000000e+00   0.0000000000e+00   3.8350000647e-01
   9.4999991137e+02   1.1649981627e-01   0.0000000000e+00   5.0000017726e-01   0.0000000000e+00   0.0000000000e+00   3.8350000647e-01
   9.4999991137e+02   1.1649981627e-01   0.0000000000e+00   5.0000017726e-01   0.0000000000e+00   0.0000000000e+00   3.8350000647e-01
   9.4999991137e+02   1.1649981627e-01   0.0000000000e+00   5.0000017726e-01   0.0000000000e+00   0.0000000000e+00   3.8350000647e-01
   9.4999991137e+02   1.1649981627e-01   0.0000000000e+00   5.0000017726e-01   0.0000000000e+00   0.0000000000e+00   3.8350000647e-01
   9.4999991137e+02   1.1649981627e-01   0.0000000000e+00   5.0000017726e-01   0.0000000000e+00   0.0000000000e+00   3.8350000647e-01
   9.5000019973e+02   1.1649995064e-01   0.0000000000e+00   4.9999960054e-01   0.0000000000e+00   0.0000000000e+00   3.8350044882e-01
   9.5000019973e+02   1.1649995064e-01   0.0000000000e+00   4.9999960054e-01   0.0000000000e+00   0.0000000000e+00   3.8350044882e-01
   9.5000019973e+02   1.1649995064e-01   0.0000000000e+00   4.9999960054e-01   0.0000000000e+00   0.0000000000e+00   3.8350044882e-01
   9.5000019973e+02   1.1649995064e-01   0.0000000000e+00   4.9999960054e-01   0.0000000000e+00   0.0000000000e+00   3.8350044882e-01
   9.4999992339e+02   1.1649982187e-01   0.0000000000e+00   5.0000015323e-01   0.0000000000e+00   0.0000000000e+00   3.8350002491e-01
   9.4999992339e+02   1.1649982187e-01   0.0000000000e+00   5.0000015323e-01   0.0000000000e+00   0.0000000000e+00   3.8350002491e-01
   9.5000025500e+02   1.1649997640e-01   0.0000000000e+00   4.9999949000e-01   0.0000000000e+00   0.0000000000e+00   3.8350053360e-01
   9.5000025500e+02   1.1649997640e-01   0.0000000000e+00   4.9999949000e-01   0.0000000000e+00   0.0000000000e+00   3.8350053360e-01
   9.5000013245e+02   1.1649991929e-01   0.0000000000e+00   4.9999973511e-01   0.0000000000e+00   0.0000000000e+00   3.8350034560e-01
   9.5000013245e+02   1.1649991929e-01   0.0000000000e+00   4.9999973511e-01   0.0000000000e+00   0.0000000000e+00   3.8350034560e-01
   9.5000013245e+02   1.1649991929e-01   0.0000000000e+00   4.9999973511e-01   0.0000000000e+00   0.0000000000e+00   3.8350034560e-01
   9.5000013245e+02   1.1649991929e-01   0.0000000000e+00   4.9999973511e-01   0.0000000000e+00   0.0000000000e+00   3.8350034560e-01
   9.5000013245e+02   1.1649991929e-01   0.0000000000e+00   4.9999973511e-01   0.0000000000e+00   0.0000000000e+00   3.8350034560e-01
   9.5000013245e+02   1.1649991929e-01   0.0000000000e+00   4.9999973511e-01   0.0000000000e+00   0.0000000000e+00   3.8350034560e-01
   9.5000013245e+02   1.1649991929e-01   0.0000000000e+00   4.9999973511e-01   0.0000000000e+00   0.0000000000e+00   3.8350034560e-01
   9.5000013245e+02   1.1649991929e-01   0.0000000000e+00   4.9999973511e-01   0.0000000000e+00   0.0000000000e+00   3.8350034560e-01
   9.5000037459e+02   1.1650003213e-01   0.0000000000e+00   4.9999925082e-01   0.0000000000e+00   0.0000000000e+00   3.8350071705e-01
   9.5000037459e+02   1.1650003213e-01   0.0000000000e+00   4.9999925082e-01   0.0000000000e+00   0.0000000000e+00   3.8350071705e-01
   9.5000037459e+02   1.1650003213e-01   0.0000000000e+00   4.9999925082e-01   0.0000000000e+00   0.0000000000e+00   3.8350071705e-01
   9.5000037459e+02   1.1650003213e-01   0.0000000000e+00   4.9999925082e-01   0.0000000000e+00   0.0000000000e+00   3.8350071705e-01
   9.5000037459e+02   1.1650003213e-01   0.0000000000e+00   4.9999925082e-01   0.0000000000e+00   0.0000000000e+00   3.8350071705e-01
   9.5000037459e+02   1.1650003213e-01   0.0000000000e+00   4.9999925082e-01   0.0000000000e+00   0.0000000000e+00   3.8350071705e-01
   9.5000037459e+02   1.1650003213e-01   0.0000000000e+00   4.9999925082e-01   0.0000000000e+00   0.0000000000e+00   3.8350071705e-01
   9.5000037459e+02   1.1650003213e-01   0.0000000000e+00   4.9999925082e-01   0.0000000000e+00   0.0000000000e+00   3.8350071705e-01
   9.5000017780e+02   1.1649994043e-01   0.0000000000e+00   4.9999964440e-01   0.0000000000e+00   0.0000000000e+00   3.8350041518e-01
   9.5000017780e+02   1.1649994043e-01   0.0000000000e+00   4.9999964440e-01   0.0000000000e+00   0.0000000000e+00   3.8350041518e-01
   9.5000017780e+02   1.1649994043e-01   0.0000000000e+00   4.9999964440e-01   0.0000000000e+00   0.0000000000e+00   3.8350041518e-01
   9.5000017780e+02   1.1649994043e-01   0.0000000000e+00   4.9999964440e-01   0.0000000000e+00   0.0000000000e+00   3.8350041518e-01
   9.5000017780e+02   1.1649994043e-01   0.0000000000e+00   4.9999964440e-01   0.0000000000e+00   0.0000000000e+00   3.8350041518e-01
   9.5000017780e+02   1.1649994043e-01   0.0000000000e+00   4.9999964440e-01   0.0000000000e+00   0.0000000000e+00   3.8350041518e-01
   9.5000017780e+02   1.1649994043e-01   0.0000000000e+00   4.9999964440e-01   0.0000000000e+00   0.0000000000e+00   3.8350041518e-01
   9.5000017780e+02   1.1649994043e-01   0.0000000000e+00   4.9999964440e-01   0.0000000000e+00   0.0000000000e+00   3.8350041518e-01
   9.5000026339e+02   1.1649998031e-01   0.0000000000e+00   4.9999947321e-01   0.0000000000e+00   0.0000000000e+00   3.8350054648e-01
   9.5000026339e+02   1.1649998031e-01   0.0000000000e+00   4.9999947321e-01   0.0000000000e+00   0.0000000000e+00   3.8350054648e-01
   9.5000026339e+02   1.1649998031e-01   0.0000000000e+00   4.9999947321e-01   0.0000000000e+00   0.0000000000e+00   3.8350054648e-01
   9.5000026339e+02   1.1649998031e-01   0.0000000000e+00   4.9999947321e-01   0.0000000000e+00   0.0000000000e+00   3.8350054648e-01
   9.4999988978e+02   1.1649980621e-01   0.0000000000e+00   5.0000022044e-01   0.0000000000e+00   0.0000000000e+00   3.8349997335e-01
   9.4999988978e+02   1.1649980621e-01   0.0000000000e+00   5.0000022044e-01   0.0000000000e+00   0.0000000000e+00   3.8349997335e-01
   9.4999988978e+02   1.1649980621e-01   0.0000000000e+00   5.0000022044e-01   0.0000000000e+00   0.0000000000e+00   3.8349997335e-01
   9.4999988978e+02   1.1649980621e-01   0.0000000000e+00   5.0000022044e-01   0.0000000000e+00   0.0000000000e+00   3.8349997335e-01
   9.5000015469e+02   1.1649992965e-01   0.0000000000e+00   4.9999969063e-01   0.0000000000e+00   0.0000000000e+00   3.8350037972e-01
   9.5000015469e+02   1.1649992965e-01   0.0000000000e+00   4.9999969063e-01   0.0000000000e+00   0.0000000000e+00   3.8350037972e-01
   9.5000015469e+02   1.1649992965e-01   0.0000000000e+00   4.9999969063e-01   0.0000000000e+00   0.0000000000e+00   3.8350037972e-01
   9.5000015469e+02   1.1649992965e-01   0.0000000000e+00   4.9999969063e-01   0.0000000000e+00   0.0000000000e+00   3.8350037972e-01
   9.5000041960e+02   1.1650005310e-01   0.0000000000e+00   4.9999916081e-01   0.0000000000e+00   0.0000000000e+00   3.8350078609e-01
   9.5000041960e+02   1.1650005310e-01   0.0000000000e+00   4.9999916081e-01   0.0000000000e+00   0.0000000000e+00   3.8350078609e-01
   9.4999988977e+02   1.1649980620e-01   0.0000000000e+00   5.0000022045e-01   0.0000000000e+00   0.0000000000e+00   3.8349997334e-01
   9.4999988977e+02   1.1649980620e-01   0.0000000000e+00   5.0000022045e-01   0.0000000000e+00   0.0000000000e+00   3.8349997334e-01
   9.4999990209e+02   1.1649981195e-01   0.0000000000e+00   5.0000019581e-01   0.0000000000e+00   0.0000000000e+00   3.8349999224e-01
   9.4999990209e+02   1.1649981195e-01   0.0000000000e+00   5.0000019581e-01   0.0000000000e+00   0.0000000000e+00   3.8349999224e-01
   9.4999990209e+02   1.1649981195e-01   0.0000000000e+00   5.0000019581e-01   0.0000000000e+00   0.0000000000e+00   3.8349999224e-01
   9.4999990209e+02   1.1649981195e-01   0.0000000000e+00   5.0000019581e-01   0.0000000000e+00   0.0000000000e+00   3.8349999224e-01
   9.4999988969e+02   1.1649980616e-01   0.0000000000e+00   5.0000022062e-01   0.0000000000e+00   0.0000000000e+00   3.8349997321e-01
   9.4999988969e+02   1.1649980616e-01   0.0000000000e+00   5.0000022062e-01   0.0000000000e+00   0.0000000000e+00   3.8349997321e-01
   9.4999991450e+02   1.1649981773e-01   0.0000000000e+00   5.0000017100e-01   0.0000000000e+00   0.0000000000e+00   3.8350001127e-01
   9.4999991450e+02   1.1649981773e-01   0.0000000000e+00   5.0000017100e-01   0.0000000000e+00   0.0000000000e+00   3.8350001127e-01
   9.4999988554e+02   1.1649980423e-01   0.0000000000e+00   5.0000022891e-01   0.0000000000e+00   0.0000000000e+00   3.8349996686e-01
   9.4999988554e+02   1.1649980423e-01   0.0000000000e+00   5.0000022891e-01   0.0000000000e+00   0.0000000000e+00   3.8349996686e-01
   9.4999988554e+02   1.1649980423e-01   0.0000000000e+00   5.0000022891e-01   0.0000000000e+00   0.0000000000e+00   3.8349996686e-01
   9.4999988554e+02   1.1649980423e-01   0.0000000000e+00   5.0000022891e-01   0.0000000000e+00   0.0000000000e+00   3.8349996686e-01
   9.4999988554e+02   1.1649980423e-01   0.0000000000e+00   5.0000022891e-01   0.0000000000e+00   0.0000000000e+00   3.8349996686e-01
   9.4999988554e+02   1.1649980423e-01   0.0000000000e+00   5.0000022891e-01   0.0000000000e+00   0.0000000000e+00   3.8349996686e-01
   9.4999988554e+02   1.1649980423e-01   0.0000000000e+00   5.0000022891e-01   0.0000000000e+00   0.0000000000e+00   3.8349996686e-01
   9.4999988554e+02   1.1649980423e-01   0.0000000000e+00   5.0000022891e-01   0.0000000000e+00   0.0000000000e+00   3.8349996686e-01
   9.5000014798e+02   1.1649992653e-01   0.0000000000e+00   4.9999970404e-01   0.0000000000e+00   0.0000000000e+00   3.8350036943e-01
   9.5000014798e+02   1.1649992653e-01   0.0000000000e+00   4.9999970404e-01   0.0000000000e+00   0.0000000000e+00   3.8350036943e-01
   9.5000014798e+02   1.1649992653e-01   0.0000000000e+00   4.9999970404e-01   0.0000000000e+00   0.0000000000e+00   3.8350036943e-01
   9.5000014798e+02   1.1649992653e-01   0.0000000000e+00   4.9999970404e-01   0.0000000000e+00   0.0000000000e+00   3.8350036943e-01
   9.5000014798e+02   1.1649992653e-01   0.0000000000e+00   4.9999970404e-01   0.0000000000e+00   0.0000000000e+00   3.8350036943e-01
   9.5000014798e+02   1.1649992653e-01   0.0000000000e+00   4.9999970404e-01   0.0000000000e+00   0.0000000000e+00   3.8350036943e-01
   9.5000014798e+02   1.1649992653e-01   0.0000000000e+00   4.9999970404e-01   0.0000000000e+00   0.0000000000e+00   3.8350036943e-01
   9.5000014798e+02   1.1649992653e-01   0.0000000000e+00   4.9999970404e-01   0.0000000000e+00   0.0000000000e+00   3.8350036943e-01
   9.4999990661e+02   1.1649981405e-01   0.0000000000e+00   5.0000018678e-01   0.0000000000e+00   0.0000000000e+00   3.8349999917e-01
   9.4999990661e+02   1.1649981405e-01   0.0000000000e+00   5.0000018678e-01   0.0000000000e+00   0.0000000000e+00   3.8349999917e-01
   9.4999990661e+02   1.1649981405e-01   0.0000000000e+00   5.0000018678e-01   0.0000000000e+00   0.0000000000e+00   3.8349999917e-01
   9.4999990661e+02   1.1649981405e-01   0.0000000000e+00   5.0000018678e-01   0.0000000000e+00   0.0000000000e+00   3.8349999917e-01
   9.4999990661e+02   1.1649981405e-01   0.0000000000e+00   5.0000018678e-01   0.0000000000e+00   0.0000000000e+00   3.8349999917e-01
   9.4999990661e+02   1.1649981405e-01   0.0000000000e+00   5.0000018678e-01   0.0000000000e+00   0.0000000000e+00   3.8349999917e-01
   9.4999990661e+02   1.1649981405e-01   0.0000000000e+00   5.0000018678e-01   0.0000000000e+00   0.0000000000e+00   3.8349999917e-01
   9.4999990661e+02   1.1649981405e-01   0.0000000000e+00   5.0000018678e-01   0.0000000000e+00   0.0000000000e+00   3.8349999917e-01
   9.4999968873e+02   1.1649971252e-01   0.0000000000e+00   5.0000062253e-01   0.0000000000e+00   0.0000000000e+00   3.8349966495e-01
   9.4999968873e+02   1.1649971252e-01   0.0000000000e+00   5.0000062253e-01   0.0000000000e+00   0.0000000000e+00   3.8349966495e-01
   9.4999968873e+02   1.1649971252e-01   0.0000000000e+00   5.0000062253e-01   0.0000000000e+00   0.0000000000e+00   3.8349966495e-01
   9.4999968873e+02   1.1649971252e-01   0.0000000000e+00   5.0000062253e-01   0.0000000000e+00   0.0000000000e+00   3.8349966495e-01
   9.4999968873e+02   1.1649971252e-01   0.0000000000e+00   5.0000062253e-01   0.0000000000e+00   0.0000000000e+00   3.8349966495e-01
   9.4999968873e+02   1.1649971252e-01   0.0000000000e+00   5.0000062253e-01   0.0000000000e+00   0.0000000000e+00   3.8349966495e-01
   9.4999968873e+02   1.1649971252e-01   0.0000000000e+00   5.0000062253e-01   0.0000000000e+00   0.0000000000e+00   3.8349966495e-01
   9.4999968873e+02   1.1649971252e-01   0.0000000000e+00   5.0000062253e-01   0.0000000000e+00   0.0000000000e+00   3.8349966495e-01
   9.5000009911e+02   1.1649990376e-01   0.0000000000e+00   4.9999980177e-01   0.0000000000e+00   0.0000000000e+00   3.8350029447e-01
   9.5000009911e+02   1.1649990376e-01   0.0000000000e+00   4.9999980177e-01   0.0000000000e+00   0.0000000000e+00   3.8350029447e-01
   9.5000026367e+02   1.1649998044e-01   0.0000000000e+00   4.9999947267e-01   0.0000000000e+00   0.0000000000e+00   3.8350054689e-01
   9.5000026367e+02   1.1649998044e-01   0.0000000000e+00   4.9999947267e-01   0.0000000000e+00   0.0000000000e+00   3.8350054689e-01
   9.5000034594e+02   1.1650001878e-01   0.0000000000e+00   4.9999930811e-01   0.0000000000e+00   0.0000000000e+00   3.8350067311e-01
   9.5000034594e+02   1.1650001878e-01   0.0000000000e+00   4.9999930811e-01   0.0000000000e+00   0.0000000000e+00   3.8350067311e-01
   9.5000034594e+02   1.1650001878e-01   0.0000000000e+00   4.9999930811e-01   0.0000000000e+00   0.0000000000e+00   3.8350067311e-01
   9.5000034594e+02   1.1650001878e-01   0.0000000000e+00   4.9999930811e-01   0.0000000000e+00   0.0000000000e+00   3.8350067311e-01
   9.5000026367e+02   1.1649998044e-01   0.0000000000e+00   4.9999947267e-01   0.0000000000e+00   0.0000000000e+00   3.8350054689e-01
   9.5000026367e+02   1.1649998044e-01   0.0000000000e+00   4.9999947267e-01   0.0000000000e+00   0.0000000000e+00   3.8350054689e-01
   9.5000026367e+02   1.1649998044e-01   0.0000000000e+00   4.9999947267e-01   0.0000000000e+00   0.0000000000e+00   3.8350054689e-01
   9.5000026367e+02   1.1649998044e-01   0.0000000000e+00   4.9999947267e-01   0.0000000000e+00   0.0000000000e+00   3.8350054689e-01
   9.5000042822e+02   1.1650005712e-01   0.0000000000e+00   4.9999914356e-01   0.0000000000e+00   0.0000000000e+00   3.8350079932e-01
   9.5000042822e+02   1.1650005712e-01   0.0000000000e+00   4.9999914356e-01   0.0000000000e+00   0.0000000000e+00   3.8350079932e-01
   9.5000042822e+02   1.1650005712e-01   0.0000000000e+00   4.9999914356e-01   0.0000000000e+00   0.0000000000e+00   3.8350079932e-01
   9.5000042822e+02   1.1650005712e-01   0.0000000000e+00   4.9999914356e-01   0.0000000000e+00   0.0000000000e+00   3.8350079932e-01
   9.5000026367e+02   1.1649998044e-01   0.0000000000e+00   4.9999947267e-01   0.0000000000e+00   0.0000000000e+00   3.8350054689e-01
   9.5000026367e+02   1.1649998044e-01   0.0000000000e+00   4.9999947267e-01   0.0000000000e+00   0.0000000000e+00   3.8350054689e-01
   9.5000026367e+02   1.1649998044e-01   0.0000000000e+00   4.9999947267e-01   0.0000000000e+00   0.0000000000e+00   3.8350054689e-01
   9.5000026367e+02   1.1649998044e-01   0.0000000000e+00   4.9999947267e-01   0.0000000000e+00   0.0000000000e+00   3.8350054689e-01
   9.5000042822e+02   1.1650005712e-01   0.0000000000e+00   4.9999914356e-01   0.0000000000e+00   0.0000000000e+00   3.8350079932e-01
   9.5000042822e+02   1.1650005712e-01   0.0000000000e+00   4.9999914356e-01   0.0000000000e+00   0.0000000000e+00   3.8350079932e-01
   9.5000042822e+02   1.1650005712e-01   0.0000000000e+00   4.9999914356e-01   0.0000000000e+00   0.0000000000e+00   3.8350079932e-01
   9.5000042822e+02   1.1650005712e-01   0.0000000000e+00   4.9999914356e-01   0.0000000000e+00   0.0000000000e+00   3.8350079932e-01
   9.4999994811e+02   1.1649983339e-01   0.0000000000e+00   5.0000010378e-01   0.0000000000e+00   0.0000000000e+00   3.8350006283e-01
   9.4999994811e+02   1.1649983339e-01   0.0000000000e+00   5.0000010378e-01   0.0000000000e+00   0.0000000000e+00   3.8350006283e-01
   9.4999994811e+02   1.1649983339e-01   0.0000000000e+00   5.0000010378e-01   0.0000000000e+00   0.0000000000e+00   3.8350006283e-01
   9.4999994811e+02   1.1649983339e-01   0.0000000000e+00   5.0000010378e-01   0.0000000000e+00   0.0000000000e+00   3.8350006283e-01
   9.4999978636e+02   1.1649975801e-01   0.0000000000e+00   5.0000042728e-01   0.0000000000e+00   0.0000000000e+00   3.8349981470e-01
   9.4999978636e+02   1.1649975801e-01   0.0000000000e+00   5.0000042728e-01   0.0000000000e+00   0.0000000000e+00   3.8349981470e-01
   9.4999978636e+02   1.1649975801e-01   0.0000000000e+00   5.0000042728e-01   0.0000000000e+00   0.0000000000e+00   3.8349981470e-01
   9.4999978636e+02   1.1649975801e-01   0.0000000000e+00   5.0000042728e-01   0.0000000000e+00   0.0000000000e+00   3.8349981470e-01
   9.4999994811e+02   1.1649983339e-01   0.0000000000e+00   5.0000010378e-01   0.0000000000e+00   0.0000000000e+00   3.8350006283e-01
   9.4999994811e+02   1.1649983339e-01   0.0000000000e+00   5.0000010378e-01   0.0000000000e+00   0.0000000000e+00   3.8350006283e-01
   9.4999994811e+02   1.1649983339e-01   0.0000000000e+00   5.0000010378e-01   0.0000000000e+00   0.0000000000e+00   3.8350006283e-01
   9.4999994811e+02   1.1649983339e-01   0.0000000000e+00   5.0000010378e-01   0.0000000000e+00   0.0000000000e+00   3.8350006283e-01
   9.4999978636e+02   1.1649975801e-01   0.0000000000e+00   5.0000042728e-01   0.0000000000e+00   0.0000000000e+00   3.8349981470e-01
   9.4999978636e+02   1.1649975801e-01   0.0000000000e+00   5.0000042728e-01   0.0000000000e+00   0.0000000000e+00   3.8349981470e-01
   9.4999978636e+02   1.1649975801e-01   0.0000000000e+00   5.0000042728e-01   0.0000000000e+00   0.0000000000e+00   3.8349981470e-01
   9.4999978636e+02   1.1649975801e-01   0.0000000000e+00   5.0000042728e-01   0.0000000000e+00   0.0000000000e+00   3.8349981470e-01
   9.5000006709e+02   1.1649988883e-01   0.0000000000e+00   4.9999986582e-01   0.0000000000e+00   0.0000000000e+00   3.8350024535e-01
   9.5000006709e+02   1.1649988883e-01   0.0000000000e+00   4.9999986582e-01   0.0000000000e+00   0.0000000000e+00   3.8350024535e-01
   9.5000006709e+02   1.1649988883e-01   0.0000000000e+00   4.9999986582e-01   0.0000000000e+00   0.0000000000e+00   3.8350024535e-01
   9.5000006709e+02   1.1649988883e-01   0.0000000000e+00   4.9999986582e-01   0.0000000000e+00   0.0000000000e+00   3.8350024535e-01
   9.5000006709e+02   1.1649988883e-01   0.0000000000e+00   4.9999986582e-01   0.0000000000e+00   0.0000000000e+00   3.8350024535e-01
   9.5000006709e+02   1.1649988883e-01   0.0000000000e+00   4.9999986582e-01   0.0000000000e+00   0.0000000000e+00   3.8350024535e-01
   9.5000006709e+02   1.1649988883e-01   0.0000000000e+00   4.9999986582e-01   0.0000000000e+00   0.0000000000e+00   3.8350024535e-01
   9.5000006709e+02   1.1649988883e-01   0.0000000000e+00   4.9999986582e-01   0.0000000000e+00   0.0000000000e+00   3.8350024535e-01
   9.5000042822e+02   1.1650005712e-01   0.0000000000e+00   4.9999914356e-01   0.0000000000e+00   0.0000000000e+00   3.8350079932e-01
   9.5000042822e+02   1.1650005712e-01   0.0000000000e+00   4.9999914356e-01   0.0000000000e+00   0.0000000000e+00   3.8350079932e-01
   9.4999970596e+02   1.1649972055e-01   0.0000000000e+00   5.0000058807e-01   0.0000000000e+00   0.0000000000e+00   3.8349969138e-01
   9.4999970596e+02   1.1649972055e-01   0.0000000000e+00   5.0000058807e-01   0.0000000000e+00   0.0000000000e+00   3.8349969138e-01
   9.5000042822e+02   1.1650005712e-01   0.0000000000e+00   4.9999914356e-01   0.0000000000e+00   0.0000000000e+00   3.8350079932e-01
   9.5000042822e+02   1.1650005712e-01   0.0000000000e+00   4.9999914356e-01   0.0000000000e+00   0.0000000000e+00   3.8350079932e-01
   9.4999970596e+02   1.1649972055e-01   0.0000000000e+00   5.0000058807e-01   0.0000000000e+00   0.0000000000e+00   3.8349969138e-01
   9.4999970596e+02   1.1649972055e-01   0.0000000000e+00   5.0000058807e-01   0.0000000000e+00   0.0000000000e+00   3.8349969138e-01
   9.4999977451e+02   1.1649975249e-01   0.0000000000e+00   5.0000045098e-01   0.0000000000e+00   0.0000000000e+00   3.8349979653e-01
   9.4999977451e+02   1.1649975249e-01   0.0000000000e+00   5.0000045098e-01   0.0000000000e+00   0.0000000000e+00   3.8349979653e-01
   9.4999976129e+02   1.1649974633e-01   0.0000000000e+00   5.0000047743e-01   0.0000000000e+00   0.0000000000e+00   3.8349977624e-01
   9.4999976129e+02   1.1649974633e-01   0.0000000000e+00   5.0000047743e-01   0.0000000000e+00   0.0000000000e+00   3.8349977624e-01
   9.4999978112e+02   1.1649975557e-01   0.0000000000e+00   5.0000043775e-01   0.0000000000e+00   0.0000000000e+00   3.8349980667e-01
   9.4999978112e+02   1.1649975557e-01   0.0000000000e+00   5.0000043775e-01   0.0000000000e+00   0.0000000000e+00   3.8349980667e-01
   9.4999978112e+02   1.1649975557e-01   0.0000000000e+00   5.0000043775e-01   0.0000000000e+00   0.0000000000e+00   3.8349980667e-01
   9.4999978112e+02   1.1649975557e-01   0.0000000000e+00   5.0000043775e-01   0.0000000000e+00   0.0000000000e+00   3.8349980667e-01
   9.4999976129e+02   1.1649974633e-01   0.0000000000e+00   5.0000047743e-01   0.0000000000e+00   0.0000000000e+00   3.8349977624e-01
   9.4999976129e+02   1.1649974633e-01   0.0000000000e+00   5.0000047743e-01   0.0000000000e+00   0.0000000000e+00   3.8349977624e-01
   9.4999976129e+02   1.1649974633e-01   0.0000000000e+00   5.0000047743e-01   0.0000000000e+00   0.0000000000e+00   3.8349977624e-01
   9.4999976129e+02   1.1649974633e-01   0.0000000000e+00   5.0000047743e-01   0.0000000000e+00   0.0000000000e+00   3.8349977624e-01
   9.4999978774e+02   1.1649975865e-01   0.0000000000e+00   5.0000042453e-01   0.0000000000e+00   0.0000000000e+00   3.8349981682e-01
   9.4999978774e+02   1.1649975865e-01   0.0000000000e+00   5.0000042453e-01   0.0000000000e+00   0.0000000000e+00   3.8349981682e-01
   9.4999978774e+02   1.1649975865e-01   0.0000000000e+00   5.0000042453e-01   0.0000000000e+00   0.0000000000e+00   3.8349981682e-01
   9.4999978774e+02   1.1649975865e-01   0.0000000000e+00   5.0000042453e-01   0.0000000000e+00   0.0000000000e+00   3.8349981682e-01
   9.4999974899e+02   1.1649974060e-01   0.0000000000e+00   5.0000050202e-01   0.0000000000e+00   0.0000000000e+00   3.8349975738e-01
   9.4999974899e+02   1.1649974060e-01   0.0000000000e+00   5.0000050202e-01   0.0000000000e+00   0.0000000000e+00   3.8349975738e-01
   9.4999980391e+02   1.1649976619e-01   0.0000000000e+00   5.0000039219e-01   0.0000000000e+00   0.0000000000e+00   3.8349984162e-01
   9.4999980391e+02   1.1649976619e-01   0.0000000000e+00   5.0000039219e-01   0.0000000000e+00   0.0000000000e+00   3.8349984162e-01
   9.4999979395e+02   1.1649976155e-01   0.0000000000e+00   5.0000041211e-01   0.0000000000e+00   0.0000000000e+00   3.8349982634e-01
   9.4999979395e+02   1.1649976155e-01   0.0000000000e+00   5.0000041211e-01   0.0000000000e+00   0.0000000000e+00   3.8349982634e-01
   9.4999979395e+02   1.1649976155e-01   0.0000000000e+00   5.0000041211e-01   0.0000000000e+00   0.0000000000e+00   3.8349982634e-01
   9.4999979395e+02   1.1649976155e-01   0.0000000000e+00   5.0000041211e-01   0.0000000000e+00   0.0000000000e+00   3.8349982634e-01
   9.4999979395e+02   1.1649976155e-01   0.0000000000e+00   5.0000041211e-01   0.0000000000e+00   0.0000000000e+00   3.8349982634e-01
   9.4999979395e+02   1.1649976155e-01   0.0000000000e+00   5.0000041211e-01   0.0000000000e+00   0.0000000000e+00   3.8349982634e-01
   9.4999979395e+02   1.1649976155e-01   0.0000000000e+00   5.0000041211e-01   0.0000000000e+00   0.0000000000e+00   3.8349982634e-01
   9.4999979395e+02   1.1649976155e-01   0.0000000000e+00   5.0000041211e-01   0.0000000000e+00   0.0000000000e+00   3.8349982634e-01
   9.4999977645e+02   1.1649975340e-01   0.0000000000e+00   5.0000044710e-01   0.0000000000e+00   0.0000000000e+00   3.8349979950e-01
   9.4999977645e+02   1.1649975340e-01   0.0000000000e+00   5.0000044710e-01   0.0000000000e+00   0.0000000000e+00   3.8349979950e-01
   9.4999977645e+02   1.1649975340e-01   0.0000000000e+00   5.0000044710e-01   0.0000000000e+00   0.0000000000e+00   3.8349979950e-01
   9.4999977645e+02   1.1649975340e-01   0.0000000000e+00   5.0000044710e-01   0.0000000000e+00   0.0000000000e+00   3.8349979950e-01
   9.4999977142e+02   1.1649975105e-01   0.0000000000e+00   5.0000045716e-01   0.0000000000e+00   0.0000000000e+00   3.8349979178e-01
   9.4999977142e+02   1.1649975105e-01   0.0000000000e+00   5.0000045716e-01   0.0000000000e+00   0.0000000000e+00   3.8349979178e-01
   9.4999977142e+02   1.1649975105e-01   0.0000000000e+00   5.0000045716e-01   0.0000000000e+00   0.0000000000e+00   3.8349979178e-01
   9.4999977142e+02   1.1649975105e-01   0.0000000000e+00   5.0000045716e-01   0.0000000000e+00   0.0000000000e+00   3.8349979178e-01
   9.4999977142e+02   1.1649975105e-01   0.0000000000e+00   5.0000045716e-01   0.0000000000e+00   0.0000000000e+00   3.8349979178e-01
   9.4999977142e+02   1.1649975105e-01   0.0000000000e+00   5.0000045716e-01   0.0000000000e+00   0.0000000000e+00   3.8349979178e-01
   9.4999977142e+02   1.1649975105e-01   0.0000000000e+00   5.0000045716e-01   0.0000000000e+00   0.0000000000e+00   3.8349979178e-01
   9.4999977142e+02   1.1649975105e-01   0.0000000000e+00   5.0000045716e-01   0.0000000000e+00   0.0000000000e+00   3.8349979178e-01
   9.4999977440e+02   1.1649975244e-01   0.0000000000e+00   5.0000045120e-01   0.0000000000e+00   0.0000000000e+00   3.8349979636e-01
   9.4999977440e+02   1.1649975244e-01   0.0000000000e+00   5.0000045120e-01   0.0000000000e+00   0.0000000000e+00   3.8349979636e-01
   9.4999977440e+02   1.1649975244e-01   0.0000000000e+00   5.0000045120e-01   0.0000000000e+00   0.0000000000e+00   3.8349979636e-01
   9.4999977440e+02   1.1649975244e-01   0.0000000000e+00   5.0000045120e-01   0.0000000000e+00   0.0000000000e+00   3.8349979636e-01
   9.4999978035e+02   1.1649975521e-01   0.0000000000e+00   5.0000043930e-01   0.0000000000e+00   0.0000000000e+00   3.8349980549e-01
   9.4999978035e+02   1.1649975521e-01   0.0000000000e+00   5.0000043930e-01   0.0000000000e+00   0.0000000000e+00   3.8349980549e-01
   9.4999978035e+02   1.1649975521e-01   0.0000000000e+00   5.0000043930e-01   0.0000000000e+00   0.0000000000e+00   3.8349980549e-01
   9.4999978035e+02   1.1649975521e-01   0.0000000000e+00   5.0000043930e-01   0.0000000000e+00   0.0000000000e+00   3.8349980549e-01
   9.4999979233e+02   1.1649976080e-01   0.0000000000e+00   5.0000041533e-01   0.0000000000e+00   0.0000000000e+00   3.8349982387e-01
   9.4999979233e+02   1.1649976080e-01   0.0000000000e+00   5.0000041533e-01   0.0000000000e+00   0.0000000000e+00   3.8349982387e-01
   9.4999979233e+02   1.1649976080e-01   0.0000000000e+00   5.0000041533e-01   0.0000000000e+00   0.0000000000e+00   3.8349982387e-01
   9.4999979233e+02   1.1649976080e-01   0.0000000000e+00   5.0000041533e-01   0.0000000000e+00   0.0000000000e+00   3.8349982387e-01
   9.4999975902e+02   1.1649974527e-01   0.0000000000e+00   5.0000048196e-01   0.0000000000e+00   0.0000000000e+00   3.8349977277e-01
   9.4999975902e+02   1.1649974527e-01   0.0000000000e+00   5.0000048196e-01   0.0000000000e+00   0.0000000000e+00   3.8349977277e-01
   9.4999975902e+02   1.1649974527e-01   0.0000000000e+00   5.0000048196e-01   0.0000000000e+00   0.0000000000e+00   3.8349977277e-01
   9.4999975902e+02   1.1649974527e-01   0.0000000000e+00   5.0000048196e-01   0.0000000000e+00   0.0000000000e+00   3.8349977277e-01
   9.4999979508e+02   1.1649976208e-01   0.0000000000e+00   5.0000040984e-01   0.0000000000e+00   0.0000000000e+00   3.8349982808e-01
   9.4999979508e+02   1.1649976208e-01   0.0000000000e+00   5.0000040984e-01   0.0000000000e+00   0.0000000000e+00   3.8349982808e-01
   9.4999980057e+02   1.1649976464e-01   0.0000000000e+00   5.0000039886e-01   0.0000000000e+00   0.0000000000e+00   3.8349983651e-01
   9.4999980057e+02   1.1649976464e-01   0.0000000000e+00   5.0000039886e-01   0.0000000000e+00   0.0000000000e+00   3.8349983651e-01
   9.4999975902e+02   1.1649974527e-01   0.0000000000e+00   5.0000048196e-01   0.0000000000e+00   0.0000000000e+00   3.8349977277e-01
   9.4999975902e+02   1.1649974527e-01   0.0000000000e+00   5.0000048196e-01   0.0000000000e+00   0.0000000000e+00   3.8349977277e-01
   9.4999975902e+02   1.1649974527e-01   0.0000000000e+00   5.0000048196e-01   0.0000000000e+00   0.0000000000e+00   3.8349977277e-01
   9.4999975902e+02   1.1649974527e-01   0.0000000000e+00   5.0000048196e-01   0.0000000000e+00   0.0000000000e+00   3.8349977277e-01