# time = 57.4805
# Grid Poins = 256    variable_0    variable_1    variable_2    variable_3    variable_4    variable_5    variable_6
   9.5000102855e+02   1.1650033687e-01   0.0000000000e+00   4.9999794290e-01   0.0000000000e+00   0.0000000000e+00   3.8350172023e-01
   9.5000102855e+02   1.1650033687e-01   0.0000000000e+00   4.9999794290e-01   0.0000000000e+00   0.0000000000e+00   3.8350172023e-01
   9.5000102855e+02   1.1650033687e-01   0.0000000000e+00   4.9999794290e-01   0.0000000000e+00   0.0000000000e+00   3.8350172023e-01
   9.5000102855e+02   1.1650033687e-01   0.0000000000e+00   4.9999794290e-01   0.0000000000e+00   0.0000000000e+00   3.8350172023e-01
   9.5000102855e+02   1.1650033687e-01   0.0000000000e+00   4.9999794290e-01   0.0000000000e+00   0.0000000000e+00   3.8350172023e-01
   9.5000102855e+02   1.1650033687e-01   0.0000000000e+00   4.9999794290e-01   0.0000000000e+00   0.0000000000e+00   3.8350172023e-01
   9.5000102855e+02   1.1650033687e-01   0.0000000000e+00   4.9999794290e-01   0.0000000000e+00   0.0000000000e+00   3.8350172023e-01
   9.5000102855e+02   1.1650033687e-01   0.0000000000e+00   4.9999794290e-01   0.0000000000e+00   0.0000000000e+00   3.8350172023e-01
   9.5000499718e+02   1.1650218625e-01   0.0000000000e+00   4.9999000564e-01   0.0000000000e+00   0.0000000000e+00   3.8350780811e-01
   9.5000499718e+02   1.1650218625e-01   0.0000000000e+00   4.9999000564e-01   0.0000000000e+00   0.0000000000e+00   3.8350780811e-01
   9.5000499718e+02   1.1650218625e-01   0.0000000000e+00   4.9999000564e-01   0.0000000000e+00   0.0000000000e+00   3.8350780811e-01
   9.5000499718e+02   1.1650218625e-01   0.0000000000e+00   4.9999000564e-01   0.0000000000e+00   0.0000000000e+00   3.8350780811e-01
   9.5000720432e+02   1.1650321478e-01   0.0000000000e+00   4.9998559137e-01   0.0000000000e+00   0.0000000000e+00   3.8351119386e-01
   9.5000720432e+02   1.1650321478e-01   0.0000000000e+00   4.9998559137e-01   0.0000000000e+00   0.0000000000e+00   3.8351119386e-01
   9.5000720432e+02   1.1650321478e-01   0.0000000000e+00   4.9998559137e-01   0.0000000000e+00   0.0000000000e+00   3.8351119386e-01
   9.5000720432e+02   1.1650321478e-01   0.0000000000e+00   4.9998559137e-01   0.0000000000e+00   0.0000000000e+00   3.8351119386e-01
   9.5000102855e+02   1.1650033687e-01   0.0000000000e+00   4.9999794290e-01   0.0000000000e+00   0.0000000000e+00   3.8350172023e-01
   9.5000102855e+02   1.1650033687e-01   0.0000000000e+00   4.9999794290e-01   0.0000000000e+00   0.0000000000e+00   3.8350172023e-01
   9.5000102855e+02   1.1650033687e-01   0.0000000000e+00   4.9999794290e-01   0.0000000000e+00   0.0000000000e+00   3.8350172023e-01
   9.5000102855e+02   1.1650033687e-01   0.0000000000e+00   4.9999794290e-01   0.0000000000e+00   0.0000000000e+00   3.8350172023e-01
   9.5000102855e+02   1.1650033687e-01   0.0000000000e+00   4.9999794290e-01   0.0000000000e+00   0.0000000000e+00   3.8350172023e-01
   9.5000102855e+02   1.1650033687e-01   0.0000000000e+00   4.9999794290e-01   0.0000000000e+00   0.0000000000e+00   3.8350172023e-01
   9.5000102855e+02   1.1650033687e-01   0.0000000000e+00   4.9999794290e-01   0.0000000000e+00   0.0000000000e+00   3.8350172023e-01
   9.5000102855e+02   1.1650033687e-01   0.0000000000e+00   4.9999794290e-01   0.0000000000e+00   0.0000000000e+00   3.8350172023e-01
   9.5000405126e+02   1.1650174546e-01   0.0000000000e+00   4.9999189747e-01   0.0000000000e+00   0.0000000000e+00   3.8350635707e-01
   9.5000405126e+02   1.1650174546e-01   0.0000000000e+00   4.9999189747e-01   0.0000000000e+00   0.0000000000e+00   3.8350635707e-01
   9.5000405126e+02   1.1650174546e-01   0.0000000000e+00   4.9999189747e-01   0.0000000000e+00   0.0000000000e+00   3.8350635707e-01
   9.5000405126e+02   1.1650174546e-01   0.0000000000e+00   4.9999189747e-01   0.0000000000e+00   0.0000000000e+00   3.8350635707e-01
   9.5000499718e+02   1.1650218625e-01   0.0000000000e+00   4.9999000564e-01   0.0000000000e+00   0.0000000000e+00   3.8350780811e-01
   9.5000499718e+02   1.1650218625e-01   0.0000000000e+00   4.9999000564e-01   0.0000000000e+00   0.0000000000e+00   3.8350780811e-01
   9.5000499718e+02   1.1650218625e-01   0.0000000000e+00   4.9999000564e-01   0.0000000000e+00   0.0000000000e+00   3.8350780811e-01
   9.5000499718e+02   1.1650218625e-01   0.0000000000e+00   4.9999000564e-01   0.0000000000e+00   0.0000000000e+00   3.8350780811e-01
   9.5000952843e+02   1.1650429781e-01   0.0000000000e+00   4.9998094315e-01   0.0000000000e+00   0.0000000000e+00   3.8351475904e-01
   9.5000952843e+02   1.1650429781e-01   0.0000000000e+00   4.9998094315e-01   0.0000000000e+00   0.0000000000e+00   3.8351475904e-01
   9.5000952843e+02   1.1650429781e-01   0.0000000000e+00   4.9998094315e-01   0.0000000000e+00   0.0000000000e+00   3.8351475904e-01
   9.5000952843e+02   1.1650429781e-01   0.0000000000e+00   4.9998094315e-01   0.0000000000e+00   0.0000000000e+00   3.8351475904e-01
   9.5000952843e+02   1.1650429781e-01   0.0000000000e+00   4.9998094315e-01   0.0000000000e+00   0.0000000000e+00   3.8351475904e-01
   9.5000952843e+02   1.1650429781e-01   0.0000000000e+00   4.9998094315e-01   0.0000000000e+00   0.0000000000e+00   3.8351475904e-01
   9.5000952843e+02   1.1650429781e-01   0.0000000000e+00   4.9998094315e-01   0.0000000000e+00   0.0000000000e+00   3.8351475904e-01
   9.5000952843e+02   1.1650429781e-01   0.0000000000e+00   4.9998094315e-01   0.0000000000e+00   0.0000000000e+00   3.8351475904e-01
   9.4996965753e+02   1.1648571800e-01   0.0000000000e+00   5.0006068494e-01   0.0000000000e+00   0.0000000000e+00   3.8345359707e-01
   9.4996965753e+02   1.1648571800e-01   0.0000000000e+00   5.0006068494e-01   0.0000000000e+00   0.0000000000e+00   3.8345359707e-01
   9.4996965753e+02   1.1648571800e-01   0.0000000000e+00   5.0006068494e-01   0.0000000000e+00   0.0000000000e+00   3.8345359707e-01
   9.4996965753e+02   1.1648571800e-01   0.0000000000e+00   5.0006068494e-01   0.0000000000e+00   0.0000000000e+00   3.8345359707e-01
   9.4997089090e+02   1.1648629275e-01   0.0000000000e+00   5.0005821819e-01   0.0000000000e+00   0.0000000000e+00   3.8345548906e-01
   9.4997089090e+02   1.1648629275e-01   0.0000000000e+00   5.0005821819e-01   0.0000000000e+00   0.0000000000e+00   3.8345548906e-01
   9.4997089090e+02   1.1648629275e-01   0.0000000000e+00   5.0005821819e-01   0.0000000000e+00   0.0000000000e+00   3.8345548906e-01
   9.4997089090e+02   1.1648629275e-01   0.0000000000e+00   5.0005821819e-01   0.0000000000e+00   0.0000000000e+00   3.8345548906e-01
   9.5000952843e+02   1.1650429781e-01   0.0000000000e+00   4.9998094315e-01   0.0000000000e+00   0.0000000000e+00   3.8351475904e-01
   9.5000952843e+02   1.1650429781e-01   0.0000000000e+00   4.9998094315e-01   0.0000000000e+00   0.0000000000e+00   3.8351475904e-01
   9.5000952843e+02   1.1650429781e-01   0.0000000000e+00   4.9998094315e-01   0.0000000000e+00   0.0000000000e+00   3.8351475904e-01
   9.5000952843e+02   1.1650429781e-01   0.0000000000e+00   4.9998094315e-01   0.0000000000e+00   0.0000000000e+00   3.8351475904e-01
   9.5000952843e+02   1.1650429781e-01   0.0000000000e+00   4.9998094315e-01   0.0000000000e+00   0.0000000000e+00   3.8351475904e-01
   9.5000952843e+02   1.1650429781e-01   0.0000000000e+00   4.9998094315e-01   0.0000000000e+00   0.0000000000e+00   3.8351475904e-01
   9.5000952843e+02   1.1650429781e-01   0.0000000000e+00   4.9998094315e-01   0.0000000000e+00   0.0000000000e+00   3.8351475904e-01
   9.5000952843e+02   1.1650429781e-01   0.0000000000e+00   4.9998094315e-01   0.0000000000e+00   0.0000000000e+00   3.8351475904e-01
   9.4997066479e+02   1.1648618738e-01   0.0000000000e+00   5.0005867043e-01   0.0000000000e+00   0.0000000000e+00   3.8345514219e-01
   9.4997066479e+02   1.1648618738e-01   0.0000000000e+00   5.0005867043e-01   0.0000000000e+00   0.0000000000e+00   3.8345514219e-01
   9.4997066479e+02   1.1648618738e-01   0.0000000000e+00   5.0005867043e-01   0.0000000000e+00   0.0000000000e+00   3.8345514219e-01
   9.4997066479e+02   1.1648618738e-01   0.0000000000e+00   5.0005867043e-01   0.0000000000e+00   0.0000000000e+00   3.8345514219e-01
   9.4997072645e+02   1.1648621611e-01   0.0000000000e+00   5.0005854709e-01   0.0000000000e+00   0.0000000000e+00   3.8345523679e-01
   9.4997072645e+02   1.1648621611e-01   0.0000000000e+00   5.0005854709e-01   0.0000000000e+00   0.0000000000e+00   3.8345523679e-01
   9.4997068534e+02   1.1648619696e-01   0.0000000000e+00   5.0005862932e-01   0.0000000000e+00   0.0000000000e+00   3.8345517373e-01
   9.4997068534e+02   1.1648619696e-01   0.0000000000e+00   5.0005862932e-01   0.0000000000e+00   0.0000000000e+00   3.8345517373e-01
   9.5000863818e+02   1.1650388296e-01   0.0000000000e+00   4.9998272364e-01   0.0000000000e+00   0.0000000000e+00   3.8351339341e-01
   9.5000863818e+02   1.1650388296e-01   0.0000000000e+00   4.9998272364e-01   0.0000000000e+00   0.0000000000e+00   3.8351339341e-01
   9.5002421694e+02   1.1651114265e-01   0.0000000000e+00   4.9995156611e-01   0.0000000000e+00   0.0000000000e+00   3.8353729123e-01
   9.5002421694e+02   1.1651114265e-01   0.0000000000e+00   4.9995156611e-01   0.0000000000e+00   0.0000000000e+00   3.8353729123e-01
   9.5001902402e+02   1.1650872275e-01   0.0000000000e+00   4.9996195195e-01   0.0000000000e+00   0.0000000000e+00   3.8352932529e-01
   9.5001902402e+02   1.1650872275e-01   0.0000000000e+00   4.9996195195e-01   0.0000000000e+00   0.0000000000e+00   3.8352932529e-01
   9.5002421694e+02   1.1651114265e-01   0.0000000000e+00   4.9995156611e-01   0.0000000000e+00   0.0000000000e+00   3.8353729123e-01
   9.5002421694e+02   1.1651114265e-01   0.0000000000e+00   4.9995156611e-01   0.0000000000e+00   0.0000000000e+00   3.8353729123e-01
   9.4997449623e+02   1.1648797283e-01   0.0000000000e+00   5.0005100755e-01   0.0000000000e+00   0.0000000000e+00   3.8346101963e-01
   9.4997449623e+02   1.1648797283e-01   0.0000000000e+00   5.0005100755e-01   0.0000000000e+00   0.0000000000e+00   3.8346101963e-01
   9.4997449623e+02   1.1648797283e-01   0.0000000000e+00   5.0005100755e-01   0.0000000000e+00   0.0000000000e+00   3.8346101963e-01
   9.4997449623e+02   1.1648797283e-01   0.0000000000e+00   5.0005100755e-01   0.0000000000e+00   0.0000000000e+00   3.8346101963e-01
   9.4997449623e+02   1.1648797283e-01   0.0000000000e+00   5.0005100755e-01   0.0000000000e+00   0.0000000000e+00   3.8346101963e-01
   9.4997449623e+02   1.1648797283e-01   0.0000000000e+00   5.0005100755e-01   0.0000000000e+00   0.0000000000e+00   3.8346101963e-01
   9.4997449623e+02   1.1648797283e-01   0.0000000000e+00   5.0005100755e-01   0.0000000000e+00   0.0000000000e+00   3.8346101963e-01
   9.4997449623e+02   1.1648797283e-01   0.0000000000e+00   5.0005100755e-01   0.0000000000e+00   0.0000000000e+00   3.8346101963e-01
   9.5000274253e+02   1.1650113559e-01   0.0000000000e+00   4.9999451494e-01   0.0000000000e+00   0.0000000000e+00   3.8350434947e-01
   9.5000274253e+02   1.1650113559e-01   0.0000000000e+00   4.9999451494e-01   0.0000000000e+00   0.0000000000e+00   3.8350434947e-01
   9.5000274253e+02   1.1650113559e-01   0.0000000000e+00   4.9999451494e-01   0.0000000000e+00   0.0000000000e+00   3.8350434947e-01
   9.5000274253e+02   1.1650113559e-01   0.0000000000e+00   4.9999451494e-01   0.0000000000e+00   0.0000000000e+00   3.8350434947e-01
   9.5000274253e+02   1.1650113559e-01   0.0000000000e+00   4.9999451494e-01   0.0000000000e+00   0.0000000000e+00   3.8350434947e-01
   9.5000274253e+02   1.1650113559e-01   0.0000000000e+00   4.9999451494e-01   0.0000000000e+00   0.0000000000e+00   3.8350434947e-01
   9.5000274253e+02   1.1650113559e-01   0.0000000000e+00   4.9999451494e-01   0.0000000000e+00   0.0000000000e+00   3.8350434947e-01
   9.5000274253e+02   1.1650113559e-01   0.0000000000e+00   4.9999451494e-01   0.0000000000e+00   0.0000000000e+00   3.8350434947e-01
   9.4999209608e+02   1.1649617435e-01   0.0000000000e+00   5.0001580785e-01   0.0000000000e+00   0.0000000000e+00   3.8348801781e-01
   9.4999209608e+02   1.1649617435e-01   0.0000000000e+00   5.0001580785e-01   0.0000000000e+00   0.0000000000e+00   3.8348801781e-01
   9.4999209608e+02   1.1649617435e-01   0.0000000000e+00   5.0001580785e-01   0.0000000000e+00   0.0000000000e+00   3.8348801781e-01
   9.4999209608e+02   1.1649617435e-01   0.0000000000e+00   5.0001580785e-01   0.0000000000e+00   0.0000000000e+00   3.8348801781e-01
   9.4999209608e+02   1.1649617435e-01   0.0000000000e+00   5.0001580785e-01   0.0000000000e+00   0.0000000000e+00   3.8348801781e-01
   9.4999209608e+02   1.1649617435e-01   0.0000000000e+00   5.0001580785e-01   0.0000000000e+00   0.0000000000e+00   3.8348801781e-01
   9.4999209608e+02   1.1649617435e-01   0.0000000000e+00   5.0001580785e-01   0.0000000000e+00   0.0000000000e+00   3.8348801781e-01
   9.4999209608e+02   1.1649617435e-01   0.0000000000e+00   5.0001580785e-01   0.0000000000e+00   0.0000000000e+00   3.8348801781e-01
   9.4997915910e+02   1.1649014572e-01   0.0000000000e+00   5.0004168179e-01   0.0000000000e+00   0.0000000000e+00   3.8346817248e-01
   9.4997915910e+02   1.1649014572e-01   0.0000000000e+00   5.0004168179e-01   0.0000000000e+00   0.0000000000e+00   3.8346817248e-01
   9.4997915910e+02   1.1649014572e-01   0.0000000000e+00   5.0004168179e-01   0.0000000000e+00   0.0000000000e+00   3.8346817248e-01
   9.4997915910e+02   1.1649014572e-01   0.0000000000e+00   5.0004168179e-01   0.0000000000e+00   0.0000000000e+00   3.8346817248e-01
   9.5000327827e+02   1.1650138524e-01   0.0000000000e+00   4.9999344346e-01   0.0000000000e+00   0.0000000000e+00   3.8350517130e-01
   9.5000327827e+02   1.1650138524e-01   0.0000000000e+00   4.9999344346e-01   0.0000000000e+00   0.0000000000e+00   3.8350517130e-01
   9.5000327827e+02   1.1650138524e-01   0.0000000000e+00   4.9999344346e-01   0.0000000000e+00   0.0000000000e+00   3.8350517130e-01
   9.5000327827e+02   1.1650138524e-01   0.0000000000e+00   4.9999344346e-01   0.0000000000e+00   0.0000000000e+00   3.8350517130e-01
   9.4999389864e+02   1.1649701434e-01   0.0000000000e+00   5.0001220272e-01   0.0000000000e+00   0.0000000000e+00   3.8349078294e-01
   9.4999389864e+02   1.1649701434e-01   0.0000000000e+00   5.0001220272e-01   0.0000000000e+00   0.0000000000e+00   3.8349078294e-01
   9.4996441956e+02   1.1648327711e-01   0.0000000000e+00   5.0007116087e-01   0.0000000000e+00   0.0000000000e+00   3.8344556202e-01
   9.4996441956e+02   1.1648327711e-01   0.0000000000e+00   5.0007116087e-01   0.0000000000e+00   0.0000000000e+00   3.8344556202e-01
   9.5001120996e+02   1.1650508141e-01   0.0000000000e+00   4.9997758008e-01   0.0000000000e+00   0.0000000000e+00   3.8351733852e-01
   9.5001120996e+02   1.1650508141e-01   0.0000000000e+00   4.9997758008e-01   0.0000000000e+00   0.0000000000e+00   3.8351733852e-01
   9.5001120996e+02   1.1650508141e-01   0.0000000000e+00   4.9997758008e-01   0.0000000000e+00   0.0000000000e+00   3.8351733852e-01
   9.5001120996e+02   1.1650508141e-01   0.0000000000e+00   4.9997758008e-01   0.0000000000e+00   0.0000000000e+00   3.8351733852e-01
   9.4999835917e+02   1.1649909295e-01   0.0000000000e+00   5.0000328165e-01   0.0000000000e+00   0.0000000000e+00   3.8349762540e-01
   9.4999835917e+02   1.1649909295e-01   0.0000000000e+00   5.0000328165e-01   0.0000000000e+00   0.0000000000e+00   3.8349762540e-01
   9.4999835917e+02   1.1649909295e-01   0.0000000000e+00   5.0000328165e-01   0.0000000000e+00   0.0000000000e+00   3.8349762540e-01
   9.4999835917e+02   1.1649909295e-01   0.0000000000e+00   5.0000328165e-01   0.0000000000e+00   0.0000000000e+00   3.8349762540e-01
   9.5000771073e+02   1.1650345076e-01   0.0000000000e+00   4.9998457854e-01   0.0000000000e+00   0.0000000000e+00   3.8351197069e-01
   9.5000771073e+02   1.1650345076e-01   0.0000000000e+00   4.9998457854e-01   0.0000000000e+00   0.0000000000e+00   3.8351197069e-01
   9.4999835917e+02   1.1649909295e-01   0.0000000000e+00   5.0000328165e-01   0.0000000000e+00   0.0000000000e+00   3.8349762540e-01
   9.4999835917e+02   1.1649909295e-01   0.0000000000e+00   5.0000328165e-01   0.0000000000e+00   0.0000000000e+00   3.8349762540e-01
   9.4999835917e+02   1.1649909295e-01   0.0000000000e+00   5.0000328165e-01   0.0000000000e+00   0.0000000000e+00   3.8349762540e-01
   9.4999835917e+02   1.1649909295e-01   0.0000000000e+00   5.0000328165e-01   0.0000000000e+00   0.0000000000e+00   3.8349762540e-01
   9.4999835917e+02   1.1649909295e-01   0.0000000000e+00   5.0000328165e-01   0.0000000000e+00   0.0000000000e+00   3.8349762540e-01
   9.4999835917e+02   1.1649909295e-01   0.0000000000e+00   5.0000328165e-01   0.0000000000e+00   0.0000000000e+00   3.8349762540e-01
   9.4999368340e+02   1.1649691404e-01   0.0000000000e+00   5.0001263321e-01   0.0000000000e+00   0.0000000000e+00   3.8349045276e-01
   9.4999368340e+02   1.1649691404e-01   0.0000000000e+00   5.0001263321e-01   0.0000000000e+00   0.0000000000e+00   3.8349045276e-01
   9.4999368340e+02   1.1649691404e-01   0.0000000000e+00   5.0001263321e-01   0.0000000000e+00   0.0000000000e+00   3.8349045276e-01
   9.4999368340e+02   1.1649691404e-01   0.0000000000e+00   5.0001263321e-01   0.0000000000e+00   0.0000000000e+00   3.8349045276e-01
   9.4997995732e+02   1.1649051769e-01   0.0000000000e+00   5.0004008536e-01   0.0000000000e+00   0.0000000000e+00   3.8346939695e-01
   9.4997995732e+02   1.1649051769e-01   0.0000000000e+00   5.0004008536e-01   0.0000000000e+00   0.0000000000e+00   3.8346939695e-01
   9.4997995732e+02   1.1649051769e-01   0.0000000000e+00   5.0004008536e-01   0.0000000000e+00   0.0000000000e+00   3.8346939695e-01
   9.4997995732e+02   1.1649051769e-01   0.0000000000e+00   5.0004008536e-01   0.0000000000e+00   0.0000000000e+00   3.8346939695e-01
   9.4997995732e+02   1.1649051769e-01   0.0000000000e+00   5.0004008536e-01   0.0000000000e+00   0.0000000000e+00   3.8346939695e-01
   9.4997995732e+02   1.1649051769e-01   0.0000000000e+00   5.0004008536e-01   0.0000000000e+00   0.0000000000e+00   3.8346939695e-01
   9.4997995732e+02   1.1649051769e-01   0.0000000000e+00   5.0004008536e-01   0.0000000000e+00   0.0000000000e+00   3.8346939695e-01
   9.4997995732e+02   1.1649051769e-01   0.0000000000e+00   5.0004008536e-01   0.0000000000e+00   0.0000000000e+00   3.8346939695e-01
   9.4997751526e+02   1.1648937970e-01   0.0000000000e+00   5.0004496947e-01   0.0000000000e+00   0.0000000000e+00   3.8346565083e-01
   9.4997751526e+02   1.1648937970e-01   0.0000000000e+00   5.0004496947e-01   0.0000000000e+00   0.0000000000e+00   3.8346565083e-01
   9.4997751526e+02   1.1648937970e-01   0.0000000000e+00   5.0004496947e-01   0.0000000000e+00   0.0000000000e+00   3.8346565083e-01
   9.4997751526e+02   1.1648937970e-01   0.0000000000e+00   5.0004496947e-01   0.0000000000e+00   0.0000000000e+00   3.8346565083e-01
   9.4997751526e+02   1.1648937970e-01   0.0000000000e+00   5.0004496947e-01   0.0000000000e+00   0.0000000000e+00   3.8346565083e-01
   9.4997751526e+02   1.1648937970e-01   0.0000000000e+00   5.0004496947e-01   0.0000000000e+00   0.0000000000e+00   3.8346565083e-01
   9.4997751526e+02   1.1648937970e-01   0.0000000000e+00   5.0004496947e-01   0.0000000000e+00   0.0000000000e+00   3.8346565083e-01
   9.4997751526e+02   1.1648937970e-01   0.0000000000e+00   5.0004496947e-01   0.0000000000e+00   0.0000000000e+00   3.8346565083e-01
   9.4993572580e+02   1.1646990583e-01   0.0000000000e+00   5.0012854840e-01   0.0000000000e+00   0.0000000000e+00   3.8340154577e-01
   9.4993572580e+02   1.1646990583e-01   0.0000000000e+00   5.0012854840e-01   0.0000000000e+00   0.0000000000e+00   3.8340154577e-01
   9.4993572580e+02   1.1646990583e-01   0.0000000000e+00   5.0012854840e-01   0.0000000000e+00   0.0000000000e+00   3.8340154577e-01
   9.4993572580e+02   1.1646990583e-01   0.0000000000e+00   5.0012854840e-01   0.0000000000e+00   0.0000000000e+00   3.8340154577e-01
   9.5004532171e+02   1.1652097746e-01   0.0000000000e+00   4.9990935657e-01   0.0000000000e+00   0.0000000000e+00   3.8356966596e-01
   9.5004532171e+02   1.1652097746e-01   0.0000000000e+00   4.9990935657e-01   0.0000000000e+00   0.0000000000e+00   3.8356966596e-01
   9.5004532171e+02   1.1652097746e-01   0.0000000000e+00   4.9990935657e-01   0.0000000000e+00   0.0000000000e+00   3.8356966596e-01
   9.5004532171e+02   1.1652097746e-01   0.0000000000e+00   4.9990935657e-01   0.0000000000e+00   0.0000000000e+00   3.8356966596e-01
   9.5004135430e+02   1.1651912865e-01   0.0000000000e+00   4.9991729141e-01   0.0000000000e+00   0.0000000000e+00   3.8356357994e-01
   9.5004135430e+02   1.1651912865e-01   0.0000000000e+00   4.9991729141e-01   0.0000000000e+00   0.0000000000e+00   3.8356357994e-01
   9.4993572580e+02   1.1646990583e-01   0.0000000000e+00   5.0012854840e-01   0.0000000000e+00   0.0000000000e+00   3.8340154577e-01
   9.4993572580e+02   1.1646990583e-01   0.0000000000e+00   5.0012854840e-01   0.0000000000e+00   0.0000000000e+00   3.8340154577e-01
   9.5004135430e+02   1.1651912865e-01   0.0000000000e+00   4.9991729141e-01   0.0000000000e+00   0.0000000000e+00   3.8356357994e-01
   9.5004135430e+02   1.1651912865e-01   0.0000000000e+00   4.9991729141e-01   0.0000000000e+00   0.0000000000e+00   3.8356357994e-01
   9.4993572580e+02   1.1646990583e-01   0.0000000000e+00   5.0012854840e-01   0.0000000000e+00   0.0000000000e+00   3.8340154577e-01
   9.4993572580e+02   1.1646990583e-01   0.0000000000e+00   5.0012854840e-01   0.0000000000e+00   0.0000000000e+00   3.8340154577e-01
   9.4998972640e+02   1.1649507008e-01   0.0000000000e+00   5.0002054721e-01   0.0000000000e+00   0.0000000000e+00   3.8348438272e-01
   9.4998972640e+02   1.1649507008e-01   0.0000000000e+00   5.0002054721e-01   0.0000000000e+00   0.0000000000e+00   3.8348438272e-01
   9.4995235771e+02   1.1647765629e-01   0.0000000000e+00   5.0009528458e-01   0.0000000000e+00   0.0000000000e+00   3.8342705913e-01
   9.4995235771e+02   1.1647765629e-01   0.0000000000e+00   5.0009528458e-01   0.0000000000e+00   0.0000000000e+00   3.8342705913e-01
   9.4998972640e+02   1.1649507008e-01   0.0000000000e+00   5.0002054721e-01   0.0000000000e+00   0.0000000000e+00   3.8348438272e-01
   9.4998972640e+02   1.1649507008e-01   0.0000000000e+00   5.0002054721e-01   0.0000000000e+00   0.0000000000e+00   3.8348438272e-01
   9.4995235771e+02   1.1647765629e-01   0.0000000000e+00   5.0009528458e-01   0.0000000000e+00   0.0000000000e+00   3.8342705913e-01
   9.4995235771e+02   1.1647765629e-01   0.0000000000e+00   5.0009528458e-01   0.0000000000e+00   0.0000000000e+00   3.8342705913e-01
   9.4998991302e+02   1.1649515704e-01   0.0000000000e+00   5.0002017395e-01   0.0000000000e+00   0.0000000000e+00   3.8348466900e-01
   9.4998991302e+02   1.1649515704e-01   0.0000000000e+00   5.0002017395e-01   0.0000000000e+00   0.0000000000e+00   3.8348466900e-01
   9.4995235771e+02   1.1647765629e-01   0.0000000000e+00   5.0009528458e-01   0.0000000000e+00   0.0000000000e+00   3.8342705913e-01
   9.4995235771e+02   1.1647765629e-01   0.0000000000e+00   5.0009528458e-01   0.0000000000e+00   0.0000000000e+00   3.8342705913e-01
   9.4998991302e+02   1.1649515704e-01   0.0000000000e+00   5.0002017395e-01   0.0000000000e+00   0.0000000000e+00   3.8348466900e-01
   9.4998991302e+02   1.1649515704e-01   0.0000000000e+00   5.0002017395e-01   0.0000000000e+00   0.0000000000e+00   3.8348466900e-01
   9.4995198446e+02   1.1647748236e-01   0.0000000000e+00   5.0009603108e-01   0.0000000000e+00   0.0000000000e+00   3.8342648656e-01
   9.4995198446e+02   1.1647748236e-01   0.0000000000e+00   5.0009603108e-01   0.0000000000e+00   0.0000000000e+00   3.8342648656e-01
   9.4997568372e+02   1.1648852620e-01   0.0000000000e+00   5.0004863255e-01   0.0000000000e+00   0.0000000000e+00   3.8346284125e-01
   9.4997568372e+02   1.1648852620e-01   0.0000000000e+00   5.0004863255e-01   0.0000000000e+00   0.0000000000e+00   3.8346284125e-01
   9.4997568372e+02   1.1648852620e-01   0.0000000000e+00   5.0004863255e-01   0.0000000000e+00   0.0000000000e+00   3.8346284125e-01
   9.4997568372e+02   1.1648852620e-01   0.0000000000e+00   5.0004863255e-01   0.0000000000e+00   0.0000000000e+00   3.8346284125e-01
   9.4997771877e+02   1.1648947453e-01   0.0000000000e+00   5.0004456246e-01   0.0000000000e+00   0.0000000000e+00   3.8346596301e-01
   9.4997771877e+02   1.1648947453e-01   0.0000000000e+00   5.0004456246e-01   0.0000000000e+00   0.0000000000e+00   3.8346596301e-01
   9.4997771877e+02   1.1648947453e-01   0.0000000000e+00   5.0004456246e-01   0.0000000000e+00   0.0000000000e+00   3.8346596301e-01
   9.4997771877e+02   1.1648947453e-01   0.0000000000e+00   5.0004456246e-01   0.0000000000e+00   0.0000000000e+00   3.8346596301e-01
   9.4997771877e+02   1.1648947453e-01   0.0000000000e+00   5.0004456246e-01   0.0000000000e+00   0.0000000000e+00   3.8346596301e-01
   9.4997771877e+02   1.1648947453e-01   0.0000000000e+00   5.0004456246e-01   0.0000000000e+00   0.0000000000e+00   3.8346596301e-01
   9.4997751526e+02   1.1648937970e-01   0.0000000000e+00   5.0004496947e-01   0.0000000000e+00   0.0000000000e+00   3.8346565083e-01
   9.4997751526e+02   1.1648937970e-01   0.0000000000e+00   5.0004496947e-01   0.0000000000e+00   0.0000000000e+00   3.8346565083e-01
   9.4997710826e+02   1.1648919003e-01   0.0000000000e+00   5.0004578349e-01   0.0000000000e+00   0.0000000000e+00   3.8346502648e-01
   9.4997710826e+02   1.1648919003e-01   0.0000000000e+00   5.0004578349e-01   0.0000000000e+00   0.0000000000e+00   3.8346502648e-01
   9.4997771877e+02   1.1648947453e-01   0.0000000000e+00   5.0004456246e-01   0.0000000000e+00   0.0000000000e+00   3.8346596301e-01
   9.4997771877e+02   1.1648947453e-01   0.0000000000e+00   5.0004456246e-01   0.0000000000e+00   0.0000000000e+00   3.8346596301e-01
   9.5004160954e+02   1.1651924759e-01   0.0000000000e+00   4.9991678092e-01   0.0000000000e+00   0.0000000000e+00   3.8356397149e-01
   9.5004160954e+02   1.1651924759e-01   0.0000000000e+00   4.9991678092e-01   0.0000000000e+00   0.0000000000e+00   3.8356397149e-01
   9.5004160954e+02   1.1651924759e-01   0.0000000000e+00   4.9991678092e-01   0.0000000000e+00   0.0000000000e+00   3.8356397149e-01
   9.5004160954e+02   1.1651924759e-01   0.0000000000e+00   4.9991678092e-01   0.0000000000e+00   0.0000000000e+00   3.8356397149e-01
   9.5004723370e+02   1.1652186845e-01   0.0000000000e+00   4.9990553260e-01   0.0000000000e+00   0.0000000000e+00   3.8357259896e-01
   9.5004723370e+02   1.1652186845e-01   0.0000000000e+00   4.9990553260e-01   0.0000000000e+00   0.0000000000e+00   3.8357259896e-01
   9.5004723370e+02   1.1652186845e-01   0.0000000000e+00   4.9990553260e-01   0.0000000000e+00   0.0000000000e+00   3.8357259896e-01
   9.5004723370e+02   1.1652186845e-01   0.0000000000e+00   4.9990553260e-01   0.0000000000e+00   0.0000000000e+00   3.8357259896e-01
   9.5000534594e+02   1.1650234878e-01   0.0000000000e+00   4.9998930811e-01   0.0000000000e+00   0.0000000000e+00   3.8350834311e-01
   9.5000534594e+02   1.1650234878e-01   0.0000000000e+00   4.9998930811e-01   0.0000000000e+00   0.0000000000e+00   3.8350834311e-01
   9.5000534594e+02   1.1650234878e-01   0.0000000000e+00   4.9998930811e-01   0.0000000000e+00   0.0000000000e+00   3.8350834311e-01
   9.5000534594e+02   1.1650234878e-01   0.0000000000e+00   4.9998930811e-01   0.0000000000e+00   0.0000000000e+00   3.8350834311e-01
   9.5000534594e+02   1.1650234878e-01   0.0000000000e+00   4.9998930811e-01   0.0000000000e+00   0.0000000000e+00   3.8350834311e-01
   9.5000534594e+02   1.1650234878e-01   0.0000000000e+00   4.9998930811e-01   0.0000000000e+00   0.0000000000e+00   3.8350834311e-01
   9.5000534594e+02   1.1650234878e-01   0.0000000000e+00   4.9998930811e-01   0.0000000000e+00   0.0000000000e+00   3.8350834311e-01
   9.5000534594e+02   1.1650234878e-01   0.0000000000e+00   4.9998930811e-01   0.0000000000e+00   0.0000000000e+00   3.8350834311e-01
   9.4999580806e+02   1.1649790413e-01   0.0000000000e+00   5.0000838388e-01   0.0000000000e+00   0.0000000000e+00   3.8349371199e-01
   9.4999580806e+02   1.1649790413e-01   0.0000000000e+00   5.0000838388e-01   0.0000000000e+00   0.0000000000e+00   3.8349371199e-01
   9.4999580806e+02   1.1649790413e-01   0.0000000000e+00   5.0000838388e-01   0.0000000000e+00   0.0000000000e+00   3.8349371199e-01
   9.4999580806e+02   1.1649790413e-01   0.0000000000e+00   5.0000838388e-01   0.0000000000e+00   0.0000000000e+00   3.8349371199e-01
   9.4999580806e+02   1.1649790413e-01   0.0000000000e+00   5.0000838388e-01   0.0000000000e+00   0.0000000000e+00   3.8349371199e-01
   9.4999580806e+02   1.1649790413e-01   0.0000000000e+00   5.0000838388e-01   0.0000000000e+00   0.0000000000e+00   3.8349371199e-01
   9.4999580806e+02   1.1649790413e-01   0.0000000000e+00   5.0000838388e-01   0.0000000000e+00   0.0000000000e+00   3.8349371199e-01
   9.4999580806e+02   1.1649790413e-01   0.0000000000e+00   5.0000838388e-01   0.0000000000e+00   0.0000000000e+00   3.8349371199e-01
   9.5004184970e+02   1.1651935951e-01   0.0000000000e+00   4.9991630059e-01   0.0000000000e+00   0.0000000000e+00   3.8356433990e-01
   9.5004184970e+02   1.1651935951e-01   0.0000000000e+00   4.9991630059e-01   0.0000000000e+00   0.0000000000e+00   3.8356433990e-01
   9.5004184970e+02   1.1651935951e-01   0.0000000000e+00   4.9991630059e-01   0.0000000000e+00   0.0000000000e+00   3.8356433990e-01
   9.5004184970e+02   1.1651935951e-01   0.0000000000e+00   4.9991630059e-01   0.0000000000e+00   0.0000000000e+00   3.8356433990e-01
   9.5004349526e+02   1.1652012633e-01   0.0000000000e+00   4.9991300949e-01   0.0000000000e+00   0.0000000000e+00   3.8356686418e-01
   9.5004349526e+02   1.1652012633e-01   0.0000000000e+00   4.9991300949e-01   0.0000000000e+00   0.0000000000e+00   3.8356686418e-01
   9.5004321066e+02   1.1651999371e-01   0.0000000000e+00   4.9991357868e-01   0.0000000000e+00   0.0000000000e+00   3.8356642761e-01
   9.5004321066e+02   1.1651999371e-01   0.0000000000e+00   4.9991357868e-01   0.0000000000e+00   0.0000000000e+00   3.8356642761e-01
   9.5002358496e+02   1.1651084815e-01   0.0000000000e+00   4.9995283009e-01   0.0000000000e+00   0.0000000000e+00   3.8353632177e-01
   9.5002358496e+02   1.1651084815e-01   0.0000000000e+00   4.9995283009e-01   0.0000000000e+00   0.0000000000e+00   3.8353632177e-01
   9.5002358496e+02   1.1651084815e-01   0.0000000000e+00   4.9995283009e-01   0.0000000000e+00   0.0000000000e+00   3.8353632177e-01
   9.5002358496e+02   1.1651084815e-01   0.0000000000e+00   4.9995283009e-01   0.0000000000e+00   0.0000000000e+00   3.8353632177e-01
   9.5003152547e+02   1.1651454842e-01   0.0000000000e+00   4.9993694905e-01   0.0000000000e+00   0.0000000000e+00   3.8354850252e-01
   9.5003152547e+02   1.1651454842e-01   0.0000000000e+00   4.9993694905e-01   0.0000000000e+00   0.0000000000e+00   3.8354850252e-01
   9.5003152547e+02   1.1651454842e-01   0.0000000000e+00   4.9993694905e-01   0.0000000000e+00   0.0000000000e+00   3.8354850252e-01
   9.5003152547e+02   1.1651454842e-01   0.0000000000e+00   4.9993694905e-01   0.0000000000e+00   0.0000000000e+00   3.8354850252e-01
   9.5002755522e+02   1.1651269828e-01   0.0000000000e+00   4.9994488957e-01   0.0000000000e+00   0.0000000000e+00   3.8354241215e-01
   9.5002755522e+02   1.1651269828e-01   0.0000000000e+00   4.9994488957e-01   0.0000000000e+00   0.0000000000e+00   3.8354241215e-01
   9.5002755522e+02   1.1651269828e-01   0.0000000000e+00   4.9994488957e-01   0.0000000000e+00   0.0000000000e+00   3.8354241215e-01
   9.5002755522e+02   1.1651269828e-01   0.0000000000e+00   4.9994488957e-01   0.0000000000e+00   0.0000000000e+00   3.8354241215e-01
   9.5002755522e+02   1.1651269828e-01   0.0000000000e+00   4.9994488957e-01   0.0000000000e+00   0.0000000000e+00   3.8354241215e-01
   9.5002755522e+02   1.1651269828e-01   0.0000000000e+00   4.9994488957e-01   0.0000000000e+00   0.0000000000e+00   3.8354241215e-01
   9.5002755522e+02   1.1651269828e-01   0.0000000000e+00   4.9994488957e-01   0.0000000000e+00   0.0000000000e+00   3.8354241215e-01
   9.5002755522e+02   1.1651269828e-01   0.0000000000e+00   4.9994488957e-01   0.0000000000e+00   0.0000000000e+00   3.8354241215e-01
   9.5004537218e+02   1.1652100098e-01   0.0000000000e+00   4.9990925565e-01   0.0000000000e+00   0.0000000000e+00   3.8356974337e-01
   9.5004537218e+02   1.1652100098e-01   0.0000000000e+00   4.9990925565e-01   0.0000000000e+00   0.0000000000e+00   3.8356974337e-01
   9.5004443811e+02   1.1652056571e-01   0.0000000000e+00   4.9991112377e-01   0.0000000000e+00   0.0000000000e+00   3.8356831052e-01
   9.5004443811e+02   1.1652056571e-01   0.0000000000e+00   4.9991112377e-01   0.0000000000e+00   0.0000000000e+00   3.8356831052e-01
   9.5004104914e+02   1.1651898645e-01   0.0000000000e+00   4.9991790171e-01   0.0000000000e+00   0.0000000000e+00   3.8356311184e-01
   9.5004104914e+02   1.1651898645e-01   0.0000000000e+00   4.9991790171e-01   0.0000000000e+00   0.0000000000e+00   3.8356311184e-01
   9.5004443811e+02   1.1652056571e-01   0.0000000000e+00   4.9991112377e-01   0.0000000000e+00   0.0000000000e+00   3.8356831052e-01
   9.5004443811e+02   1.1652056571e-01   0.0000000000e+00   4.9991112377e-01   0.0000000000e+00   0.0000000000e+00   3.8356831052e-01
   9.5003309543e+02   1.1651528002e-01   0.0000000000e+00   4.9993380915e-01   0.0000000000e+00   0.0000000000e+00   3.8355091083e-01
   9.5003309543e+02   1.1651528002e-01   0.0000000000e+00   4.9993380915e-01   0.0000000000e+00   0.0000000000e+00   3.8355091083e-01
   9.5003309543e+02   1.1651528002e-01   0.0000000000e+00   4.9993380915e-01   0.0000000000e+00   0.0000000000e+00   3.8355091083e-01
   9.5003309543e+02   1.1651528002e-01   0.0000000000e+00   4.9993380915e-01   0.0000000000e+00   0.0000000000e+00   3.8355091083e-01
   9.5003864921e+02   1.1651786808e-01   0.0000000000e+00   4.9992270157e-01   0.0000000000e+00   0.0000000000e+00   3.8355943034e-01
   9.5003864921e+02   1.1651786808e-01   0.0000000000e+00   4.9992270157e-01   0.0000000000e+00   0.0000000000e+00   3.8355943034e-01
   9.5003864921e+02   1.1651786808e-01   0.0000000000e+00   4.9992270157e-01   0.0000000000e+00   0.0000000000e+00   3.8355943034e-01
   9.5003864921e+02   1.1651786808e-01   0.0000000000e+00   4.9992270157e-01   0.0000000000e+00   0.0000000000e+00   3.8355943034e-01