# time = 43.1249
# Grid Poins = 256    variable_0    variable_1    variable_2    variable_3    variable_4    variable_5    variable_6
   9.4982077468e+02   1.1641633867e-01   0.0000000000e+00   5.0035845064e-01   0.0000000000e+00   0.0000000000e+00   3.8322521069e-01
   9.4982077468e+02   1.1641633867e-01   0.0000000000e+00   5.0035845064e-01   0.0000000000e+00   0.0000000000e+00   3.8322521069e-01
   9.4982077468e+02   1.1641633867e-01   0.0000000000e+00   5.0035845064e-01   0.0000000000e+00   0.0000000000e+00   3.8322521069e-01
   9.4982077468e+02   1.1641633867e-01   0.0000000000e+00   5.0035845064e-01   0.0000000000e+00   0.0000000000e+00   3.8322521069e-01
   9.4951633106e+02   1.1627446812e-01   0.0000000000e+00   5.0096733788e-01   0.0000000000e+00   0.0000000000e+00   3.8275819400e-01
   9.4951633106e+02   1.1627446812e-01   0.0000000000e+00   5.0096733788e-01   0.0000000000e+00   0.0000000000e+00   3.8275819400e-01
   9.5001473459e+02   1.1650672388e-01   0.0000000000e+00   4.9997053081e-01   0.0000000000e+00   0.0000000000e+00   3.8352274531e-01
   9.5001473459e+02   1.1650672388e-01   0.0000000000e+00   4.9997053081e-01   0.0000000000e+00   0.0000000000e+00   3.8352274531e-01
   9.4994537556e+02   1.1647440261e-01   0.0000000000e+00   5.0010924887e-01   0.0000000000e+00   0.0000000000e+00   3.8341634851e-01
   9.4994537556e+02   1.1647440261e-01   0.0000000000e+00   5.0010924887e-01   0.0000000000e+00   0.0000000000e+00   3.8341634851e-01
   9.4994537556e+02   1.1647440261e-01   0.0000000000e+00   5.0010924887e-01   0.0000000000e+00   0.0000000000e+00   3.8341634851e-01
   9.4994537556e+02   1.1647440261e-01   0.0000000000e+00   5.0010924887e-01   0.0000000000e+00   0.0000000000e+00   3.8341634851e-01
   9.4951633106e+02   1.1627446812e-01   0.0000000000e+00   5.0096733788e-01   0.0000000000e+00   0.0000000000e+00   3.8275819400e-01
   9.4951633106e+02   1.1627446812e-01   0.0000000000e+00   5.0096733788e-01   0.0000000000e+00   0.0000000000e+00   3.8275819400e-01
   9.4976553283e+02   1.1639059600e-01   0.0000000000e+00   5.0046893435e-01   0.0000000000e+00   0.0000000000e+00   3.8314046965e-01
   9.4976553283e+02   1.1639059600e-01   0.0000000000e+00   5.0046893435e-01   0.0000000000e+00   0.0000000000e+00   3.8314046965e-01
   9.5006997645e+02   1.1653246655e-01   0.0000000000e+00   4.9986004711e-01   0.0000000000e+00   0.0000000000e+00   3.8360748634e-01
   9.5006997645e+02   1.1653246655e-01   0.0000000000e+00   4.9986004711e-01   0.0000000000e+00   0.0000000000e+00   3.8360748634e-01
   9.5006997645e+02   1.1653246655e-01   0.0000000000e+00   4.9986004711e-01   0.0000000000e+00   0.0000000000e+00   3.8360748634e-01
   9.5006997645e+02   1.1653246655e-01   0.0000000000e+00   4.9986004711e-01   0.0000000000e+00   0.0000000000e+00   3.8360748634e-01
   9.5006997645e+02   1.1653246655e-01   0.0000000000e+00   4.9986004711e-01   0.0000000000e+00   0.0000000000e+00   3.8360748634e-01
   9.5006997645e+02   1.1653246655e-01   0.0000000000e+00   4.9986004711e-01   0.0000000000e+00   0.0000000000e+00   3.8360748634e-01
   9.5006997645e+02   1.1653246655e-01   0.0000000000e+00   4.9986004711e-01   0.0000000000e+00   0.0000000000e+00   3.8360748634e-01
   9.5006997645e+02   1.1653246655e-01   0.0000000000e+00   4.9986004711e-01   0.0000000000e+00   0.0000000000e+00   3.8360748634e-01
   9.4951633106e+02   1.1627446812e-01   0.0000000000e+00   5.0096733788e-01   0.0000000000e+00   0.0000000000e+00   3.8275819400e-01
   9.4951633106e+02   1.1627446812e-01   0.0000000000e+00   5.0096733788e-01   0.0000000000e+00   0.0000000000e+00   3.8275819400e-01
   9.4951633106e+02   1.1627446812e-01   0.0000000000e+00   5.0096733788e-01   0.0000000000e+00   0.0000000000e+00   3.8275819400e-01
   9.4951633106e+02   1.1627446812e-01   0.0000000000e+00   5.0096733788e-01   0.0000000000e+00   0.0000000000e+00   3.8275819400e-01
   9.4951633106e+02   1.1627446812e-01   0.0000000000e+00   5.0096733788e-01   0.0000000000e+00   0.0000000000e+00   3.8275819400e-01
   9.4951633106e+02   1.1627446812e-01   0.0000000000e+00   5.0096733788e-01   0.0000000000e+00   0.0000000000e+00   3.8275819400e-01
   9.4951633106e+02   1.1627446812e-01   0.0000000000e+00   5.0096733788e-01   0.0000000000e+00   0.0000000000e+00   3.8275819400e-01
   9.4951633106e+02   1.1627446812e-01   0.0000000000e+00   5.0096733788e-01   0.0000000000e+00   0.0000000000e+00   3.8275819400e-01
   9.4950352583e+02   1.1626850089e-01   0.0000000000e+00   5.0099294833e-01   0.0000000000e+00   0.0000000000e+00   3.8273855078e-01
   9.4950352583e+02   1.1626850089e-01   0.0000000000e+00   5.0099294833e-01   0.0000000000e+00   0.0000000000e+00   3.8273855078e-01
   9.4950352583e+02   1.1626850089e-01   0.0000000000e+00   5.0099294833e-01   0.0000000000e+00   0.0000000000e+00   3.8273855078e-01
   9.4950352583e+02   1.1626850089e-01   0.0000000000e+00   5.0099294833e-01   0.0000000000e+00   0.0000000000e+00   3.8273855078e-01
   9.4950363913e+02   1.1626855369e-01   0.0000000000e+00   5.0099272175e-01   0.0000000000e+00   0.0000000000e+00   3.8273872457e-01
   9.4950363913e+02   1.1626855369e-01   0.0000000000e+00   5.0099272175e-01   0.0000000000e+00   0.0000000000e+00   3.8273872457e-01
   9.4950363913e+02   1.1626855369e-01   0.0000000000e+00   5.0099272175e-01   0.0000000000e+00   0.0000000000e+00   3.8273872457e-01
   9.4950363913e+02   1.1626855369e-01   0.0000000000e+00   5.0099272175e-01   0.0000000000e+00   0.0000000000e+00   3.8273872457e-01
   9.4950352583e+02   1.1626850089e-01   0.0000000000e+00   5.0099294833e-01   0.0000000000e+00   0.0000000000e+00   3.8273855078e-01
   9.4950352583e+02   1.1626850089e-01   0.0000000000e+00   5.0099294833e-01   0.0000000000e+00   0.0000000000e+00   3.8273855078e-01
   9.4950352583e+02   1.1626850089e-01   0.0000000000e+00   5.0099294833e-01   0.0000000000e+00   0.0000000000e+00   3.8273855078e-01
   9.4950352583e+02   1.1626850089e-01   0.0000000000e+00   5.0099294833e-01   0.0000000000e+00   0.0000000000e+00   3.8273855078e-01
   9.4950363913e+02   1.1626855369e-01   0.0000000000e+00   5.0099272175e-01   0.0000000000e+00   0.0000000000e+00   3.8273872457e-01
   9.4950363913e+02   1.1626855369e-01   0.0000000000e+00   5.0099272175e-01   0.0000000000e+00   0.0000000000e+00   3.8273872457e-01
   9.4950363913e+02   1.1626855369e-01   0.0000000000e+00   5.0099272175e-01   0.0000000000e+00   0.0000000000e+00   3.8273872457e-01
   9.4950363913e+02   1.1626855369e-01   0.0000000000e+00   5.0099272175e-01   0.0000000000e+00   0.0000000000e+00   3.8273872457e-01
   9.4952389611e+02   1.1627799343e-01   0.0000000000e+00   5.0095220777e-01   0.0000000000e+00   0.0000000000e+00   3.8276979880e-01
   9.4952389611e+02   1.1627799343e-01   0.0000000000e+00   5.0095220777e-01   0.0000000000e+00   0.0000000000e+00   3.8276979880e-01
   9.5072680058e+02   1.1683854623e-01   0.0000000000e+00   4.9854639884e-01   0.0000000000e+00   0.0000000000e+00   3.8461505493e-01
   9.5072680058e+02   1.1683854623e-01   0.0000000000e+00   4.9854639884e-01   0.0000000000e+00   0.0000000000e+00   3.8461505493e-01
   9.5010472280e+02   1.1654865833e-01   0.0000000000e+00   4.9979055441e-01   0.0000000000e+00   0.0000000000e+00   3.8366078726e-01
   9.5010472280e+02   1.1654865833e-01   0.0000000000e+00   4.9979055441e-01   0.0000000000e+00   0.0000000000e+00   3.8366078726e-01
   9.5010472280e+02   1.1654865833e-01   0.0000000000e+00   4.9979055441e-01   0.0000000000e+00   0.0000000000e+00   3.8366078726e-01
   9.5010472280e+02   1.1654865833e-01   0.0000000000e+00   4.9979055441e-01   0.0000000000e+00   0.0000000000e+00   3.8366078726e-01
   9.5070617503e+02   1.1682893473e-01   0.0000000000e+00   4.9858764994e-01   0.0000000000e+00   0.0000000000e+00   3.8458341533e-01
   9.5070617503e+02   1.1682893473e-01   0.0000000000e+00   4.9858764994e-01   0.0000000000e+00   0.0000000000e+00   3.8458341533e-01
   9.5070617503e+02   1.1682893473e-01   0.0000000000e+00   4.9858764994e-01   0.0000000000e+00   0.0000000000e+00   3.8458341533e-01
   9.5070617503e+02   1.1682893473e-01   0.0000000000e+00   4.9858764994e-01   0.0000000000e+00   0.0000000000e+00   3.8458341533e-01
   9.4952389611e+02   1.1627799343e-01   0.0000000000e+00   5.0095220777e-01   0.0000000000e+00   0.0000000000e+00   3.8276979880e-01
   9.4952389611e+02   1.1627799343e-01   0.0000000000e+00   5.0095220777e-01   0.0000000000e+00   0.0000000000e+00   3.8276979880e-01
   9.4952389611e+02   1.1627799343e-01   0.0000000000e+00   5.0095220777e-01   0.0000000000e+00   0.0000000000e+00   3.8276979880e-01
   9.4952389611e+02   1.1627799343e-01   0.0000000000e+00   5.0095220777e-01   0.0000000000e+00   0.0000000000e+00   3.8276979880e-01
   9.4968691608e+02   1.1635396064e-01   0.0000000000e+00   5.0062616783e-01   0.0000000000e+00   0.0000000000e+00   3.8301987152e-01
   9.4968691608e+02   1.1635396064e-01   0.0000000000e+00   5.0062616783e-01   0.0000000000e+00   0.0000000000e+00   3.8301987152e-01
   9.4968691608e+02   1.1635396064e-01   0.0000000000e+00   5.0062616783e-01   0.0000000000e+00   0.0000000000e+00   3.8301987152e-01
   9.4968691608e+02   1.1635396064e-01   0.0000000000e+00   5.0062616783e-01   0.0000000000e+00   0.0000000000e+00   3.8301987152e-01
   9.4959454489e+02   1.1631091572e-01   0.0000000000e+00   5.0081091022e-01   0.0000000000e+00   0.0000000000e+00   3.8287817406e-01
   9.4959454489e+02   1.1631091572e-01   0.0000000000e+00   5.0081091022e-01   0.0000000000e+00   0.0000000000e+00   3.8287817406e-01
   9.4959454489e+02   1.1631091572e-01   0.0000000000e+00   5.0081091022e-01   0.0000000000e+00   0.0000000000e+00   3.8287817406e-01
   9.4959454489e+02   1.1631091572e-01   0.0000000000e+00   5.0081091022e-01   0.0000000000e+00   0.0000000000e+00   3.8287817406e-01
   9.5028728044e+02   1.1663373009e-01   0.0000000000e+00   4.9942543911e-01   0.0000000000e+00   0.0000000000e+00   3.8394083079e-01
   9.5028728044e+02   1.1663373009e-01   0.0000000000e+00   4.9942543911e-01   0.0000000000e+00   0.0000000000e+00   3.8394083079e-01
   9.5028728044e+02   1.1663373009e-01   0.0000000000e+00   4.9942543911e-01   0.0000000000e+00   0.0000000000e+00   3.8394083079e-01
   9.5028728044e+02   1.1663373009e-01   0.0000000000e+00   4.9942543911e-01   0.0000000000e+00   0.0000000000e+00   3.8394083079e-01
   9.4999702020e+02   1.1649846898e-01   0.0000000000e+00   5.0000595961e-01   0.0000000000e+00   0.0000000000e+00   3.8349557141e-01
   9.4999702020e+02   1.1649846898e-01   0.0000000000e+00   5.0000595961e-01   0.0000000000e+00   0.0000000000e+00   3.8349557141e-01
   9.4999702020e+02   1.1649846898e-01   0.0000000000e+00   5.0000595961e-01   0.0000000000e+00   0.0000000000e+00   3.8349557141e-01
   9.4999702020e+02   1.1649846898e-01   0.0000000000e+00   5.0000595961e-01   0.0000000000e+00   0.0000000000e+00   3.8349557141e-01
   9.4968691608e+02   1.1635396064e-01   0.0000000000e+00   5.0062616783e-01   0.0000000000e+00   0.0000000000e+00   3.8301987152e-01
   9.4968691608e+02   1.1635396064e-01   0.0000000000e+00   5.0062616783e-01   0.0000000000e+00   0.0000000000e+00   3.8301987152e-01
   9.4968691608e+02   1.1635396064e-01   0.0000000000e+00   5.0062616783e-01   0.0000000000e+00   0.0000000000e+00   3.8301987152e-01
   9.4968691608e+02   1.1635396064e-01   0.0000000000e+00   5.0062616783e-01   0.0000000000e+00   0.0000000000e+00   3.8301987152e-01
   9.5025303428e+02   1.1661777140e-01   0.0000000000e+00   4.9949393143e-01   0.0000000000e+00   0.0000000000e+00   3.8388829717e-01
   9.5025303428e+02   1.1661777140e-01   0.0000000000e+00   4.9949393143e-01   0.0000000000e+00   0.0000000000e+00   3.8388829717e-01
   9.5025303428e+02   1.1661777140e-01   0.0000000000e+00   4.9949393143e-01   0.0000000000e+00   0.0000000000e+00   3.8388829717e-01
   9.5025303428e+02   1.1661777140e-01   0.0000000000e+00   4.9949393143e-01   0.0000000000e+00   0.0000000000e+00   3.8388829717e-01
   9.5017843285e+02   1.1658300718e-01   0.0000000000e+00   4.9964313430e-01   0.0000000000e+00   0.0000000000e+00   3.8377385852e-01
   9.5017843285e+02   1.1658300718e-01   0.0000000000e+00   4.9964313430e-01   0.0000000000e+00   0.0000000000e+00   3.8377385852e-01
   9.5017843285e+02   1.1658300718e-01   0.0000000000e+00   4.9964313430e-01   0.0000000000e+00   0.0000000000e+00   3.8377385852e-01
   9.5017843285e+02   1.1658300718e-01   0.0000000000e+00   4.9964313430e-01   0.0000000000e+00   0.0000000000e+00   3.8377385852e-01
   9.5021471538e+02   1.1659991482e-01   0.0000000000e+00   4.9957056924e-01   0.0000000000e+00   0.0000000000e+00   3.8382951595e-01
   9.5021471538e+02   1.1659991482e-01   0.0000000000e+00   4.9957056924e-01   0.0000000000e+00   0.0000000000e+00   3.8382951595e-01
   9.4999702020e+02   1.1649846898e-01   0.0000000000e+00   5.0000595961e-01   0.0000000000e+00   0.0000000000e+00   3.8349557141e-01
   9.4999702020e+02   1.1649846898e-01   0.0000000000e+00   5.0000595961e-01   0.0000000000e+00   0.0000000000e+00   3.8349557141e-01
   9.4990420642e+02   1.1645521781e-01   0.0000000000e+00   5.0019158717e-01   0.0000000000e+00   0.0000000000e+00   3.8335319502e-01
   9.4990420642e+02   1.1645521781e-01   0.0000000000e+00   5.0019158717e-01   0.0000000000e+00   0.0000000000e+00   3.8335319502e-01
   9.4990420642e+02   1.1645521781e-01   0.0000000000e+00   5.0019158717e-01   0.0000000000e+00   0.0000000000e+00   3.8335319502e-01
   9.4990420642e+02   1.1645521781e-01   0.0000000000e+00   5.0019158717e-01   0.0000000000e+00   0.0000000000e+00   3.8335319502e-01
   9.5002511844e+02   1.1651156275e-01   0.0000000000e+00   4.9994976311e-01   0.0000000000e+00   0.0000000000e+00   3.8353867414e-01
   9.5002511844e+02   1.1651156275e-01   0.0000000000e+00   4.9994976311e-01   0.0000000000e+00   0.0000000000e+00   3.8353867414e-01
   9.5002511844e+02   1.1651156275e-01   0.0000000000e+00   4.9994976311e-01   0.0000000000e+00   0.0000000000e+00   3.8353867414e-01
   9.5002511844e+02   1.1651156275e-01   0.0000000000e+00   4.9994976311e-01   0.0000000000e+00   0.0000000000e+00   3.8353867414e-01
   9.5002511844e+02   1.1651156275e-01   0.0000000000e+00   4.9994976311e-01   0.0000000000e+00   0.0000000000e+00   3.8353867414e-01
   9.5002511844e+02   1.1651156275e-01   0.0000000000e+00   4.9994976311e-01   0.0000000000e+00   0.0000000000e+00   3.8353867414e-01
   9.5002511844e+02   1.1651156275e-01   0.0000000000e+00   4.9994976311e-01   0.0000000000e+00   0.0000000000e+00   3.8353867414e-01
   9.5002511844e+02   1.1651156275e-01   0.0000000000e+00   4.9994976311e-01   0.0000000000e+00   0.0000000000e+00   3.8353867414e-01
   9.5014468382e+02   1.1656728015e-01   0.0000000000e+00   4.9971063236e-01   0.0000000000e+00   0.0000000000e+00   3.8372208749e-01
   9.5014468382e+02   1.1656728015e-01   0.0000000000e+00   4.9971063236e-01   0.0000000000e+00   0.0000000000e+00   3.8372208749e-01
   9.5062563863e+02   1.1679140481e-01   0.0000000000e+00   4.9874872274e-01   0.0000000000e+00   0.0000000000e+00   3.8445987244e-01
   9.5062563863e+02   1.1679140481e-01   0.0000000000e+00   4.9874872274e-01   0.0000000000e+00   0.0000000000e+00   3.8445987244e-01
   9.5015337510e+02   1.1657133028e-01   0.0000000000e+00   4.9969324979e-01   0.0000000000e+00   0.0000000000e+00   3.8373541993e-01
   9.5015337510e+02   1.1657133028e-01   0.0000000000e+00   4.9969324979e-01   0.0000000000e+00   0.0000000000e+00   3.8373541993e-01
   9.5015337510e+02   1.1657133028e-01   0.0000000000e+00   4.9969324979e-01   0.0000000000e+00   0.0000000000e+00   3.8373541993e-01
   9.5015337510e+02   1.1657133028e-01   0.0000000000e+00   4.9969324979e-01   0.0000000000e+00   0.0000000000e+00   3.8373541993e-01
   9.5008142462e+02   1.1653780140e-01   0.0000000000e+00   4.9983715076e-01   0.0000000000e+00   0.0000000000e+00   3.8362504784e-01
   9.5008142462e+02   1.1653780140e-01   0.0000000000e+00   4.9983715076e-01   0.0000000000e+00   0.0000000000e+00   3.8362504784e-01
   9.5008142462e+02   1.1653780140e-01   0.0000000000e+00   4.9983715076e-01   0.0000000000e+00   0.0000000000e+00   3.8362504784e-01
   9.5008142462e+02   1.1653780140e-01   0.0000000000e+00   4.9983715076e-01   0.0000000000e+00   0.0000000000e+00   3.8362504784e-01
   9.5015337510e+02   1.1657133028e-01   0.0000000000e+00   4.9969324979e-01   0.0000000000e+00   0.0000000000e+00   3.8373541993e-01
   9.5015337510e+02   1.1657133028e-01   0.0000000000e+00   4.9969324979e-01   0.0000000000e+00   0.0000000000e+00   3.8373541993e-01
   9.5015337510e+02   1.1657133028e-01   0.0000000000e+00   4.9969324979e-01   0.0000000000e+00   0.0000000000e+00   3.8373541993e-01
   9.5015337510e+02   1.1657133028e-01   0.0000000000e+00   4.9969324979e-01   0.0000000000e+00   0.0000000000e+00   3.8373541993e-01
   9.5008142462e+02   1.1653780140e-01   0.0000000000e+00   4.9983715076e-01   0.0000000000e+00   0.0000000000e+00   3.8362504784e-01
   9.5008142462e+02   1.1653780140e-01   0.0000000000e+00   4.9983715076e-01   0.0000000000e+00   0.0000000000e+00   3.8362504784e-01
   9.5008142462e+02   1.1653780140e-01   0.0000000000e+00   4.9983715076e-01   0.0000000000e+00   0.0000000000e+00   3.8362504784e-01
   9.5008142462e+02   1.1653780140e-01   0.0000000000e+00   4.9983715076e-01   0.0000000000e+00   0.0000000000e+00   3.8362504784e-01
   9.4950601778e+02   1.1626966214e-01   0.0000000000e+00   5.0098796443e-01   0.0000000000e+00   0.0000000000e+00   3.8274237343e-01
   9.4950601778e+02   1.1626966214e-01   0.0000000000e+00   5.0098796443e-01   0.0000000000e+00   0.0000000000e+00   3.8274237343e-01
   9.4949871187e+02   1.1626625759e-01   0.0000000000e+00   5.0100257626e-01   0.0000000000e+00   0.0000000000e+00   3.8273116616e-01
   9.4949871187e+02   1.1626625759e-01   0.0000000000e+00   5.0100257626e-01   0.0000000000e+00   0.0000000000e+00   3.8273116616e-01
   9.4950358248e+02   1.1626852729e-01   0.0000000000e+00   5.0099283504e-01   0.0000000000e+00   0.0000000000e+00   3.8273863767e-01
   9.4950358248e+02   1.1626852729e-01   0.0000000000e+00   5.0099283504e-01   0.0000000000e+00   0.0000000000e+00   3.8273863767e-01
   9.4950601778e+02   1.1626966214e-01   0.0000000000e+00   5.0098796443e-01   0.0000000000e+00   0.0000000000e+00   3.8274237343e-01
   9.4950601778e+02   1.1626966214e-01   0.0000000000e+00   5.0098796443e-01   0.0000000000e+00   0.0000000000e+00   3.8274237343e-01
   9.4950358248e+02   1.1626852729e-01   0.0000000000e+00   5.0099283504e-01   0.0000000000e+00   0.0000000000e+00   3.8273863767e-01
   9.4950358248e+02   1.1626852729e-01   0.0000000000e+00   5.0099283504e-01   0.0000000000e+00   0.0000000000e+00   3.8273863767e-01
   9.4950601778e+02   1.1626966214e-01   0.0000000000e+00   5.0098796443e-01   0.0000000000e+00   0.0000000000e+00   3.8274237343e-01
   9.4950601778e+02   1.1626966214e-01   0.0000000000e+00   5.0098796443e-01   0.0000000000e+00   0.0000000000e+00   3.8274237343e-01
   9.4950601778e+02   1.1626966214e-01   0.0000000000e+00   5.0098796443e-01   0.0000000000e+00   0.0000000000e+00   3.8274237343e-01
   9.4950601778e+02   1.1626966214e-01   0.0000000000e+00   5.0098796443e-01   0.0000000000e+00   0.0000000000e+00   3.8274237343e-01
   9.4949871187e+02   1.1626625759e-01   0.0000000000e+00   5.0100257626e-01   0.0000000000e+00   0.0000000000e+00   3.8273116616e-01
   9.4949871187e+02   1.1626625759e-01   0.0000000000e+00   5.0100257626e-01   0.0000000000e+00   0.0000000000e+00   3.8273116616e-01
   9.5019978084e+02   1.1659295533e-01   0.0000000000e+00   4.9960043832e-01   0.0000000000e+00   0.0000000000e+00   3.8380660635e-01
   9.5019978084e+02   1.1659295533e-01   0.0000000000e+00   4.9960043832e-01   0.0000000000e+00   0.0000000000e+00   3.8380660635e-01
   9.5019978084e+02   1.1659295533e-01   0.0000000000e+00   4.9960043832e-01   0.0000000000e+00   0.0000000000e+00   3.8380660635e-01
   9.5019978084e+02   1.1659295533e-01   0.0000000000e+00   4.9960043832e-01   0.0000000000e+00   0.0000000000e+00   3.8380660635e-01
   9.5021959137e+02   1.1660218702e-01   0.0000000000e+00   4.9956081726e-01   0.0000000000e+00   0.0000000000e+00   3.8383699572e-01
   9.5021959137e+02   1.1660218702e-01   0.0000000000e+00   4.9956081726e-01   0.0000000000e+00   0.0000000000e+00   3.8383699572e-01
   9.5021959137e+02   1.1660218702e-01   0.0000000000e+00   4.9956081726e-01   0.0000000000e+00   0.0000000000e+00   3.8383699572e-01
   9.5021959137e+02   1.1660218702e-01   0.0000000000e+00   4.9956081726e-01   0.0000000000e+00   0.0000000000e+00   3.8383699572e-01
   9.5014551582e+02   1.1656766786e-01   0.0000000000e+00   4.9970896836e-01   0.0000000000e+00   0.0000000000e+00   3.8372336378e-01
   9.5014551582e+02   1.1656766786e-01   0.0000000000e+00   4.9970896836e-01   0.0000000000e+00   0.0000000000e+00   3.8372336378e-01
   9.5014551582e+02   1.1656766786e-01   0.0000000000e+00   4.9970896836e-01   0.0000000000e+00   0.0000000000e+00   3.8372336378e-01
   9.5014551582e+02   1.1656766786e-01   0.0000000000e+00   4.9970896836e-01   0.0000000000e+00   0.0000000000e+00   3.8372336378e-01
   9.5021959137e+02   1.1660218702e-01   0.0000000000e+00   4.9956081726e-01   0.0000000000e+00   0.0000000000e+00   3.8383699572e-01
   9.5021959137e+02   1.1660218702e-01   0.0000000000e+00   4.9956081726e-01   0.0000000000e+00   0.0000000000e+00   3.8383699572e-01
   9.5021959137e+02   1.1660218702e-01   0.0000000000e+00   4.9956081726e-01   0.0000000000e+00   0.0000000000e+00   3.8383699572e-01
   9.5021959137e+02   1.1660218702e-01   0.0000000000e+00   4.9956081726e-01   0.0000000000e+00   0.0000000000e+00   3.8383699572e-01
   9.5041138532e+02   1.1669156290e-01   0.0000000000e+00   4.9917722935e-01   0.0000000000e+00   0.0000000000e+00   3.8413120775e-01
   9.5041138532e+02   1.1669156290e-01   0.0000000000e+00   4.9917722935e-01   0.0000000000e+00   0.0000000000e+00   3.8413120775e-01
   9.5041138532e+02   1.1669156290e-01   0.0000000000e+00   4.9917722935e-01   0.0000000000e+00   0.0000000000e+00   3.8413120775e-01
   9.5041138532e+02   1.1669156290e-01   0.0000000000e+00   4.9917722935e-01   0.0000000000e+00   0.0000000000e+00   3.8413120775e-01
   9.4983022969e+02   1.1642074470e-01   0.0000000000e+00   5.0033954062e-01   0.0000000000e+00   0.0000000000e+00   3.8323971468e-01
   9.4983022969e+02   1.1642074470e-01   0.0000000000e+00   5.0033954062e-01   0.0000000000e+00   0.0000000000e+00   3.8323971468e-01
   9.4983022969e+02   1.1642074470e-01   0.0000000000e+00   5.0033954062e-01   0.0000000000e+00   0.0000000000e+00   3.8323971468e-01
   9.4983022969e+02   1.1642074470e-01   0.0000000000e+00   5.0033954062e-01   0.0000000000e+00   0.0000000000e+00   3.8323971468e-01
   9.5004340174e+02   1.1652008276e-01   0.0000000000e+00   4.9991319652e-01   0.0000000000e+00   0.0000000000e+00   3.8356672072e-01
   9.5004340174e+02   1.1652008276e-01   0.0000000000e+00   4.9991319652e-01   0.0000000000e+00   0.0000000000e+00   3.8356672072e-01
   9.5004340174e+02   1.1652008276e-01   0.0000000000e+00   4.9991319652e-01   0.0000000000e+00   0.0000000000e+00   3.8356672072e-01
   9.5004340174e+02   1.1652008276e-01   0.0000000000e+00   4.9991319652e-01   0.0000000000e+00   0.0000000000e+00   3.8356672072e-01
   9.5027463220e+02   1.1662783602e-01   0.0000000000e+00   4.9945073561e-01   0.0000000000e+00   0.0000000000e+00   3.8392142837e-01
   9.5027463220e+02   1.1662783602e-01   0.0000000000e+00   4.9945073561e-01   0.0000000000e+00   0.0000000000e+00   3.8392142837e-01
   9.5012047856e+02   1.1655600051e-01   0.0000000000e+00   4.9975904289e-01   0.0000000000e+00   0.0000000000e+00   3.8368495661e-01
   9.5012047856e+02   1.1655600051e-01   0.0000000000e+00   4.9975904289e-01   0.0000000000e+00   0.0000000000e+00   3.8368495661e-01
   9.5026897507e+02   1.1662519980e-01   0.0000000000e+00   4.9946204986e-01   0.0000000000e+00   0.0000000000e+00   3.8391275034e-01
   9.5026897507e+02   1.1662519980e-01   0.0000000000e+00   4.9946204986e-01   0.0000000000e+00   0.0000000000e+00   3.8391275034e-01
   9.5026897507e+02   1.1662519980e-01   0.0000000000e+00   4.9946204986e-01   0.0000000000e+00   0.0000000000e+00   3.8391275034e-01
   9.5026897507e+02   1.1662519980e-01   0.0000000000e+00   4.9946204986e-01   0.0000000000e+00   0.0000000000e+00   3.8391275034e-01
   9.5026897507e+02   1.1662519980e-01   0.0000000000e+00   4.9946204986e-01   0.0000000000e+00   0.0000000000e+00   3.8391275034e-01
   9.5026897507e+02   1.1662519980e-01   0.0000000000e+00   4.9946204986e-01   0.0000000000e+00   0.0000000000e+00   3.8391275034e-01
   9.5026897507e+02   1.1662519980e-01   0.0000000000e+00   4.9946204986e-01   0.0000000000e+00   0.0000000000e+00   3.8391275034e-01
   9.5026897507e+02   1.1662519980e-01   0.0000000000e+00   4.9946204986e-01   0.0000000000e+00   0.0000000000e+00   3.8391275034e-01
   9.5022505464e+02   1.1660473290e-01   0.0000000000e+00   4.9954989073e-01   0.0000000000e+00   0.0000000000e+00   3.8384537637e-01
   9.5022505464e+02   1.1660473290e-01   0.0000000000e+00   4.9954989073e-01   0.0000000000e+00   0.0000000000e+00   3.8384537637e-01
   9.5022598399e+02   1.1660516598e-01   0.0000000000e+00   4.9954803201e-01   0.0000000000e+00   0.0000000000e+00   3.8384680200e-01
   9.5022598399e+02   1.1660516598e-01   0.0000000000e+00   4.9954803201e-01   0.0000000000e+00   0.0000000000e+00   3.8384680200e-01
   9.5023063077e+02   1.1660733138e-01   0.0000000000e+00   4.9953873845e-01   0.0000000000e+00   0.0000000000e+00   3.8385393017e-01
   9.5023063077e+02   1.1660733138e-01   0.0000000000e+00   4.9953873845e-01   0.0000000000e+00   0.0000000000e+00   3.8385393017e-01
   9.5022598399e+02   1.1660516598e-01   0.0000000000e+00   4.9954803201e-01   0.0000000000e+00   0.0000000000e+00   3.8384680200e-01
   9.5022598399e+02   1.1660516598e-01   0.0000000000e+00   4.9954803201e-01   0.0000000000e+00   0.0000000000e+00   3.8384680200e-01
   9.5030145950e+02   1.1664033753e-01   0.0000000000e+00   4.9939708100e-01   0.0000000000e+00   0.0000000000e+00   3.8396258148e-01
   9.5030145950e+02   1.1664033753e-01   0.0000000000e+00   4.9939708100e-01   0.0000000000e+00   0.0000000000e+00   3.8396258148e-01
   9.5030145950e+02   1.1664033753e-01   0.0000000000e+00   4.9939708100e-01   0.0000000000e+00   0.0000000000e+00   3.8396258148e-01
   9.5030145950e+02   1.1664033753e-01   0.0000000000e+00   4.9939708100e-01   0.0000000000e+00   0.0000000000e+00   3.8396258148e-01
   9.5030145950e+02   1.1664033753e-01   0.0000000000e+00   4.9939708100e-01   0.0000000000e+00   0.0000000000e+00   3.8396258148e-01
   9.5030145950e+02   1.1664033753e-01   0.0000000000e+00   4.9939708100e-01   0.0000000000e+00   0.0000000000e+00   3.8396258148e-01
   9.5030145950e+02   1.1664033753e-01   0.0000000000e+00   4.9939708100e-01   0.0000000000e+00   0.0000000000e+00   3.8396258148e-01
   9.5030145950e+02   1.1664033753e-01   0.0000000000e+00   4.9939708100e-01   0.0000000000e+00   0.0000000000e+00   3.8396258148e-01
   9.5002257305e+02   1.1651037660e-01   0.0000000000e+00   4.9995485389e-01   0.0000000000e+00   0.0000000000e+00   3.8353476951e-01
   9.5002257305e+02   1.1651037660e-01   0.0000000000e+00   4.9995485389e-01   0.0000000000e+00   0.0000000000e+00   3.8353476951e-01
   9.5025673150e+02   1.1661949430e-01   0.0000000000e+00   4.9948653701e-01   0.0000000000e+00   0.0000000000e+00   3.8389396869e-01
   9.5025673150e+02   1.1661949430e-01   0.0000000000e+00   4.9948653701e-01   0.0000000000e+00   0.0000000000e+00   3.8389396869e-01
   9.5013965228e+02   1.1656493545e-01   0.0000000000e+00   4.9972069545e-01   0.0000000000e+00   0.0000000000e+00   3.8371436910e-01
   9.5013965228e+02   1.1656493545e-01   0.0000000000e+00   4.9972069545e-01   0.0000000000e+00   0.0000000000e+00   3.8371436910e-01
   9.5013965228e+02   1.1656493545e-01   0.0000000000e+00   4.9972069545e-01   0.0000000000e+00   0.0000000000e+00   3.8371436910e-01
   9.5013965228e+02   1.1656493545e-01   0.0000000000e+00   4.9972069545e-01   0.0000000000e+00   0.0000000000e+00   3.8371436910e-01
   9.4986134085e+02   1.1643524249e-01   0.0000000000e+00   5.0027731830e-01   0.0000000000e+00   0.0000000000e+00   3.8328743922e-01
   9.4986134085e+02   1.1643524249e-01   0.0000000000e+00   5.0027731830e-01   0.0000000000e+00   0.0000000000e+00   3.8328743922e-01
   9.4986134085e+02   1.1643524249e-01   0.0000000000e+00   5.0027731830e-01   0.0000000000e+00   0.0000000000e+00   3.8328743922e-01
   9.4986134085e+02   1.1643524249e-01   0.0000000000e+00   5.0027731830e-01   0.0000000000e+00   0.0000000000e+00   3.8328743922e-01
   9.5060802531e+02   1.1678319702e-01   0.0000000000e+00   4.9878394939e-01   0.0000000000e+00   0.0000000000e+00   3.8443285360e-01
   9.5060802531e+02   1.1678319702e-01   0.0000000000e+00   4.9878394939e-01   0.0000000000e+00   0.0000000000e+00   3.8443285360e-01
   9.5060802531e+02   1.1678319702e-01   0.0000000000e+00   4.9878394939e-01   0.0000000000e+00   0.0000000000e+00   3.8443285360e-01
   9.5060802531e+02   1.1678319702e-01   0.0000000000e+00   4.9878394939e-01   0.0000000000e+00   0.0000000000e+00   3.8443285360e-01
   9.4986134085e+02   1.1643524249e-01   0.0000000000e+00   5.0027731830e-01   0.0000000000e+00   0.0000000000e+00   3.8328743922e-01
   9.4986134085e+02   1.1643524249e-01   0.0000000000e+00   5.0027731830e-01   0.0000000000e+00   0.0000000000e+00   3.8328743922e-01
   9.4986134085e+02   1.1643524249e-01   0.0000000000e+00   5.0027731830e-01   0.0000000000e+00   0.0000000000e+00   3.8328743922e-01
   9.4986134085e+02   1.1643524249e-01   0.0000000000e+00   5.0027731830e-01   0.0000000000e+00   0.0000000000e+00   3.8328743922e-01
   9.4990543769e+02   1.1645579159e-01   0.0000000000e+00   5.0018912463e-01   0.0000000000e+00   0.0000000000e+00   3.8335508379e-01
   9.4990543769e+02   1.1645579159e-01   0.0000000000e+00   5.0018912463e-01   0.0000000000e+00   0.0000000000e+00   3.8335508379e-01
   9.4990543769e+02   1.1645579159e-01   0.0000000000e+00   5.0018912463e-01   0.0000000000e+00   0.0000000000e+00   3.8335508379e-01
   9.4990543769e+02   1.1645579159e-01   0.0000000000e+00   5.0018912463e-01   0.0000000000e+00   0.0000000000e+00   3.8335508379e-01
   9.5047793749e+02   1.1672257617e-01   0.0000000000e+00   4.9904412503e-01   0.0000000000e+00   0.0000000000e+00   3.8423329881e-01
   9.5047793749e+02   1.1672257617e-01   0.0000000000e+00   4.9904412503e-01   0.0000000000e+00   0.0000000000e+00   3.8423329881e-01
   9.4979264780e+02   1.1640323156e-01   0.0000000000e+00   5.0041470440e-01   0.0000000000e+00   0.0000000000e+00   3.8318206403e-01
   9.4979264780e+02   1.1640323156e-01   0.0000000000e+00   5.0041470440e-01   0.0000000000e+00   0.0000000000e+00   3.8318206403e-01
   9.5033270044e+02   1.1665489578e-01   0.0000000000e+00   4.9933459912e-01   0.0000000000e+00   0.0000000000e+00   3.8401050509e-01
   9.5033270044e+02   1.1665489578e-01   0.0000000000e+00   4.9933459912e-01   0.0000000000e+00   0.0000000000e+00   3.8401050509e-01
   9.5033270044e+02   1.1665489578e-01   0.0000000000e+00   4.9933459912e-01   0.0000000000e+00   0.0000000000e+00   3.8401050509e-01
   9.5033270044e+02   1.1665489578e-01   0.0000000000e+00   4.9933459912e-01   0.0000000000e+00   0.0000000000e+00   3.8401050509e-01
   9.5013529264e+02   1.1656290386e-01   0.0000000000e+00   4.9972941471e-01   0.0000000000e+00   0.0000000000e+00   3.8370768142e-01
   9.5013529264e+02   1.1656290386e-01   0.0000000000e+00   4.9972941471e-01   0.0000000000e+00   0.0000000000e+00   3.8370768142e-01
   9.5050655547e+02   1.1673591213e-01   0.0000000000e+00   4.9898688906e-01   0.0000000000e+00   0.0000000000e+00   3.8427719881e-01
   9.5050655547e+02   1.1673591213e-01   0.0000000000e+00   4.9898688906e-01   0.0000000000e+00   0.0000000000e+00   3.8427719881e-01
   9.5054188462e+02   1.1675237549e-01   0.0000000000e+00   4.9891623077e-01   0.0000000000e+00   0.0000000000e+00   3.8433139374e-01
   9.5054188462e+02   1.1675237549e-01   0.0000000000e+00   4.9891623077e-01   0.0000000000e+00   0.0000000000e+00   3.8433139374e-01
   9.5054188462e+02   1.1675237549e-01   0.0000000000e+00   4.9891623077e-01   0.0000000000e+00   0.0000000000e+00   3.8433139374e-01
   9.5054188462e+02   1.1675237549e-01   0.0000000000e+00   4.9891623077e-01   0.0000000000e+00   0.0000000000e+00   3.8433139374e-01
   9.4984829185e+02   1.1642916166e-01   0.0000000000e+00   5.0030341630e-01   0.0000000000e+00   0.0000000000e+00   3.8326742204e-01
   9.4984829185e+02   1.1642916166e-01   0.0000000000e+00   5.0030341630e-01   0.0000000000e+00   0.0000000000e+00   3.8326742204e-01
   9.4984829185e+02   1.1642916166e-01   0.0000000000e+00   5.0030341630e-01   0.0000000000e+00   0.0000000000e+00   3.8326742204e-01
   9.4984829185e+02   1.1642916166e-01   0.0000000000e+00   5.0030341630e-01   0.0000000000e+00   0.0000000000e+00   3.8326742204e-01
   9.4984829185e+02   1.1642916166e-01   0.0000000000e+00   5.0030341630e-01   0.0000000000e+00   0.0000000000e+00   3.8326742204e-01
   9.4984829185e+02   1.1642916166e-01   0.0000000000e+00   5.0030341630e-01   0.0000000000e+00   0.0000000000e+00   3.8326742204e-01
   9.4984829185e+02   1.1642916166e-01   0.0000000000e+00   5.0030341630e-01   0.0000000000e+00   0.0000000000e+00   3.8326742204e-01
   9.4984829185e+02   1.1642916166e-01   0.0000000000e+00   5.0030341630e-01   0.0000000000e+00   0.0000000000e+00   3.8326742204e-01
   9.4981761423e+02   1.1641486591e-01   0.0000000000e+00   5.0036477153e-01   0.0000000000e+00   0.0000000000e+00   3.8322036256e-01
   9.4981761423e+02   1.1641486591e-01   0.0000000000e+00   5.0036477153e-01   0.0000000000e+00   0.0000000000e+00   3.8322036256e-01
   9.4981761423e+02   1.1641486591e-01   0.0000000000e+00   5.0036477153e-01   0.0000000000e+00   0.0000000000e+00   3.8322036256e-01
   9.4981761423e+02   1.1641486591e-01   0.0000000000e+00   5.0036477153e-01   0.0000000000e+00   0.0000000000e+00   3.8322036256e-01
   9.5034455495e+02   1.1666041998e-01   0.0000000000e+00   4.9931089010e-01   0.0000000000e+00   0.0000000000e+00   3.8402868992e-01
   9.5034455495e+02   1.1666041998e-01   0.0000000000e+00   4.9931089010e-01   0.0000000000e+00   0.0000000000e+00   3.8402868992e-01
   9.5034455495e+02   1.1666041998e-01   0.0000000000e+00   4.9931089010e-01   0.0000000000e+00   0.0000000000e+00   3.8402868992e-01
   9.5034455495e+02   1.1666041998e-01   0.0000000000e+00   4.9931089010e-01   0.0000000000e+00   0.0000000000e+00   3.8402868992e-01