# time = 124.238
# Grid Poins = 256    variable_0    variable_1    variable_2    variable_3    variable_4    variable_5    variable_6
   9.5000000003e+02   1.1649985759e-01   0.0000000000e+00   4.9999999993e-01   0.0000000000e+00   0.0000000000e+00   3.8350014248e-01
   9.5000000003e+02   1.1649985759e-01   0.0000000000e+00   4.9999999993e-01   0.0000000000e+00   0.0000000000e+00   3.8350014248e-01
   9.5000000003e+02   1.1649985759e-01   0.0000000000e+00   4.9999999993e-01   0.0000000000e+00   0.0000000000e+00   3.8350014248e-01
   9.5000000003e+02   1.1649985759e-01   0.0000000000e+00   4.9999999993e-01   0.0000000000e+00   0.0000000000e+00   3.8350014248e-01
   9.5000000003e+02   1.1649985759e-01   0.0000000000e+00   4.9999999993e-01   0.0000000000e+00   0.0000000000e+00   3.8350014248e-01
   9.5000000003e+02   1.1649985759e-01   0.0000000000e+00   4.9999999993e-01   0.0000000000e+00   0.0000000000e+00   3.8350014248e-01
   9.5000000003e+02   1.1649985759e-01   0.0000000000e+00   4.9999999993e-01   0.0000000000e+00   0.0000000000e+00   3.8350014248e-01
   9.5000000003e+02   1.1649985759e-01   0.0000000000e+00   4.9999999993e-01   0.0000000000e+00   0.0000000000e+00   3.8350014248e-01
   9.5000000001e+02   1.1649985758e-01   0.0000000000e+00   4.9999999998e-01   0.0000000000e+00   0.0000000000e+00   3.8350014245e-01
   9.5000000001e+02   1.1649985758e-01   0.0000000000e+00   4.9999999998e-01   0.0000000000e+00   0.0000000000e+00   3.8350014245e-01
   9.5000000001e+02   1.1649985758e-01   0.0000000000e+00   4.9999999998e-01   0.0000000000e+00   0.0000000000e+00   3.8350014245e-01
   9.5000000001e+02   1.1649985758e-01   0.0000000000e+00   4.9999999998e-01   0.0000000000e+00   0.0000000000e+00   3.8350014245e-01
   9.4999999993e+02   1.1649985754e-01   0.0000000000e+00   5.0000000015e-01   0.0000000000e+00   0.0000000000e+00   3.8350014232e-01
   9.4999999993e+02   1.1649985754e-01   0.0000000000e+00   5.0000000015e-01   0.0000000000e+00   0.0000000000e+00   3.8350014232e-01
   9.4999999993e+02   1.1649985754e-01   0.0000000000e+00   5.0000000015e-01   0.0000000000e+00   0.0000000000e+00   3.8350014232e-01
   9.4999999993e+02   1.1649985754e-01   0.0000000000e+00   5.0000000015e-01   0.0000000000e+00   0.0000000000e+00   3.8350014232e-01
   9.5000000039e+02   1.1649985775e-01   0.0000000000e+00   4.9999999921e-01   0.0000000000e+00   0.0000000000e+00   3.8350014304e-01
   9.5000000039e+02   1.1649985775e-01   0.0000000000e+00   4.9999999921e-01   0.0000000000e+00   0.0000000000e+00   3.8350014304e-01
   9.5000000039e+02   1.1649985775e-01   0.0000000000e+00   4.9999999921e-01   0.0000000000e+00   0.0000000000e+00   3.8350014304e-01
   9.5000000039e+02   1.1649985775e-01   0.0000000000e+00   4.9999999921e-01   0.0000000000e+00   0.0000000000e+00   3.8350014304e-01
   9.5000000005e+02   1.1649985759e-01   0.0000000000e+00   4.9999999989e-01   0.0000000000e+00   0.0000000000e+00   3.8350014251e-01
   9.5000000005e+02   1.1649985759e-01   0.0000000000e+00   4.9999999989e-01   0.0000000000e+00   0.0000000000e+00   3.8350014251e-01
   9.5000000005e+02   1.1649985759e-01   0.0000000000e+00   4.9999999989e-01   0.0000000000e+00   0.0000000000e+00   3.8350014251e-01
   9.5000000005e+02   1.1649985759e-01   0.0000000000e+00   4.9999999989e-01   0.0000000000e+00   0.0000000000e+00   3.8350014251e-01
   9.5000000005e+02   1.1649985759e-01   0.0000000000e+00   4.9999999990e-01   0.0000000000e+00   0.0000000000e+00   3.8350014251e-01
   9.5000000005e+02   1.1649985759e-01   0.0000000000e+00   4.9999999990e-01   0.0000000000e+00   0.0000000000e+00   3.8350014251e-01
   9.5000000005e+02   1.1649985759e-01   0.0000000000e+00   4.9999999990e-01   0.0000000000e+00   0.0000000000e+00   3.8350014251e-01
   9.5000000005e+02   1.1649985759e-01   0.0000000000e+00   4.9999999990e-01   0.0000000000e+00   0.0000000000e+00   3.8350014251e-01
   9.4999999999e+02   1.1649985757e-01   0.0000000000e+00   5.0000000001e-01   0.0000000000e+00   0.0000000000e+00   3.8350014242e-01
   9.4999999999e+02   1.1649985757e-01   0.0000000000e+00   5.0000000001e-01   0.0000000000e+00   0.0000000000e+00   3.8350014242e-01
   9.5000000011e+02   1.1649985762e-01   0.0000000000e+00   4.9999999979e-01   0.0000000000e+00   0.0000000000e+00   3.8350014259e-01
   9.5000000011e+02   1.1649985762e-01   0.0000000000e+00   4.9999999979e-01   0.0000000000e+00   0.0000000000e+00   3.8350014259e-01
   9.5000000021e+02   1.1649985767e-01   0.0000000000e+00   4.9999999957e-01   0.0000000000e+00   0.0000000000e+00   3.8350014276e-01
   9.5000000021e+02   1.1649985767e-01   0.0000000000e+00   4.9999999957e-01   0.0000000000e+00   0.0000000000e+00   3.8350014276e-01
   9.5000000021e+02   1.1649985767e-01   0.0000000000e+00   4.9999999957e-01   0.0000000000e+00   0.0000000000e+00   3.8350014276e-01
   9.5000000021e+02   1.1649985767e-01   0.0000000000e+00   4.9999999957e-01   0.0000000000e+00   0.0000000000e+00   3.8350014276e-01
   9.5000000021e+02   1.1649985767e-01   0.0000000000e+00   4.9999999957e-01   0.0000000000e+00   0.0000000000e+00   3.8350014276e-01
   9.5000000021e+02   1.1649985767e-01   0.0000000000e+00   4.9999999957e-01   0.0000000000e+00   0.0000000000e+00   3.8350014276e-01
   9.5000000021e+02   1.1649985767e-01   0.0000000000e+00   4.9999999957e-01   0.0000000000e+00   0.0000000000e+00   3.8350014276e-01
   9.5000000021e+02   1.1649985767e-01   0.0000000000e+00   4.9999999957e-01   0.0000000000e+00   0.0000000000e+00   3.8350014276e-01
   9.5000000021e+02   1.1649985767e-01   0.0000000000e+00   4.9999999957e-01   0.0000000000e+00   0.0000000000e+00   3.8350014276e-01
   9.5000000021e+02   1.1649985767e-01   0.0000000000e+00   4.9999999957e-01   0.0000000000e+00   0.0000000000e+00   3.8350014276e-01
   9.5000000021e+02   1.1649985767e-01   0.0000000000e+00   4.9999999957e-01   0.0000000000e+00   0.0000000000e+00   3.8350014276e-01
   9.5000000021e+02   1.1649985767e-01   0.0000000000e+00   4.9999999957e-01   0.0000000000e+00   0.0000000000e+00   3.8350014276e-01
   9.5000000021e+02   1.1649985767e-01   0.0000000000e+00   4.9999999957e-01   0.0000000000e+00   0.0000000000e+00   3.8350014276e-01
   9.5000000021e+02   1.1649985767e-01   0.0000000000e+00   4.9999999957e-01   0.0000000000e+00   0.0000000000e+00   3.8350014276e-01
   9.5000000021e+02   1.1649985767e-01   0.0000000000e+00   4.9999999957e-01   0.0000000000e+00   0.0000000000e+00   3.8350014276e-01
   9.5000000021e+02   1.1649985767e-01   0.0000000000e+00   4.9999999957e-01   0.0000000000e+00   0.0000000000e+00   3.8350014276e-01
   9.5000000024e+02   1.1649985768e-01   0.0000000000e+00   4.9999999952e-01   0.0000000000e+00   0.0000000000e+00   3.8350014280e-01
   9.5000000024e+02   1.1649985768e-01   0.0000000000e+00   4.9999999952e-01   0.0000000000e+00   0.0000000000e+00   3.8350014280e-01
   9.5000000024e+02   1.1649985768e-01   0.0000000000e+00   4.9999999952e-01   0.0000000000e+00   0.0000000000e+00   3.8350014280e-01
   9.5000000024e+02   1.1649985768e-01   0.0000000000e+00   4.9999999952e-01   0.0000000000e+00   0.0000000000e+00   3.8350014280e-01
   9.5000000024e+02   1.1649985768e-01   0.0000000000e+00   4.9999999952e-01   0.0000000000e+00   0.0000000000e+00   3.8350014280e-01
   9.5000000024e+02   1.1649985768e-01   0.0000000000e+00   4.9999999952e-01   0.0000000000e+00   0.0000000000e+00   3.8350014280e-01
   9.5000000024e+02   1.1649985768e-01   0.0000000000e+00   4.9999999952e-01   0.0000000000e+00   0.0000000000e+00   3.8350014280e-01
   9.5000000024e+02   1.1649985768e-01   0.0000000000e+00   4.9999999952e-01   0.0000000000e+00   0.0000000000e+00   3.8350014280e-01
   9.5000000024e+02   1.1649985768e-01   0.0000000000e+00   4.9999999952e-01   0.0000000000e+00   0.0000000000e+00   3.8350014280e-01
   9.5000000024e+02   1.1649985768e-01   0.0000000000e+00   4.9999999952e-01   0.0000000000e+00   0.0000000000e+00   3.8350014280e-01
   9.5000000024e+02   1.1649985768e-01   0.0000000000e+00   4.9999999952e-01   0.0000000000e+00   0.0000000000e+00   3.8350014280e-01
   9.5000000024e+02   1.1649985768e-01   0.0000000000e+00   4.9999999952e-01   0.0000000000e+00   0.0000000000e+00   3.8350014280e-01
   9.5000000024e+02   1.1649985768e-01   0.0000000000e+00   4.9999999952e-01   0.0000000000e+00   0.0000000000e+00   3.8350014280e-01
   9.5000000024e+02   1.1649985768e-01   0.0000000000e+00   4.9999999952e-01   0.0000000000e+00   0.0000000000e+00   3.8350014280e-01
   9.5000000024e+02   1.1649985768e-01   0.0000000000e+00   4.9999999952e-01   0.0000000000e+00   0.0000000000e+00   3.8350014280e-01
   9.5000000024e+02   1.1649985768e-01   0.0000000000e+00   4.9999999952e-01   0.0000000000e+00   0.0000000000e+00   3.8350014280e-01
   9.4999999967e+02   1.1649985741e-01   0.0000000000e+00   5.0000000067e-01   0.0000000000e+00   0.0000000000e+00   3.8350014192e-01
   9.4999999967e+02   1.1649985741e-01   0.0000000000e+00   5.0000000067e-01   0.0000000000e+00   0.0000000000e+00   3.8350014192e-01
   9.4999999965e+02   1.1649985741e-01   0.0000000000e+00   5.0000000070e-01   0.0000000000e+00   0.0000000000e+00   3.8350014189e-01
   9.4999999965e+02   1.1649985741e-01   0.0000000000e+00   5.0000000070e-01   0.0000000000e+00   0.0000000000e+00   3.8350014189e-01
   9.4999999965e+02   1.1649985741e-01   0.0000000000e+00   5.0000000070e-01   0.0000000000e+00   0.0000000000e+00   3.8350014189e-01
   9.4999999965e+02   1.1649985741e-01   0.0000000000e+00   5.0000000070e-01   0.0000000000e+00   0.0000000000e+00   3.8350014189e-01
   9.4999999965e+02   1.1649985741e-01   0.0000000000e+00   5.0000000070e-01   0.0000000000e+00   0.0000000000e+00   3.8350014189e-01
   9.4999999965e+02   1.1649985741e-01   0.0000000000e+00   5.0000000070e-01   0.0000000000e+00   0.0000000000e+00   3.8350014189e-01
   9.4999999967e+02   1.1649985741e-01   0.0000000000e+00   5.0000000067e-01   0.0000000000e+00   0.0000000000e+00   3.8350014192e-01
   9.4999999967e+02   1.1649985741e-01   0.0000000000e+00   5.0000000067e-01   0.0000000000e+00   0.0000000000e+00   3.8350014192e-01
   9.4999999967e+02   1.1649985741e-01   0.0000000000e+00   5.0000000067e-01   0.0000000000e+00   0.0000000000e+00   3.8350014192e-01
   9.4999999967e+02   1.1649985741e-01   0.0000000000e+00   5.0000000067e-01   0.0000000000e+00   0.0000000000e+00   3.8350014192e-01
   9.4999999967e+02   1.1649985741e-01   0.0000000000e+00   5.0000000067e-01   0.0000000000e+00   0.0000000000e+00   3.8350014192e-01
   9.4999999967e+02   1.1649985741e-01   0.0000000000e+00   5.0000000067e-01   0.0000000000e+00   0.0000000000e+00   3.8350014192e-01
   9.4999999965e+02   1.1649985741e-01   0.0000000000e+00   5.0000000070e-01   0.0000000000e+00   0.0000000000e+00   3.8350014189e-01
   9.4999999965e+02   1.1649985741e-01   0.0000000000e+00   5.0000000070e-01   0.0000000000e+00   0.0000000000e+00   3.8350014189e-01
   9.4999999965e+02   1.1649985741e-01   0.0000000000e+00   5.0000000070e-01   0.0000000000e+00   0.0000000000e+00   3.8350014189e-01
   9.4999999965e+02   1.1649985741e-01   0.0000000000e+00   5.0000000070e-01   0.0000000000e+00   0.0000000000e+00   3.8350014189e-01
   9.4999999967e+02   1.1649985741e-01   0.0000000000e+00   5.0000000067e-01   0.0000000000e+00   0.0000000000e+00   3.8350014192e-01
   9.4999999967e+02   1.1649985741e-01   0.0000000000e+00   5.0000000067e-01   0.0000000000e+00   0.0000000000e+00   3.8350014192e-01
   9.4999999966e+02   1.1649985741e-01   0.0000000000e+00   5.0000000068e-01   0.0000000000e+00   0.0000000000e+00   3.8350014191e-01
   9.4999999966e+02   1.1649985741e-01   0.0000000000e+00   5.0000000068e-01   0.0000000000e+00   0.0000000000e+00   3.8350014191e-01
   9.4999999966e+02   1.1649985741e-01   0.0000000000e+00   5.0000000068e-01   0.0000000000e+00   0.0000000000e+00   3.8350014191e-01
   9.4999999966e+02   1.1649985741e-01   0.0000000000e+00   5.0000000068e-01   0.0000000000e+00   0.0000000000e+00   3.8350014191e-01
   9.4999999965e+02   1.1649985741e-01   0.0000000000e+00   5.0000000070e-01   0.0000000000e+00   0.0000000000e+00   3.8350014189e-01
   9.4999999965e+02   1.1649985741e-01   0.0000000000e+00   5.0000000070e-01   0.0000000000e+00   0.0000000000e+00   3.8350014189e-01
   9.4999999965e+02   1.1649985741e-01   0.0000000000e+00   5.0000000070e-01   0.0000000000e+00   0.0000000000e+00   3.8350014189e-01
   9.4999999965e+02   1.1649985741e-01   0.0000000000e+00   5.0000000070e-01   0.0000000000e+00   0.0000000000e+00   3.8350014189e-01
   9.4999999967e+02   1.1649985741e-01   0.0000000000e+00   5.0000000067e-01   0.0000000000e+00   0.0000000000e+00   3.8350014192e-01
   9.4999999967e+02   1.1649985741e-01   0.0000000000e+00   5.0000000067e-01   0.0000000000e+00   0.0000000000e+00   3.8350014192e-01
   9.4999999967e+02   1.1649985741e-01   0.0000000000e+00   5.0000000067e-01   0.0000000000e+00   0.0000000000e+00   3.8350014192e-01
   9.4999999967e+02   1.1649985741e-01   0.0000000000e+00   5.0000000067e-01   0.0000000000e+00   0.0000000000e+00   3.8350014192e-01
   9.4999999965e+02   1.1649985741e-01   0.0000000000e+00   5.0000000070e-01   0.0000000000e+00   0.0000000000e+00   3.8350014189e-01
   9.4999999965e+02   1.1649985741e-01   0.0000000000e+00   5.0000000070e-01   0.0000000000e+00   0.0000000000e+00   3.8350014189e-01
   9.4999999965e+02   1.1649985741e-01   0.0000000000e+00   5.0000000070e-01   0.0000000000e+00   0.0000000000e+00   3.8350014189e-01
   9.4999999965e+02   1.1649985741e-01   0.0000000000e+00   5.0000000070e-01   0.0000000000e+00   0.0000000000e+00   3.8350014189e-01
   9.4999999966e+02   1.1649985741e-01   0.0000000000e+00   5.0000000068e-01   0.0000000000e+00   0.0000000000e+00   3.8350014191e-01
   9.4999999966e+02   1.1649985741e-01   0.0000000000e+00   5.0000000068e-01   0.0000000000e+00   0.0000000000e+00   3.8350014191e-01
   9.4999999966e+02   1.1649985741e-01   0.0000000000e+00   5.0000000068e-01   0.0000000000e+00   0.0000000000e+00   3.8350014191e-01
   9.4999999966e+02   1.1649985741e-01   0.0000000000e+00   5.0000000068e-01   0.0000000000e+00   0.0000000000e+00   3.8350014191e-01
   9.4999999966e+02   1.1649985741e-01   0.0000000000e+00   5.0000000068e-01   0.0000000000e+00   0.0000000000e+00   3.8350014191e-01
   9.4999999966e+02   1.1649985741e-01   0.0000000000e+00   5.0000000068e-01   0.0000000000e+00   0.0000000000e+00   3.8350014191e-01
   9.4999999966e+02   1.1649985741e-01   0.0000000000e+00   5.0000000068e-01   0.0000000000e+00   0.0000000000e+00   3.8350014191e-01
   9.4999999966e+02   1.1649985741e-01   0.0000000000e+00   5.0000000068e-01   0.0000000000e+00   0.0000000000e+00   3.8350014191e-01
   9.4999999966e+02   1.1649985741e-01   0.0000000000e+00   5.0000000069e-01   0.0000000000e+00   0.0000000000e+00   3.8350014190e-01
   9.4999999966e+02   1.1649985741e-01   0.0000000000e+00   5.0000000069e-01   0.0000000000e+00   0.0000000000e+00   3.8350014190e-01
   9.4999999966e+02   1.1649985741e-01   0.0000000000e+00   5.0000000069e-01   0.0000000000e+00   0.0000000000e+00   3.8350014190e-01
   9.4999999966e+02   1.1649985741e-01   0.0000000000e+00   5.0000000069e-01   0.0000000000e+00   0.0000000000e+00   3.8350014190e-01
   9.4999999966e+02   1.1649985741e-01   0.0000000000e+00   5.0000000068e-01   0.0000000000e+00   0.0000000000e+00   3.8350014190e-01
   9.4999999966e+02   1.1649985741e-01   0.0000000000e+00   5.0000000068e-01   0.0000000000e+00   0.0000000000e+00   3.8350014190e-01
   9.4999999966e+02   1.1649985741e-01   0.0000000000e+00   5.0000000068e-01   0.0000000000e+00   0.0000000000e+00   3.8350014190e-01
   9.4999999966e+02   1.1649985741e-01   0.0000000000e+00   5.0000000068e-01   0.0000000000e+00   0.0000000000e+00   3.8350014190e-01
   9.4999999967e+02   1.1649985741e-01   0.0000000000e+00   5.0000000067e-01   0.0000000000e+00   0.0000000000e+00   3.8350014192e-01
   9.4999999967e+02   1.1649985741e-01   0.0000000000e+00   5.0000000067e-01   0.0000000000e+00   0.0000000000e+00   3.8350014192e-01
   9.4999999965e+02   1.1649985741e-01   0.0000000000e+00   5.0000000070e-01   0.0000000000e+00   0.0000000000e+00   3.8350014189e-01
   9.4999999965e+02   1.1649985741e-01   0.0000000000e+00   5.0000000070e-01   0.0000000000e+00   0.0000000000e+00   3.8350014189e-01
   9.4999999967e+02   1.1649985742e-01   0.0000000000e+00   5.0000000066e-01   0.0000000000e+00   0.0000000000e+00   3.8350014192e-01
   9.4999999967e+02   1.1649985742e-01   0.0000000000e+00   5.0000000066e-01   0.0000000000e+00   0.0000000000e+00   3.8350014192e-01
   9.4999999967e+02   1.1649985742e-01   0.0000000000e+00   5.0000000066e-01   0.0000000000e+00   0.0000000000e+00   3.8350014192e-01
   9.4999999967e+02   1.1649985742e-01   0.0000000000e+00   5.0000000066e-01   0.0000000000e+00   0.0000000000e+00   3.8350014192e-01
   9.4999999968e+02   1.1649985742e-01   0.0000000000e+00   5.0000000065e-01   0.0000000000e+00   0.0000000000e+00   3.8350014193e-01
   9.4999999968e+02   1.1649985742e-01   0.0000000000e+00   5.0000000065e-01   0.0000000000e+00   0.0000000000e+00   3.8350014193e-01
   9.4999999967e+02   1.1649985741e-01   0.0000000000e+00   5.0000000067e-01   0.0000000000e+00   0.0000000000e+00   3.8350014192e-01
   9.4999999967e+02   1.1649985741e-01   0.0000000000e+00   5.0000000067e-01   0.0000000000e+00   0.0000000000e+00   3.8350014192e-01
   9.5000000010e+02   1.1649985762e-01   0.0000000000e+00   4.9999999980e-01   0.0000000000e+00   0.0000000000e+00   3.8350014258e-01
   9.5000000010e+02   1.1649985762e-01   0.0000000000e+00   4.9999999980e-01   0.0000000000e+00   0.0000000000e+00   3.8350014258e-01
   9.5000000010e+02   1.1649985762e-01   0.0000000000e+00   4.9999999980e-01   0.0000000000e+00   0.0000000000e+00   3.8350014258e-01
   9.5000000010e+02   1.1649985762e-01   0.0000000000e+00   4.9999999980e-01   0.0000000000e+00   0.0000000000e+00   3.8350014258e-01
   9.5000000009e+02   1.1649985761e-01   0.0000000000e+00   4.9999999982e-01   0.0000000000e+00   0.0000000000e+00   3.8350014257e-01
   9.5000000009e+02   1.1649985761e-01   0.0000000000e+00   4.9999999982e-01   0.0000000000e+00   0.0000000000e+00   3.8350014257e-01
   9.5000000009e+02   1.1649985761e-01   0.0000000000e+00   4.9999999982e-01   0.0000000000e+00   0.0000000000e+00   3.8350014257e-01
   9.5000000009e+02   1.1649985761e-01   0.0000000000e+00   4.9999999982e-01   0.0000000000e+00   0.0000000000e+00   3.8350014257e-01
   9.5000000009e+02   1.1649985761e-01   0.0000000000e+00   4.9999999981e-01   0.0000000000e+00   0.0000000000e+00   3.8350014257e-01
   9.5000000009e+02   1.1649985761e-01   0.0000000000e+00   4.9999999981e-01   0.0000000000e+00   0.0000000000e+00   3.8350014257e-01
   9.5000000009e+02   1.1649985761e-01   0.0000000000e+00   4.9999999981e-01   0.0000000000e+00   0.0000000000e+00   3.8350014257e-01
   9.5000000009e+02   1.1649985761e-01   0.0000000000e+00   4.9999999981e-01   0.0000000000e+00   0.0000000000e+00   3.8350014257e-01
   9.5000000009e+02   1.1649985761e-01   0.0000000000e+00   4.9999999981e-01   0.0000000000e+00   0.0000000000e+00   3.8350014257e-01
   9.5000000009e+02   1.1649985761e-01   0.0000000000e+00   4.9999999981e-01   0.0000000000e+00   0.0000000000e+00   3.8350014257e-01
   9.5000000009e+02   1.1649985761e-01   0.0000000000e+00   4.9999999981e-01   0.0000000000e+00   0.0000000000e+00   3.8350014257e-01
   9.5000000009e+02   1.1649985761e-01   0.0000000000e+00   4.9999999981e-01   0.0000000000e+00   0.0000000000e+00   3.8350014257e-01
   9.5000000010e+02   1.1649985762e-01   0.0000000000e+00   4.9999999980e-01   0.0000000000e+00   0.0000000000e+00   3.8350014259e-01
   9.5000000010e+02   1.1649985762e-01   0.0000000000e+00   4.9999999980e-01   0.0000000000e+00   0.0000000000e+00   3.8350014259e-01
   9.5000000010e+02   1.1649985762e-01   0.0000000000e+00   4.9999999980e-01   0.0000000000e+00   0.0000000000e+00   3.8350014259e-01
   9.5000000010e+02   1.1649985762e-01   0.0000000000e+00   4.9999999980e-01   0.0000000000e+00   0.0000000000e+00   3.8350014259e-01
   9.5000000010e+02   1.1649985762e-01   0.0000000000e+00   4.9999999980e-01   0.0000000000e+00   0.0000000000e+00   3.8350014259e-01
   9.5000000010e+02   1.1649985762e-01   0.0000000000e+00   4.9999999980e-01   0.0000000000e+00   0.0000000000e+00   3.8350014259e-01
   9.5000000010e+02   1.1649985762e-01   0.0000000000e+00   4.9999999980e-01   0.0000000000e+00   0.0000000000e+00   3.8350014259e-01
   9.5000000010e+02   1.1649985762e-01   0.0000000000e+00   4.9999999980e-01   0.0000000000e+00   0.0000000000e+00   3.8350014259e-01
   9.5000000011e+02   1.1649985762e-01   0.0000000000e+00   4.9999999978e-01   0.0000000000e+00   0.0000000000e+00   3.8350014260e-01
   9.5000000011e+02   1.1649985762e-01   0.0000000000e+00   4.9999999978e-01   0.0000000000e+00   0.0000000000e+00   3.8350014260e-01
   9.5000000009e+02   1.1649985761e-01   0.0000000000e+00   4.9999999981e-01   0.0000000000e+00   0.0000000000e+00   3.8350014257e-01
   9.5000000009e+02   1.1649985761e-01   0.0000000000e+00   4.9999999981e-01   0.0000000000e+00   0.0000000000e+00   3.8350014257e-01
   9.5000000010e+02   1.1649985762e-01   0.0000000000e+00   4.9999999980e-01   0.0000000000e+00   0.0000000000e+00   3.8350014259e-01
   9.5000000010e+02   1.1649985762e-01   0.0000000000e+00   4.9999999980e-01   0.0000000000e+00   0.0000000000e+00   3.8350014259e-01
   9.5000000010e+02   1.1649985762e-01   0.0000000000e+00   4.9999999980e-01   0.0000000000e+00   0.0000000000e+00   3.8350014259e-01
   9.5000000010e+02   1.1649985762e-01   0.0000000000e+00   4.9999999980e-01   0.0000000000e+00   0.0000000000e+00   3.8350014259e-01
   9.5000000010e+02   1.1649985762e-01   0.0000000000e+00   4.9999999981e-01   0.0000000000e+00   0.0000000000e+00   3.8350014258e-01
   9.5000000010e+02   1.1649985762e-01   0.0000000000e+00   4.9999999981e-01   0.0000000000e+00   0.0000000000e+00   3.8350014258e-01
   9.5000000010e+02   1.1649985762e-01   0.0000000000e+00   4.9999999981e-01   0.0000000000e+00   0.0000000000e+00   3.8350014258e-01
   9.5000000010e+02   1.1649985762e-01   0.0000000000e+00   4.9999999981e-01   0.0000000000e+00   0.0000000000e+00   3.8350014258e-01
   9.5000000010e+02   1.1649985762e-01   0.0000000000e+00   4.9999999981e-01   0.0000000000e+00   0.0000000000e+00   3.8350014258e-01
   9.5000000010e+02   1.1649985762e-01   0.0000000000e+00   4.9999999981e-01   0.0000000000e+00   0.0000000000e+00   3.8350014258e-01
   9.5000000010e+02   1.1649985762e-01   0.0000000000e+00   4.9999999979e-01   0.0000000000e+00   0.0000000000e+00   3.8350014259e-01
   9.5000000010e+02   1.1649985762e-01   0.0000000000e+00   4.9999999979e-01   0.0000000000e+00   0.0000000000e+00   3.8350014259e-01
   9.5000000010e+02   1.1649985762e-01   0.0000000000e+00   4.9999999980e-01   0.0000000000e+00   0.0000000000e+00   3.8350014258e-01
   9.5000000010e+02   1.1649985762e-01   0.0000000000e+00   4.9999999980e-01   0.0000000000e+00   0.0000000000e+00   3.8350014258e-01
   9.5000000010e+02   1.1649985762e-01   0.0000000000e+00   4.9999999980e-01   0.0000000000e+00   0.0000000000e+00   3.8350014258e-01
   9.5000000010e+02   1.1649985762e-01   0.0000000000e+00   4.9999999980e-01   0.0000000000e+00   0.0000000000e+00   3.8350014258e-01
   9.5000000010e+02   1.1649985762e-01   0.0000000000e+00   4.9999999980e-01   0.0000000000e+00   0.0000000000e+00   3.8350014258e-01
   9.5000000010e+02   1.1649985762e-01   0.0000000000e+00   4.9999999980e-01   0.0000000000e+00   0.0000000000e+00   3.8350014258e-01
   9.5000000010e+02   1.1649985762e-01   0.0000000000e+00   4.9999999980e-01   0.0000000000e+00   0.0000000000e+00   3.8350014258e-01
   9.5000000010e+02   1.1649985762e-01   0.0000000000e+00   4.9999999980e-01   0.0000000000e+00   0.0000000000e+00   3.8350014258e-01
   9.5000000009e+02   1.1649985761e-01   0.0000000000e+00   4.9999999982e-01   0.0000000000e+00   0.0000000000e+00   3.8350014257e-01
   9.5000000009e+02   1.1649985761e-01   0.0000000000e+00   4.9999999982e-01   0.0000000000e+00   0.0000000000e+00   3.8350014257e-01
   9.5000000009e+02   1.1649985761e-01   0.0000000000e+00   4.9999999982e-01   0.0000000000e+00   0.0000000000e+00   3.8350014257e-01
   9.5000000009e+02   1.1649985761e-01   0.0000000000e+00   4.9999999982e-01   0.0000000000e+00   0.0000000000e+00   3.8350014257e-01
   9.5000000009e+02   1.1649985761e-01   0.0000000000e+00   4.9999999982e-01   0.0000000000e+00   0.0000000000e+00   3.8350014257e-01
   9.5000000009e+02   1.1649985761e-01   0.0000000000e+00   4.9999999982e-01   0.0000000000e+00   0.0000000000e+00   3.8350014257e-01
   9.5000000009e+02   1.1649985761e-01   0.0000000000e+00   4.9999999982e-01   0.0000000000e+00   0.0000000000e+00   3.8350014257e-01
   9.5000000009e+02   1.1649985761e-01   0.0000000000e+00   4.9999999982e-01   0.0000000000e+00   0.0000000000e+00   3.8350014257e-01
   9.5000000010e+02   1.1649985761e-01   0.0000000000e+00   4.9999999981e-01   0.0000000000e+00   0.0000000000e+00   3.8350014258e-01
   9.5000000010e+02   1.1649985761e-01   0.0000000000e+00   4.9999999981e-01   0.0000000000e+00   0.0000000000e+00   3.8350014258e-01
   9.5000000010e+02   1.1649985761e-01   0.0000000000e+00   4.9999999981e-01   0.0000000000e+00   0.0000000000e+00   3.8350014258e-01
   9.5000000010e+02   1.1649985761e-01   0.0000000000e+00   4.9999999981e-01   0.0000000000e+00   0.0000000000e+00   3.8350014258e-01
   9.5000000010e+02   1.1649985761e-01   0.0000000000e+00   4.9999999981e-01   0.0000000000e+00   0.0000000000e+00   3.8350014258e-01
   9.5000000010e+02   1.1649985761e-01   0.0000000000e+00   4.9999999981e-01   0.0000000000e+00   0.0000000000e+00   3.8350014258e-01
   9.5000000010e+02   1.1649985761e-01   0.0000000000e+00   4.9999999981e-01   0.0000000000e+00   0.0000000000e+00   3.8350014258e-01
   9.5000000010e+02   1.1649985761e-01   0.0000000000e+00   4.9999999981e-01   0.0000000000e+00   0.0000000000e+00   3.8350014258e-01
   9.4999999969e+02   1.1649985743e-01   0.0000000000e+00   5.0000000062e-01   0.0000000000e+00   0.0000000000e+00   3.8350014196e-01
   9.4999999969e+02   1.1649985743e-01   0.0000000000e+00   5.0000000062e-01   0.0000000000e+00   0.0000000000e+00   3.8350014196e-01
   9.4999999969e+02   1.1649985743e-01   0.0000000000e+00   5.0000000062e-01   0.0000000000e+00   0.0000000000e+00   3.8350014196e-01
   9.4999999969e+02   1.1649985743e-01   0.0000000000e+00   5.0000000062e-01   0.0000000000e+00   0.0000000000e+00   3.8350014196e-01
   9.4999999969e+02   1.1649985743e-01   0.0000000000e+00   5.0000000062e-01   0.0000000000e+00   0.0000000000e+00   3.8350014196e-01
   9.4999999969e+02   1.1649985743e-01   0.0000000000e+00   5.0000000062e-01   0.0000000000e+00   0.0000000000e+00   3.8350014196e-01
   9.4999999969e+02   1.1649985743e-01   0.0000000000e+00   5.0000000062e-01   0.0000000000e+00   0.0000000000e+00   3.8350014196e-01
   9.4999999969e+02   1.1649985743e-01   0.0000000000e+00   5.0000000062e-01   0.0000000000e+00   0.0000000000e+00   3.8350014196e-01
   9.5000000050e+02   1.1649985780e-01   0.0000000000e+00   4.9999999900e-01   0.0000000000e+00   0.0000000000e+00   3.8350014320e-01
   9.5000000050e+02   1.1649985780e-01   0.0000000000e+00   4.9999999900e-01   0.0000000000e+00   0.0000000000e+00   3.8350014320e-01
   9.5000000050e+02   1.1649985780e-01   0.0000000000e+00   4.9999999900e-01   0.0000000000e+00   0.0000000000e+00   3.8350014320e-01
   9.5000000050e+02   1.1649985780e-01   0.0000000000e+00   4.9999999900e-01   0.0000000000e+00   0.0000000000e+00   3.8350014320e-01
   9.5000000050e+02   1.1649985780e-01   0.0000000000e+00   4.9999999900e-01   0.0000000000e+00   0.0000000000e+00   3.8350014320e-01
   9.5000000050e+02   1.1649985780e-01   0.0000000000e+00   4.9999999900e-01   0.0000000000e+00   0.0000000000e+00   3.8350014320e-01
   9.5000000050e+02   1.1649985780e-01   0.0000000000e+00   4.9999999900e-01   0.0000000000e+00   0.0000000000e+00   3.8350014320e-01
   9.5000000050e+02   1.1649985780e-01   0.0000000000e+00   4.9999999900e-01   0.0000000000e+00   0.0000000000e+00   3.8350014320e-01
   9.4999999969e+02   1.1649985743e-01   0.0000000000e+00   5.0000000061e-01   0.0000000000e+00   0.0000000000e+00   3.8350014196e-01
   9.4999999969e+02   1.1649985743e-01   0.0000000000e+00   5.0000000061e-01   0.0000000000e+00   0.0000000000e+00   3.8350014196e-01
   9.4999999969e+02   1.1649985743e-01   0.0000000000e+00   5.0000000061e-01   0.0000000000e+00   0.0000000000e+00   3.8350014196e-01
   9.4999999969e+02   1.1649985743e-01   0.0000000000e+00   5.0000000061e-01   0.0000000000e+00   0.0000000000e+00   3.8350014196e-01
   9.4999999969e+02   1.1649985743e-01   0.0000000000e+00   5.0000000062e-01   0.0000000000e+00   0.0000000000e+00   3.8350014196e-01
   9.4999999969e+02   1.1649985743e-01   0.0000000000e+00   5.0000000062e-01   0.0000000000e+00   0.0000000000e+00   3.8350014196e-01
   9.4999999969e+02   1.1649985743e-01   0.0000000000e+00   5.0000000062e-01   0.0000000000e+00   0.0000000000e+00   3.8350014196e-01
   9.4999999969e+02   1.1649985743e-01   0.0000000000e+00   5.0000000062e-01   0.0000000000e+00   0.0000000000e+00   3.8350014196e-01
   9.4999999969e+02   1.1649985743e-01   0.0000000000e+00   5.0000000062e-01   0.0000000000e+00   0.0000000000e+00   3.8350014196e-01
   9.4999999969e+02   1.1649985743e-01   0.0000000000e+00   5.0000000062e-01   0.0000000000e+00   0.0000000000e+00   3.8350014196e-01
   9.4999999969e+02   1.1649985743e-01   0.0000000000e+00   5.0000000061e-01   0.0000000000e+00   0.0000000000e+00   3.8350014196e-01
   9.4999999969e+02   1.1649985743e-01   0.0000000000e+00   5.0000000061e-01   0.0000000000e+00   0.0000000000e+00   3.8350014196e-01
   9.4999999969e+02   1.1649985743e-01   0.0000000000e+00   5.0000000062e-01   0.0000000000e+00   0.0000000000e+00   3.8350014196e-01
   9.4999999969e+02   1.1649985743e-01   0.0000000000e+00   5.0000000062e-01   0.0000000000e+00   0.0000000000e+00   3.8350014196e-01
   9.4999999969e+02   1.1649985743e-01   0.0000000000e+00   5.0000000062e-01   0.0000000000e+00   0.0000000000e+00   3.8350014196e-01
   9.4999999969e+02   1.1649985743e-01   0.0000000000e+00   5.0000000062e-01   0.0000000000e+00   0.0000000000e+00   3.8350014196e-01
   9.5000000050e+02   1.1649985780e-01   0.0000000000e+00   4.9999999899e-01   0.0000000000e+00   0.0000000000e+00   3.8350014320e-01
   9.5000000050e+02   1.1649985780e-01   0.0000000000e+00   4.9999999899e-01   0.0000000000e+00   0.0000000000e+00   3.8350014320e-01
   9.5000000050e+02   1.1649985780e-01   0.0000000000e+00   4.9999999899e-01   0.0000000000e+00   0.0000000000e+00   3.8350014320e-01
   9.5000000050e+02   1.1649985780e-01   0.0000000000e+00   4.9999999899e-01   0.0000000000e+00   0.0000000000e+00   3.8350014320e-01
   9.5000000050e+02   1.1649985780e-01   0.0000000000e+00   4.9999999899e-01   0.0000000000e+00   0.0000000000e+00   3.8350014320e-01
   9.5000000050e+02   1.1649985780e-01   0.0000000000e+00   4.9999999899e-01   0.0000000000e+00   0.0000000000e+00   3.8350014320e-01
   9.5000000050e+02   1.1649985780e-01   0.0000000000e+00   4.9999999899e-01   0.0000000000e+00   0.0000000000e+00   3.8350014320e-01
   9.5000000050e+02   1.1649985780e-01   0.0000000000e+00   4.9999999899e-01   0.0000000000e+00   0.0000000000e+00   3.8350014320e-01
   9.4999999989e+02   1.1649985752e-01   0.0000000000e+00   5.0000000021e-01   0.0000000000e+00   0.0000000000e+00   3.8350014227e-01
   9.4999999989e+02   1.1649985752e-01   0.0000000000e+00   5.0000000021e-01   0.0000000000e+00   0.0000000000e+00   3.8350014227e-01
   9.4999999989e+02   1.1649985752e-01   0.0000000000e+00   5.0000000021e-01   0.0000000000e+00   0.0000000000e+00   3.8350014227e-01
   9.4999999989e+02   1.1649985752e-01   0.0000000000e+00   5.0000000021e-01   0.0000000000e+00   0.0000000000e+00   3.8350014227e-01
   9.4999999969e+02   1.1649985743e-01   0.0000000000e+00   5.0000000062e-01   0.0000000000e+00   0.0000000000e+00   3.8350014196e-01
   9.4999999969e+02   1.1649985743e-01   0.0000000000e+00   5.0000000062e-01   0.0000000000e+00   0.0000000000e+00   3.8350014196e-01
   9.5000000009e+02   1.1649985761e-01   0.0000000000e+00   4.9999999981e-01   0.0000000000e+00   0.0000000000e+00   3.8350014258e-01
   9.5000000009e+02   1.1649985761e-01   0.0000000000e+00   4.9999999981e-01   0.0000000000e+00   0.0000000000e+00   3.8350014258e-01
   9.5000000050e+02   1.1649985780e-01   0.0000000000e+00   4.9999999900e-01   0.0000000000e+00   0.0000000000e+00   3.8350014320e-01
   9.5000000050e+02   1.1649985780e-01   0.0000000000e+00   4.9999999900e-01   0.0000000000e+00   0.0000000000e+00   3.8350014320e-01
   9.5000000009e+02   1.1649985761e-01   0.0000000000e+00   4.9999999981e-01   0.0000000000e+00   0.0000000000e+00   3.8350014258e-01
   9.5000000009e+02   1.1649985761e-01   0.0000000000e+00   4.9999999981e-01   0.0000000000e+00   0.0000000000e+00   3.8350014258e-01
   9.5000000050e+02   1.1649985780e-01   0.0000000000e+00   4.9999999899e-01   0.0000000000e+00   0.0000000000e+00   3.8350014320e-01
   9.5000000050e+02   1.1649985780e-01   0.0000000000e+00   4.9999999899e-01   0.0000000000e+00   0.0000000000e+00   3.8350014320e-01
   9.5000000050e+02   1.1649985780e-01   0.0000000000e+00   4.9999999899e-01   0.0000000000e+00   0.0000000000e+00   3.8350014320e-01
   9.5000000050e+02   1.1649985780e-01   0.0000000000e+00   4.9999999899e-01   0.0000000000e+00   0.0000000000e+00   3.8350014320e-01
   9.5000000009e+02   1.1649985761e-01   0.0000000000e+00   4.9999999981e-01   0.0000000000e+00   0.0000000000e+00   3.8350014258e-01
   9.5000000009e+02   1.1649985761e-01   0.0000000000e+00   4.9999999981e-01   0.0000000000e+00   0.0000000000e+00   3.8350014258e-01
   9.5000000050e+02   1.1649985780e-01   0.0000000000e+00   4.9999999900e-01   0.0000000000e+00   0.0000000000e+00   3.8350014320e-01
   9.5000000050e+02   1.1649985780e-01   0.0000000000e+00   4.9999999900e-01   0.0000000000e+00   0.0000000000e+00   3.8350014320e-01
   9.5000000050e+02   1.1649985780e-01   0.0000000000e+00   4.9999999899e-01   0.0000000000e+00   0.0000000000e+00   3.8350014320e-01
   9.5000000050e+02   1.1649985780e-01   0.0000000000e+00   4.9999999899e-01   0.0000000000e+00   0.0000000000e+00   3.8350014320e-01
   9.5000000050e+02   1.1649985780e-01   0.0000000000e+00   4.9999999899e-01   0.0000000000e+00   0.0000000000e+00   3.8350014320e-01
   9.5000000050e+02   1.1649985780e-01   0.0000000000e+00   4.9999999899e-01   0.0000000000e+00   0.0000000000e+00   3.8350014320e-01