# time = 43.6531
# Grid Poins = 256    variable_0    variable_1    variable_2    variable_3    variable_4    variable_5    variable_6
   9.4975701953e+02   1.1638662881e-01   0.0000000000e+00   5.0048596094e-01   0.0000000000e+00   0.0000000000e+00   3.8312741025e-01
   9.4975701953e+02   1.1638662881e-01   0.0000000000e+00   5.0048596094e-01   0.0000000000e+00   0.0000000000e+00   3.8312741025e-01
   9.4975701953e+02   1.1638662881e-01   0.0000000000e+00   5.0048596094e-01   0.0000000000e+00   0.0000000000e+00   3.8312741025e-01
   9.4975701953e+02   1.1638662881e-01   0.0000000000e+00   5.0048596094e-01   0.0000000000e+00   0.0000000000e+00   3.8312741025e-01
   9.4992278924e+02   1.1646387740e-01   0.0000000000e+00   5.0015442151e-01   0.0000000000e+00   0.0000000000e+00   3.8338170109e-01
   9.4992278924e+02   1.1646387740e-01   0.0000000000e+00   5.0015442151e-01   0.0000000000e+00   0.0000000000e+00   3.8338170109e-01
   9.4992278924e+02   1.1646387740e-01   0.0000000000e+00   5.0015442151e-01   0.0000000000e+00   0.0000000000e+00   3.8338170109e-01
   9.4992278924e+02   1.1646387740e-01   0.0000000000e+00   5.0015442151e-01   0.0000000000e+00   0.0000000000e+00   3.8338170109e-01
   9.4976031461e+02   1.1638816431e-01   0.0000000000e+00   5.0047937079e-01   0.0000000000e+00   0.0000000000e+00   3.8313246490e-01
   9.4976031461e+02   1.1638816431e-01   0.0000000000e+00   5.0047937079e-01   0.0000000000e+00   0.0000000000e+00   3.8313246490e-01
   9.4992608432e+02   1.1646541290e-01   0.0000000000e+00   5.0014783136e-01   0.0000000000e+00   0.0000000000e+00   3.8338675573e-01
   9.4992608432e+02   1.1646541290e-01   0.0000000000e+00   5.0014783136e-01   0.0000000000e+00   0.0000000000e+00   3.8338675573e-01
   9.4976031461e+02   1.1638816431e-01   0.0000000000e+00   5.0047937079e-01   0.0000000000e+00   0.0000000000e+00   3.8313246490e-01
   9.4976031461e+02   1.1638816431e-01   0.0000000000e+00   5.0047937079e-01   0.0000000000e+00   0.0000000000e+00   3.8313246490e-01
   9.4992608432e+02   1.1646541290e-01   0.0000000000e+00   5.0014783136e-01   0.0000000000e+00   0.0000000000e+00   3.8338675573e-01
   9.4992608432e+02   1.1646541290e-01   0.0000000000e+00   5.0014783136e-01   0.0000000000e+00   0.0000000000e+00   3.8338675573e-01
   9.5020795413e+02   1.1659676408e-01   0.0000000000e+00   4.9958409174e-01   0.0000000000e+00   0.0000000000e+00   3.8381914418e-01
   9.5020795413e+02   1.1659676408e-01   0.0000000000e+00   4.9958409174e-01   0.0000000000e+00   0.0000000000e+00   3.8381914418e-01
   9.5020795413e+02   1.1659676408e-01   0.0000000000e+00   4.9958409174e-01   0.0000000000e+00   0.0000000000e+00   3.8381914418e-01
   9.5020795413e+02   1.1659676408e-01   0.0000000000e+00   4.9958409174e-01   0.0000000000e+00   0.0000000000e+00   3.8381914418e-01
   9.5004930150e+02   1.1652283204e-01   0.0000000000e+00   4.9990139700e-01   0.0000000000e+00   0.0000000000e+00   3.8357577096e-01
   9.5004930150e+02   1.1652283204e-01   0.0000000000e+00   4.9990139700e-01   0.0000000000e+00   0.0000000000e+00   3.8357577096e-01
   9.5004930150e+02   1.1652283204e-01   0.0000000000e+00   4.9990139700e-01   0.0000000000e+00   0.0000000000e+00   3.8357577096e-01
   9.5004930150e+02   1.1652283204e-01   0.0000000000e+00   4.9990139700e-01   0.0000000000e+00   0.0000000000e+00   3.8357577096e-01
   9.5009234528e+02   1.1654289042e-01   0.0000000000e+00   4.9981530943e-01   0.0000000000e+00   0.0000000000e+00   3.8364180015e-01
   9.5009234528e+02   1.1654289042e-01   0.0000000000e+00   4.9981530943e-01   0.0000000000e+00   0.0000000000e+00   3.8364180015e-01
   9.5009234528e+02   1.1654289042e-01   0.0000000000e+00   4.9981530943e-01   0.0000000000e+00   0.0000000000e+00   3.8364180015e-01
   9.5009234528e+02   1.1654289042e-01   0.0000000000e+00   4.9981530943e-01   0.0000000000e+00   0.0000000000e+00   3.8364180015e-01
   9.5007420402e+02   1.1653443660e-01   0.0000000000e+00   4.9985159197e-01   0.0000000000e+00   0.0000000000e+00   3.8361397143e-01
   9.5007420402e+02   1.1653443660e-01   0.0000000000e+00   4.9985159197e-01   0.0000000000e+00   0.0000000000e+00   3.8361397143e-01
   9.5007420402e+02   1.1653443660e-01   0.0000000000e+00   4.9985159197e-01   0.0000000000e+00   0.0000000000e+00   3.8361397143e-01
   9.5007420402e+02   1.1653443660e-01   0.0000000000e+00   4.9985159197e-01   0.0000000000e+00   0.0000000000e+00   3.8361397143e-01
   9.4950352583e+02   1.1626850089e-01   0.0000000000e+00   5.0099294833e-01   0.0000000000e+00   0.0000000000e+00   3.8273855078e-01
   9.4950352583e+02   1.1626850089e-01   0.0000000000e+00   5.0099294833e-01   0.0000000000e+00   0.0000000000e+00   3.8273855078e-01
   9.4950363913e+02   1.1626855369e-01   0.0000000000e+00   5.0099272175e-01   0.0000000000e+00   0.0000000000e+00   3.8273872457e-01
   9.4950363913e+02   1.1626855369e-01   0.0000000000e+00   5.0099272175e-01   0.0000000000e+00   0.0000000000e+00   3.8273872457e-01
   9.4950358248e+02   1.1626852729e-01   0.0000000000e+00   5.0099283504e-01   0.0000000000e+00   0.0000000000e+00   3.8273863767e-01
   9.4950358248e+02   1.1626852729e-01   0.0000000000e+00   5.0099283504e-01   0.0000000000e+00   0.0000000000e+00   3.8273863767e-01
   9.4950358248e+02   1.1626852729e-01   0.0000000000e+00   5.0099283504e-01   0.0000000000e+00   0.0000000000e+00   3.8273863767e-01
   9.4950358248e+02   1.1626852729e-01   0.0000000000e+00   5.0099283504e-01   0.0000000000e+00   0.0000000000e+00   3.8273863767e-01
   9.5040544891e+02   1.1668879653e-01   0.0000000000e+00   4.9918910217e-01   0.0000000000e+00   0.0000000000e+00   3.8412210129e-01
   9.5040544891e+02   1.1668879653e-01   0.0000000000e+00   4.9918910217e-01   0.0000000000e+00   0.0000000000e+00   3.8412210129e-01
   9.5025508586e+02   1.1661872743e-01   0.0000000000e+00   4.9948982829e-01   0.0000000000e+00   0.0000000000e+00   3.8389144428e-01
   9.5025508586e+02   1.1661872743e-01   0.0000000000e+00   4.9948982829e-01   0.0000000000e+00   0.0000000000e+00   3.8389144428e-01
   9.5025508586e+02   1.1661872743e-01   0.0000000000e+00   4.9948982829e-01   0.0000000000e+00   0.0000000000e+00   3.8389144428e-01
   9.5025508586e+02   1.1661872743e-01   0.0000000000e+00   4.9948982829e-01   0.0000000000e+00   0.0000000000e+00   3.8389144428e-01
   9.5070617503e+02   1.1682893473e-01   0.0000000000e+00   4.9858764994e-01   0.0000000000e+00   0.0000000000e+00   3.8458341533e-01
   9.5070617503e+02   1.1682893473e-01   0.0000000000e+00   4.9858764994e-01   0.0000000000e+00   0.0000000000e+00   3.8458341533e-01
   9.4950352583e+02   1.1626850089e-01   0.0000000000e+00   5.0099294833e-01   0.0000000000e+00   0.0000000000e+00   3.8273855078e-01
   9.4950352583e+02   1.1626850089e-01   0.0000000000e+00   5.0099294833e-01   0.0000000000e+00   0.0000000000e+00   3.8273855078e-01
   9.4950352583e+02   1.1626850089e-01   0.0000000000e+00   5.0099294833e-01   0.0000000000e+00   0.0000000000e+00   3.8273855078e-01
   9.4950352583e+02   1.1626850089e-01   0.0000000000e+00   5.0099294833e-01   0.0000000000e+00   0.0000000000e+00   3.8273855078e-01
   9.4950363913e+02   1.1626855369e-01   0.0000000000e+00   5.0099272175e-01   0.0000000000e+00   0.0000000000e+00   3.8273872457e-01
   9.4950363913e+02   1.1626855369e-01   0.0000000000e+00   5.0099272175e-01   0.0000000000e+00   0.0000000000e+00   3.8273872457e-01
   9.4950363913e+02   1.1626855369e-01   0.0000000000e+00   5.0099272175e-01   0.0000000000e+00   0.0000000000e+00   3.8273872457e-01
   9.4950363913e+02   1.1626855369e-01   0.0000000000e+00   5.0099272175e-01   0.0000000000e+00   0.0000000000e+00   3.8273872457e-01
   9.4982462223e+02   1.1641813163e-01   0.0000000000e+00   5.0035075554e-01   0.0000000000e+00   0.0000000000e+00   3.8323111283e-01
   9.4982462223e+02   1.1641813163e-01   0.0000000000e+00   5.0035075554e-01   0.0000000000e+00   0.0000000000e+00   3.8323111283e-01
   9.4982462223e+02   1.1641813163e-01   0.0000000000e+00   5.0035075554e-01   0.0000000000e+00   0.0000000000e+00   3.8323111283e-01
   9.4982462223e+02   1.1641813163e-01   0.0000000000e+00   5.0035075554e-01   0.0000000000e+00   0.0000000000e+00   3.8323111283e-01
   9.4982462223e+02   1.1641813163e-01   0.0000000000e+00   5.0035075554e-01   0.0000000000e+00   0.0000000000e+00   3.8323111283e-01
   9.4982462223e+02   1.1641813163e-01   0.0000000000e+00   5.0035075554e-01   0.0000000000e+00   0.0000000000e+00   3.8323111283e-01
   9.4982462223e+02   1.1641813163e-01   0.0000000000e+00   5.0035075554e-01   0.0000000000e+00   0.0000000000e+00   3.8323111283e-01
   9.4982462223e+02   1.1641813163e-01   0.0000000000e+00   5.0035075554e-01   0.0000000000e+00   0.0000000000e+00   3.8323111283e-01
   9.4951633106e+02   1.1627446812e-01   0.0000000000e+00   5.0096733788e-01   0.0000000000e+00   0.0000000000e+00   3.8275819400e-01
   9.4951633106e+02   1.1627446812e-01   0.0000000000e+00   5.0096733788e-01   0.0000000000e+00   0.0000000000e+00   3.8275819400e-01
   9.4951633106e+02   1.1627446812e-01   0.0000000000e+00   5.0096733788e-01   0.0000000000e+00   0.0000000000e+00   3.8275819400e-01
   9.4951633106e+02   1.1627446812e-01   0.0000000000e+00   5.0096733788e-01   0.0000000000e+00   0.0000000000e+00   3.8275819400e-01
   9.4951633106e+02   1.1627446812e-01   0.0000000000e+00   5.0096733788e-01   0.0000000000e+00   0.0000000000e+00   3.8275819400e-01
   9.4951633106e+02   1.1627446812e-01   0.0000000000e+00   5.0096733788e-01   0.0000000000e+00   0.0000000000e+00   3.8275819400e-01
   9.4951633106e+02   1.1627446812e-01   0.0000000000e+00   5.0096733788e-01   0.0000000000e+00   0.0000000000e+00   3.8275819400e-01
   9.4951633106e+02   1.1627446812e-01   0.0000000000e+00   5.0096733788e-01   0.0000000000e+00   0.0000000000e+00   3.8275819400e-01
   9.4994537556e+02   1.1647440261e-01   0.0000000000e+00   5.0010924887e-01   0.0000000000e+00   0.0000000000e+00   3.8341634851e-01
   9.4994537556e+02   1.1647440261e-01   0.0000000000e+00   5.0010924887e-01   0.0000000000e+00   0.0000000000e+00   3.8341634851e-01
   9.4964093194e+02   1.1633253206e-01   0.0000000000e+00   5.0071813611e-01   0.0000000000e+00   0.0000000000e+00   3.8294933183e-01
   9.4964093194e+02   1.1633253206e-01   0.0000000000e+00   5.0071813611e-01   0.0000000000e+00   0.0000000000e+00   3.8294933183e-01
   9.4979315375e+02   1.1640346734e-01   0.0000000000e+00   5.0041369249e-01   0.0000000000e+00   0.0000000000e+00   3.8318284017e-01
   9.4979315375e+02   1.1640346734e-01   0.0000000000e+00   5.0041369249e-01   0.0000000000e+00   0.0000000000e+00   3.8318284017e-01
   9.4979315375e+02   1.1640346734e-01   0.0000000000e+00   5.0041369249e-01   0.0000000000e+00   0.0000000000e+00   3.8318284017e-01
   9.4979315375e+02   1.1640346734e-01   0.0000000000e+00   5.0041369249e-01   0.0000000000e+00   0.0000000000e+00   3.8318284017e-01
   9.5006997645e+02   1.1653246655e-01   0.0000000000e+00   4.9986004711e-01   0.0000000000e+00   0.0000000000e+00   3.8360748634e-01
   9.5006997645e+02   1.1653246655e-01   0.0000000000e+00   4.9986004711e-01   0.0000000000e+00   0.0000000000e+00   3.8360748634e-01
   9.5006997645e+02   1.1653246655e-01   0.0000000000e+00   4.9986004711e-01   0.0000000000e+00   0.0000000000e+00   3.8360748634e-01
   9.5006997645e+02   1.1653246655e-01   0.0000000000e+00   4.9986004711e-01   0.0000000000e+00   0.0000000000e+00   3.8360748634e-01
   9.5006997645e+02   1.1653246655e-01   0.0000000000e+00   4.9986004711e-01   0.0000000000e+00   0.0000000000e+00   3.8360748634e-01
   9.5006997645e+02   1.1653246655e-01   0.0000000000e+00   4.9986004711e-01   0.0000000000e+00   0.0000000000e+00   3.8360748634e-01
   9.5006997645e+02   1.1653246655e-01   0.0000000000e+00   4.9986004711e-01   0.0000000000e+00   0.0000000000e+00   3.8360748634e-01
   9.5006997645e+02   1.1653246655e-01   0.0000000000e+00   4.9986004711e-01   0.0000000000e+00   0.0000000000e+00   3.8360748634e-01
   9.4979315375e+02   1.1640346734e-01   0.0000000000e+00   5.0041369249e-01   0.0000000000e+00   0.0000000000e+00   3.8318284017e-01
   9.4979315375e+02   1.1640346734e-01   0.0000000000e+00   5.0041369249e-01   0.0000000000e+00   0.0000000000e+00   3.8318284017e-01
   9.4979315375e+02   1.1640346734e-01   0.0000000000e+00   5.0041369249e-01   0.0000000000e+00   0.0000000000e+00   3.8318284017e-01
   9.4979315375e+02   1.1640346734e-01   0.0000000000e+00   5.0041369249e-01   0.0000000000e+00   0.0000000000e+00   3.8318284017e-01
   9.4979315375e+02   1.1640346734e-01   0.0000000000e+00   5.0041369249e-01   0.0000000000e+00   0.0000000000e+00   3.8318284017e-01
   9.4979315375e+02   1.1640346734e-01   0.0000000000e+00   5.0041369249e-01   0.0000000000e+00   0.0000000000e+00   3.8318284017e-01
   9.4979315375e+02   1.1640346734e-01   0.0000000000e+00   5.0041369249e-01   0.0000000000e+00   0.0000000000e+00   3.8318284017e-01
   9.4979315375e+02   1.1640346734e-01   0.0000000000e+00   5.0041369249e-01   0.0000000000e+00   0.0000000000e+00   3.8318284017e-01
   9.5010018347e+02   1.1654654301e-01   0.0000000000e+00   4.9979963307e-01   0.0000000000e+00   0.0000000000e+00   3.8365382392e-01
   9.5010018347e+02   1.1654654301e-01   0.0000000000e+00   4.9979963307e-01   0.0000000000e+00   0.0000000000e+00   3.8365382392e-01
   9.5025031351e+02   1.1661650352e-01   0.0000000000e+00   4.9949937297e-01   0.0000000000e+00   0.0000000000e+00   3.8388412350e-01
   9.5025031351e+02   1.1661650352e-01   0.0000000000e+00   4.9949937297e-01   0.0000000000e+00   0.0000000000e+00   3.8388412350e-01
   9.5010018347e+02   1.1654654301e-01   0.0000000000e+00   4.9979963307e-01   0.0000000000e+00   0.0000000000e+00   3.8365382392e-01
   9.5010018347e+02   1.1654654301e-01   0.0000000000e+00   4.9979963307e-01   0.0000000000e+00   0.0000000000e+00   3.8365382392e-01
   9.5025031351e+02   1.1661650352e-01   0.0000000000e+00   4.9949937297e-01   0.0000000000e+00   0.0000000000e+00   3.8388412350e-01
   9.5025031351e+02   1.1661650352e-01   0.0000000000e+00   4.9949937297e-01   0.0000000000e+00   0.0000000000e+00   3.8388412350e-01
   9.5010840605e+02   1.1655037473e-01   0.0000000000e+00   4.9978318790e-01   0.0000000000e+00   0.0000000000e+00   3.8366643737e-01
   9.5010840605e+02   1.1655037473e-01   0.0000000000e+00   4.9978318790e-01   0.0000000000e+00   0.0000000000e+00   3.8366643737e-01
   9.5010840605e+02   1.1655037473e-01   0.0000000000e+00   4.9978318790e-01   0.0000000000e+00   0.0000000000e+00   3.8366643737e-01
   9.5010840605e+02   1.1655037473e-01   0.0000000000e+00   4.9978318790e-01   0.0000000000e+00   0.0000000000e+00   3.8366643737e-01
   9.5012639367e+02   1.1655875695e-01   0.0000000000e+00   4.9974721266e-01   0.0000000000e+00   0.0000000000e+00   3.8369403039e-01
   9.5012639367e+02   1.1655875695e-01   0.0000000000e+00   4.9974721266e-01   0.0000000000e+00   0.0000000000e+00   3.8369403039e-01
   9.5012639367e+02   1.1655875695e-01   0.0000000000e+00   4.9974721266e-01   0.0000000000e+00   0.0000000000e+00   3.8369403039e-01
   9.5012639367e+02   1.1655875695e-01   0.0000000000e+00   4.9974721266e-01   0.0000000000e+00   0.0000000000e+00   3.8369403039e-01
   9.5011739986e+02   1.1655456584e-01   0.0000000000e+00   4.9976520028e-01   0.0000000000e+00   0.0000000000e+00   3.8368023388e-01
   9.5011739986e+02   1.1655456584e-01   0.0000000000e+00   4.9976520028e-01   0.0000000000e+00   0.0000000000e+00   3.8368023388e-01
   9.5011739986e+02   1.1655456584e-01   0.0000000000e+00   4.9976520028e-01   0.0000000000e+00   0.0000000000e+00   3.8368023388e-01
   9.5011739986e+02   1.1655456584e-01   0.0000000000e+00   4.9976520028e-01   0.0000000000e+00   0.0000000000e+00   3.8368023388e-01
   9.5008490113e+02   1.1653942145e-01   0.0000000000e+00   4.9983019774e-01   0.0000000000e+00   0.0000000000e+00   3.8363038081e-01
   9.5008490113e+02   1.1653942145e-01   0.0000000000e+00   4.9983019774e-01   0.0000000000e+00   0.0000000000e+00   3.8363038081e-01
   9.5008490113e+02   1.1653942145e-01   0.0000000000e+00   4.9983019774e-01   0.0000000000e+00   0.0000000000e+00   3.8363038081e-01
   9.5008490113e+02   1.1653942145e-01   0.0000000000e+00   4.9983019774e-01   0.0000000000e+00   0.0000000000e+00   3.8363038081e-01
   9.4990420642e+02   1.1645521781e-01   0.0000000000e+00   5.0019158717e-01   0.0000000000e+00   0.0000000000e+00   3.8335319502e-01
   9.4990420642e+02   1.1645521781e-01   0.0000000000e+00   5.0019158717e-01   0.0000000000e+00   0.0000000000e+00   3.8335319502e-01
   9.4990420642e+02   1.1645521781e-01   0.0000000000e+00   5.0019158717e-01   0.0000000000e+00   0.0000000000e+00   3.8335319502e-01
   9.4990420642e+02   1.1645521781e-01   0.0000000000e+00   5.0019158717e-01   0.0000000000e+00   0.0000000000e+00   3.8335319502e-01
   9.5011739986e+02   1.1655456584e-01   0.0000000000e+00   4.9976520028e-01   0.0000000000e+00   0.0000000000e+00   3.8368023388e-01
   9.5011739986e+02   1.1655456584e-01   0.0000000000e+00   4.9976520028e-01   0.0000000000e+00   0.0000000000e+00   3.8368023388e-01
   9.5011739986e+02   1.1655456584e-01   0.0000000000e+00   4.9976520028e-01   0.0000000000e+00   0.0000000000e+00   3.8368023388e-01
   9.5011739986e+02   1.1655456584e-01   0.0000000000e+00   4.9976520028e-01   0.0000000000e+00   0.0000000000e+00   3.8368023388e-01
   9.4984924636e+02   1.1642960646e-01   0.0000000000e+00   5.0030150729e-01   0.0000000000e+00   0.0000000000e+00   3.8326888625e-01
   9.4984924636e+02   1.1642960646e-01   0.0000000000e+00   5.0030150729e-01   0.0000000000e+00   0.0000000000e+00   3.8326888625e-01
   9.4984924636e+02   1.1642960646e-01   0.0000000000e+00   5.0030150729e-01   0.0000000000e+00   0.0000000000e+00   3.8326888625e-01
   9.4984924636e+02   1.1642960646e-01   0.0000000000e+00   5.0030150729e-01   0.0000000000e+00   0.0000000000e+00   3.8326888625e-01
   9.5019978084e+02   1.1659295533e-01   0.0000000000e+00   4.9960043832e-01   0.0000000000e+00   0.0000000000e+00   3.8380660635e-01
   9.5019978084e+02   1.1659295533e-01   0.0000000000e+00   4.9960043832e-01   0.0000000000e+00   0.0000000000e+00   3.8380660635e-01
   9.4950480013e+02   1.1626909471e-01   0.0000000000e+00   5.0099039974e-01   0.0000000000e+00   0.0000000000e+00   3.8274050555e-01
   9.4950480013e+02   1.1626909471e-01   0.0000000000e+00   5.0099039974e-01   0.0000000000e+00   0.0000000000e+00   3.8274050555e-01
   9.4986250016e+02   1.1643578272e-01   0.0000000000e+00   5.0027499967e-01   0.0000000000e+00   0.0000000000e+00   3.8328921760e-01
   9.4986250016e+02   1.1643578272e-01   0.0000000000e+00   5.0027499967e-01   0.0000000000e+00   0.0000000000e+00   3.8328921760e-01
   9.4986250016e+02   1.1643578272e-01   0.0000000000e+00   5.0027499967e-01   0.0000000000e+00   0.0000000000e+00   3.8328921760e-01
   9.4986250016e+02   1.1643578272e-01   0.0000000000e+00   5.0027499967e-01   0.0000000000e+00   0.0000000000e+00   3.8328921760e-01
   9.4986250016e+02   1.1643578272e-01   0.0000000000e+00   5.0027499967e-01   0.0000000000e+00   0.0000000000e+00   3.8328921760e-01
   9.4986250016e+02   1.1643578272e-01   0.0000000000e+00   5.0027499967e-01   0.0000000000e+00   0.0000000000e+00   3.8328921760e-01
   9.4986250016e+02   1.1643578272e-01   0.0000000000e+00   5.0027499967e-01   0.0000000000e+00   0.0000000000e+00   3.8328921760e-01
   9.4986250016e+02   1.1643578272e-01   0.0000000000e+00   5.0027499967e-01   0.0000000000e+00   0.0000000000e+00   3.8328921760e-01
   9.5026897507e+02   1.1662519980e-01   0.0000000000e+00   4.9946204986e-01   0.0000000000e+00   0.0000000000e+00   3.8391275034e-01
   9.5026897507e+02   1.1662519980e-01   0.0000000000e+00   4.9946204986e-01   0.0000000000e+00   0.0000000000e+00   3.8391275034e-01
   9.5026897507e+02   1.1662519980e-01   0.0000000000e+00   4.9946204986e-01   0.0000000000e+00   0.0000000000e+00   3.8391275034e-01
   9.5026897507e+02   1.1662519980e-01   0.0000000000e+00   4.9946204986e-01   0.0000000000e+00   0.0000000000e+00   3.8391275034e-01
   9.5026897507e+02   1.1662519980e-01   0.0000000000e+00   4.9946204986e-01   0.0000000000e+00   0.0000000000e+00   3.8391275034e-01
   9.5026897507e+02   1.1662519980e-01   0.0000000000e+00   4.9946204986e-01   0.0000000000e+00   0.0000000000e+00   3.8391275034e-01
   9.5026897507e+02   1.1662519980e-01   0.0000000000e+00   4.9946204986e-01   0.0000000000e+00   0.0000000000e+00   3.8391275034e-01
   9.5026897507e+02   1.1662519980e-01   0.0000000000e+00   4.9946204986e-01   0.0000000000e+00   0.0000000000e+00   3.8391275034e-01
   9.5022714569e+02   1.1660570733e-01   0.0000000000e+00   4.9954570862e-01   0.0000000000e+00   0.0000000000e+00   3.8384858405e-01
   9.5022714569e+02   1.1660570733e-01   0.0000000000e+00   4.9954570862e-01   0.0000000000e+00   0.0000000000e+00   3.8384858405e-01
   9.5022691335e+02   1.1660559906e-01   0.0000000000e+00   4.9954617330e-01   0.0000000000e+00   0.0000000000e+00   3.8384822764e-01
   9.5022691335e+02   1.1660559906e-01   0.0000000000e+00   4.9954617330e-01   0.0000000000e+00   0.0000000000e+00   3.8384822764e-01
   9.5022679718e+02   1.1660554493e-01   0.0000000000e+00   4.9954640564e-01   0.0000000000e+00   0.0000000000e+00   3.8384804943e-01
   9.5022679718e+02   1.1660554493e-01   0.0000000000e+00   4.9954640564e-01   0.0000000000e+00   0.0000000000e+00   3.8384804943e-01
   9.5022679718e+02   1.1660554493e-01   0.0000000000e+00   4.9954640564e-01   0.0000000000e+00   0.0000000000e+00   3.8384804943e-01
   9.5022679718e+02   1.1660554493e-01   0.0000000000e+00   4.9954640564e-01   0.0000000000e+00   0.0000000000e+00   3.8384804943e-01
   9.4999462333e+02   1.1649735204e-01   0.0000000000e+00   5.0001075334e-01   0.0000000000e+00   0.0000000000e+00   3.8349189461e-01
   9.4999462333e+02   1.1649735204e-01   0.0000000000e+00   5.0001075334e-01   0.0000000000e+00   0.0000000000e+00   3.8349189461e-01
   9.4999462333e+02   1.1649735204e-01   0.0000000000e+00   5.0001075334e-01   0.0000000000e+00   0.0000000000e+00   3.8349189461e-01
   9.4999462333e+02   1.1649735204e-01   0.0000000000e+00   5.0001075334e-01   0.0000000000e+00   0.0000000000e+00   3.8349189461e-01
   9.4999462333e+02   1.1649735204e-01   0.0000000000e+00   5.0001075334e-01   0.0000000000e+00   0.0000000000e+00   3.8349189461e-01
   9.4999462333e+02   1.1649735204e-01   0.0000000000e+00   5.0001075334e-01   0.0000000000e+00   0.0000000000e+00   3.8349189461e-01
   9.4999462333e+02   1.1649735204e-01   0.0000000000e+00   5.0001075334e-01   0.0000000000e+00   0.0000000000e+00   3.8349189461e-01
   9.4999462333e+02   1.1649735204e-01   0.0000000000e+00   5.0001075334e-01   0.0000000000e+00   0.0000000000e+00   3.8349189461e-01
   9.5041138532e+02   1.1669156290e-01   0.0000000000e+00   4.9917722935e-01   0.0000000000e+00   0.0000000000e+00   3.8413120775e-01
   9.5041138532e+02   1.1669156290e-01   0.0000000000e+00   4.9917722935e-01   0.0000000000e+00   0.0000000000e+00   3.8413120775e-01
   9.5008194015e+02   1.1653804163e-01   0.0000000000e+00   4.9983611971e-01   0.0000000000e+00   0.0000000000e+00   3.8362583866e-01
   9.5008194015e+02   1.1653804163e-01   0.0000000000e+00   4.9983611971e-01   0.0000000000e+00   0.0000000000e+00   3.8362583866e-01
   9.5008194015e+02   1.1653804163e-01   0.0000000000e+00   4.9983611971e-01   0.0000000000e+00   0.0000000000e+00   3.8362583866e-01
   9.5008194015e+02   1.1653804163e-01   0.0000000000e+00   4.9983611971e-01   0.0000000000e+00   0.0000000000e+00   3.8362583866e-01
   9.5041138532e+02   1.1669156290e-01   0.0000000000e+00   4.9917722935e-01   0.0000000000e+00   0.0000000000e+00   3.8413120775e-01
   9.5041138532e+02   1.1669156290e-01   0.0000000000e+00   4.9917722935e-01   0.0000000000e+00   0.0000000000e+00   3.8413120775e-01
   9.5014551582e+02   1.1656766786e-01   0.0000000000e+00   4.9970896836e-01   0.0000000000e+00   0.0000000000e+00   3.8372336378e-01
   9.5014551582e+02   1.1656766786e-01   0.0000000000e+00   4.9970896836e-01   0.0000000000e+00   0.0000000000e+00   3.8372336378e-01
   9.5021959137e+02   1.1660218702e-01   0.0000000000e+00   4.9956081726e-01   0.0000000000e+00   0.0000000000e+00   3.8383699572e-01
   9.5021959137e+02   1.1660218702e-01   0.0000000000e+00   4.9956081726e-01   0.0000000000e+00   0.0000000000e+00   3.8383699572e-01
   9.5021959137e+02   1.1660218702e-01   0.0000000000e+00   4.9956081726e-01   0.0000000000e+00   0.0000000000e+00   3.8383699572e-01
   9.5021959137e+02   1.1660218702e-01   0.0000000000e+00   4.9956081726e-01   0.0000000000e+00   0.0000000000e+00   3.8383699572e-01
   9.5014551582e+02   1.1656766786e-01   0.0000000000e+00   4.9970896836e-01   0.0000000000e+00   0.0000000000e+00   3.8372336378e-01
   9.5014551582e+02   1.1656766786e-01   0.0000000000e+00   4.9970896836e-01   0.0000000000e+00   0.0000000000e+00   3.8372336378e-01
   9.4950297365e+02   1.1626824358e-01   0.0000000000e+00   5.0099405269e-01   0.0000000000e+00   0.0000000000e+00   3.8273770373e-01
   9.4950297365e+02   1.1626824358e-01   0.0000000000e+00   5.0099405269e-01   0.0000000000e+00   0.0000000000e+00   3.8273770373e-01
   9.4950297365e+02   1.1626824358e-01   0.0000000000e+00   5.0099405269e-01   0.0000000000e+00   0.0000000000e+00   3.8273770373e-01
   9.4950297365e+02   1.1626824358e-01   0.0000000000e+00   5.0099405269e-01   0.0000000000e+00   0.0000000000e+00   3.8273770373e-01
   9.4950480013e+02   1.1626909471e-01   0.0000000000e+00   5.0099039974e-01   0.0000000000e+00   0.0000000000e+00   3.8274050555e-01
   9.4950480013e+02   1.1626909471e-01   0.0000000000e+00   5.0099039974e-01   0.0000000000e+00   0.0000000000e+00   3.8274050555e-01
   9.4950358248e+02   1.1626852729e-01   0.0000000000e+00   5.0099283504e-01   0.0000000000e+00   0.0000000000e+00   3.8273863767e-01
   9.4950358248e+02   1.1626852729e-01   0.0000000000e+00   5.0099283504e-01   0.0000000000e+00   0.0000000000e+00   3.8273863767e-01
   9.5022055589e+02   1.1660263649e-01   0.0000000000e+00   4.9955888822e-01   0.0000000000e+00   0.0000000000e+00   3.8383847529e-01
   9.5022055589e+02   1.1660263649e-01   0.0000000000e+00   4.9955888822e-01   0.0000000000e+00   0.0000000000e+00   3.8383847529e-01
   9.5023864369e+02   1.1661106539e-01   0.0000000000e+00   4.9952271261e-01   0.0000000000e+00   0.0000000000e+00   3.8386622199e-01
   9.5023864369e+02   1.1661106539e-01   0.0000000000e+00   4.9952271261e-01   0.0000000000e+00   0.0000000000e+00   3.8386622199e-01
   9.5030145950e+02   1.1664033753e-01   0.0000000000e+00   4.9939708100e-01   0.0000000000e+00   0.0000000000e+00   3.8396258148e-01
   9.5030145950e+02   1.1664033753e-01   0.0000000000e+00   4.9939708100e-01   0.0000000000e+00   0.0000000000e+00   3.8396258148e-01
   9.5030145950e+02   1.1664033753e-01   0.0000000000e+00   4.9939708100e-01   0.0000000000e+00   0.0000000000e+00   3.8396258148e-01
   9.5030145950e+02   1.1664033753e-01   0.0000000000e+00   4.9939708100e-01   0.0000000000e+00   0.0000000000e+00   3.8396258148e-01
   9.5022055589e+02   1.1660263649e-01   0.0000000000e+00   4.9955888822e-01   0.0000000000e+00   0.0000000000e+00   3.8383847529e-01
   9.5022055589e+02   1.1660263649e-01   0.0000000000e+00   4.9955888822e-01   0.0000000000e+00   0.0000000000e+00   3.8383847529e-01
   9.5002257305e+02   1.1651037660e-01   0.0000000000e+00   4.9995485389e-01   0.0000000000e+00   0.0000000000e+00   3.8353476951e-01
   9.5002257305e+02   1.1651037660e-01   0.0000000000e+00   4.9995485389e-01   0.0000000000e+00   0.0000000000e+00   3.8353476951e-01
   9.5022959979e+02   1.1660685094e-01   0.0000000000e+00   4.9954080042e-01   0.0000000000e+00   0.0000000000e+00   3.8385234864e-01
   9.5022959979e+02   1.1660685094e-01   0.0000000000e+00   4.9954080042e-01   0.0000000000e+00   0.0000000000e+00   3.8385234864e-01
   9.5022959979e+02   1.1660685094e-01   0.0000000000e+00   4.9954080042e-01   0.0000000000e+00   0.0000000000e+00   3.8385234864e-01
   9.5022959979e+02   1.1660685094e-01   0.0000000000e+00   4.9954080042e-01   0.0000000000e+00   0.0000000000e+00   3.8385234864e-01
   9.4990543769e+02   1.1645579159e-01   0.0000000000e+00   5.0018912463e-01   0.0000000000e+00   0.0000000000e+00   3.8335508379e-01
   9.4990543769e+02   1.1645579159e-01   0.0000000000e+00   5.0018912463e-01   0.0000000000e+00   0.0000000000e+00   3.8335508379e-01
   9.4986134085e+02   1.1643524249e-01   0.0000000000e+00   5.0027731830e-01   0.0000000000e+00   0.0000000000e+00   3.8328743922e-01
   9.4986134085e+02   1.1643524249e-01   0.0000000000e+00   5.0027731830e-01   0.0000000000e+00   0.0000000000e+00   3.8328743922e-01
   9.4986134085e+02   1.1643524249e-01   0.0000000000e+00   5.0027731830e-01   0.0000000000e+00   0.0000000000e+00   3.8328743922e-01
   9.4986134085e+02   1.1643524249e-01   0.0000000000e+00   5.0027731830e-01   0.0000000000e+00   0.0000000000e+00   3.8328743922e-01
   9.4990543769e+02   1.1645579159e-01   0.0000000000e+00   5.0018912463e-01   0.0000000000e+00   0.0000000000e+00   3.8335508379e-01
   9.4990543769e+02   1.1645579159e-01   0.0000000000e+00   5.0018912463e-01   0.0000000000e+00   0.0000000000e+00   3.8335508379e-01
   9.5060802531e+02   1.1678319702e-01   0.0000000000e+00   4.9878394939e-01   0.0000000000e+00   0.0000000000e+00   3.8443285360e-01
   9.5060802531e+02   1.1678319702e-01   0.0000000000e+00   4.9878394939e-01   0.0000000000e+00   0.0000000000e+00   3.8443285360e-01
   9.5060802531e+02   1.1678319702e-01   0.0000000000e+00   4.9878394939e-01   0.0000000000e+00   0.0000000000e+00   3.8443285360e-01
   9.5060802531e+02   1.1678319702e-01   0.0000000000e+00   4.9878394939e-01   0.0000000000e+00   0.0000000000e+00   3.8443285360e-01
   9.4986134085e+02   1.1643524249e-01   0.0000000000e+00   5.0027731830e-01   0.0000000000e+00   0.0000000000e+00   3.8328743922e-01
   9.4986134085e+02   1.1643524249e-01   0.0000000000e+00   5.0027731830e-01   0.0000000000e+00   0.0000000000e+00   3.8328743922e-01
   9.4986134085e+02   1.1643524249e-01   0.0000000000e+00   5.0027731830e-01   0.0000000000e+00   0.0000000000e+00   3.8328743922e-01
   9.4986134085e+02   1.1643524249e-01   0.0000000000e+00   5.0027731830e-01   0.0000000000e+00   0.0000000000e+00   3.8328743922e-01
   9.5034455495e+02   1.1666041998e-01   0.0000000000e+00   4.9931089010e-01   0.0000000000e+00   0.0000000000e+00   3.8402868992e-01
   9.5034455495e+02   1.1666041998e-01   0.0000000000e+00   4.9931089010e-01   0.0000000000e+00   0.0000000000e+00   3.8402868992e-01
   9.5009642340e+02   1.1654479082e-01   0.0000000000e+00   4.9980715320e-01   0.0000000000e+00   0.0000000000e+00   3.8364805598e-01
   9.5009642340e+02   1.1654479082e-01   0.0000000000e+00   4.9980715320e-01   0.0000000000e+00   0.0000000000e+00   3.8364805598e-01
   9.4984829185e+02   1.1642916166e-01   0.0000000000e+00   5.0030341630e-01   0.0000000000e+00   0.0000000000e+00   3.8326742204e-01
   9.4984829185e+02   1.1642916166e-01   0.0000000000e+00   5.0030341630e-01   0.0000000000e+00   0.0000000000e+00   3.8326742204e-01
   9.5009642340e+02   1.1654479082e-01   0.0000000000e+00   4.9980715320e-01   0.0000000000e+00   0.0000000000e+00   3.8364805598e-01
   9.5009642340e+02   1.1654479082e-01   0.0000000000e+00   4.9980715320e-01   0.0000000000e+00   0.0000000000e+00   3.8364805598e-01
   9.4983295304e+02   1.1642201378e-01   0.0000000000e+00   5.0033409392e-01   0.0000000000e+00   0.0000000000e+00   3.8324389230e-01
   9.4983295304e+02   1.1642201378e-01   0.0000000000e+00   5.0033409392e-01   0.0000000000e+00   0.0000000000e+00   3.8324389230e-01
   9.4983295304e+02   1.1642201378e-01   0.0000000000e+00   5.0033409392e-01   0.0000000000e+00   0.0000000000e+00   3.8324389230e-01
   9.4983295304e+02   1.1642201378e-01   0.0000000000e+00   5.0033409392e-01   0.0000000000e+00   0.0000000000e+00   3.8324389230e-01
   9.4983295304e+02   1.1642201378e-01   0.0000000000e+00   5.0033409392e-01   0.0000000000e+00   0.0000000000e+00   3.8324389230e-01
   9.4983295304e+02   1.1642201378e-01   0.0000000000e+00   5.0033409392e-01   0.0000000000e+00   0.0000000000e+00   3.8324389230e-01
   9.4983295304e+02   1.1642201378e-01   0.0000000000e+00   5.0033409392e-01   0.0000000000e+00   0.0000000000e+00   3.8324389230e-01
   9.4983295304e+02   1.1642201378e-01   0.0000000000e+00   5.0033409392e-01   0.0000000000e+00   0.0000000000e+00   3.8324389230e-01
   9.5013529264e+02   1.1656290386e-01   0.0000000000e+00   4.9972941471e-01   0.0000000000e+00   0.0000000000e+00   3.8370768142e-01
   9.5013529264e+02   1.1656290386e-01   0.0000000000e+00   4.9972941471e-01   0.0000000000e+00   0.0000000000e+00   3.8370768142e-01
   9.5013529264e+02   1.1656290386e-01   0.0000000000e+00   4.9972941471e-01   0.0000000000e+00   0.0000000000e+00   3.8370768142e-01
   9.5013529264e+02   1.1656290386e-01   0.0000000000e+00   4.9972941471e-01   0.0000000000e+00   0.0000000000e+00   3.8370768142e-01
   9.5033270044e+02   1.1665489578e-01   0.0000000000e+00   4.9933459912e-01   0.0000000000e+00   0.0000000000e+00   3.8401050509e-01
   9.5033270044e+02   1.1665489578e-01   0.0000000000e+00   4.9933459912e-01   0.0000000000e+00   0.0000000000e+00   3.8401050509e-01
   9.5033270044e+02   1.1665489578e-01   0.0000000000e+00   4.9933459912e-01   0.0000000000e+00   0.0000000000e+00   3.8401050509e-01
   9.5033270044e+02   1.1665489578e-01   0.0000000000e+00   4.9933459912e-01   0.0000000000e+00   0.0000000000e+00   3.8401050509e-01
   9.5032092406e+02   1.1664940800e-01   0.0000000000e+00   4.9935815189e-01   0.0000000000e+00   0.0000000000e+00   3.8399244012e-01
   9.5032092406e+02   1.1664940800e-01   0.0000000000e+00   4.9935815189e-01   0.0000000000e+00   0.0000000000e+00   3.8399244012e-01
   9.5032092406e+02   1.1664940800e-01   0.0000000000e+00   4.9935815189e-01   0.0000000000e+00   0.0000000000e+00   3.8399244012e-01
   9.5032092406e+02   1.1664940800e-01   0.0000000000e+00   4.9935815189e-01   0.0000000000e+00   0.0000000000e+00   3.8399244012e-01
   9.5054188462e+02   1.1675237549e-01   0.0000000000e+00   4.9891623077e-01   0.0000000000e+00   0.0000000000e+00   3.8433139374e-01
   9.5054188462e+02   1.1675237549e-01   0.0000000000e+00   4.9891623077e-01   0.0000000000e+00   0.0000000000e+00   3.8433139374e-01
   9.5054188462e+02   1.1675237549e-01   0.0000000000e+00   4.9891623077e-01   0.0000000000e+00   0.0000000000e+00   3.8433139374e-01
   9.5054188462e+02   1.1675237549e-01   0.0000000000e+00   4.9891623077e-01   0.0000000000e+00   0.0000000000e+00   3.8433139374e-01