# time = 62.1982
# Grid Poins = 256    variable_0    variable_1    variable_2    variable_3    variable_4    variable_5    variable_6
   9.4998236762e+02   1.1649164089e-01   0.0000000000e+00   5.0003526476e-01   0.0000000000e+00   0.0000000000e+00   3.8347309435e-01
   9.4998236762e+02   1.1649164089e-01   0.0000000000e+00   5.0003526476e-01   0.0000000000e+00   0.0000000000e+00   3.8347309435e-01
   9.4998236762e+02   1.1649164089e-01   0.0000000000e+00   5.0003526476e-01   0.0000000000e+00   0.0000000000e+00   3.8347309435e-01
   9.4998236762e+02   1.1649164089e-01   0.0000000000e+00   5.0003526476e-01   0.0000000000e+00   0.0000000000e+00   3.8347309435e-01
   9.4997873935e+02   1.1648995012e-01   0.0000000000e+00   5.0004252129e-01   0.0000000000e+00   0.0000000000e+00   3.8346752859e-01
   9.4997873935e+02   1.1648995012e-01   0.0000000000e+00   5.0004252129e-01   0.0000000000e+00   0.0000000000e+00   3.8346752859e-01
   9.4997873935e+02   1.1648995012e-01   0.0000000000e+00   5.0004252129e-01   0.0000000000e+00   0.0000000000e+00   3.8346752859e-01
   9.4997873935e+02   1.1648995012e-01   0.0000000000e+00   5.0004252129e-01   0.0000000000e+00   0.0000000000e+00   3.8346752859e-01
   9.4997873935e+02   1.1648995012e-01   0.0000000000e+00   5.0004252129e-01   0.0000000000e+00   0.0000000000e+00   3.8346752859e-01
   9.4997873935e+02   1.1648995012e-01   0.0000000000e+00   5.0004252129e-01   0.0000000000e+00   0.0000000000e+00   3.8346752859e-01
   9.4997873935e+02   1.1648995012e-01   0.0000000000e+00   5.0004252129e-01   0.0000000000e+00   0.0000000000e+00   3.8346752859e-01
   9.4997873935e+02   1.1648995012e-01   0.0000000000e+00   5.0004252129e-01   0.0000000000e+00   0.0000000000e+00   3.8346752859e-01
   9.4997932921e+02   1.1649022499e-01   0.0000000000e+00   5.0004134158e-01   0.0000000000e+00   0.0000000000e+00   3.8346843343e-01
   9.4997932921e+02   1.1649022499e-01   0.0000000000e+00   5.0004134158e-01   0.0000000000e+00   0.0000000000e+00   3.8346843343e-01
   9.4997932921e+02   1.1649022499e-01   0.0000000000e+00   5.0004134158e-01   0.0000000000e+00   0.0000000000e+00   3.8346843343e-01
   9.4997932921e+02   1.1649022499e-01   0.0000000000e+00   5.0004134158e-01   0.0000000000e+00   0.0000000000e+00   3.8346843343e-01
   9.4998388682e+02   1.1649234884e-01   0.0000000000e+00   5.0003222636e-01   0.0000000000e+00   0.0000000000e+00   3.8347542481e-01
   9.4998388682e+02   1.1649234884e-01   0.0000000000e+00   5.0003222636e-01   0.0000000000e+00   0.0000000000e+00   3.8347542481e-01
   9.4998388682e+02   1.1649234884e-01   0.0000000000e+00   5.0003222636e-01   0.0000000000e+00   0.0000000000e+00   3.8347542481e-01
   9.4998388682e+02   1.1649234884e-01   0.0000000000e+00   5.0003222636e-01   0.0000000000e+00   0.0000000000e+00   3.8347542481e-01
   9.4998388682e+02   1.1649234884e-01   0.0000000000e+00   5.0003222636e-01   0.0000000000e+00   0.0000000000e+00   3.8347542481e-01
   9.4998388682e+02   1.1649234884e-01   0.0000000000e+00   5.0003222636e-01   0.0000000000e+00   0.0000000000e+00   3.8347542481e-01
   9.4998388682e+02   1.1649234884e-01   0.0000000000e+00   5.0003222636e-01   0.0000000000e+00   0.0000000000e+00   3.8347542481e-01
   9.4998388682e+02   1.1649234884e-01   0.0000000000e+00   5.0003222636e-01   0.0000000000e+00   0.0000000000e+00   3.8347542481e-01
   9.4998388682e+02   1.1649234884e-01   0.0000000000e+00   5.0003222636e-01   0.0000000000e+00   0.0000000000e+00   3.8347542481e-01
   9.4998388682e+02   1.1649234884e-01   0.0000000000e+00   5.0003222636e-01   0.0000000000e+00   0.0000000000e+00   3.8347542481e-01
   9.4998388682e+02   1.1649234884e-01   0.0000000000e+00   5.0003222636e-01   0.0000000000e+00   0.0000000000e+00   3.8347542481e-01
   9.4998388682e+02   1.1649234884e-01   0.0000000000e+00   5.0003222636e-01   0.0000000000e+00   0.0000000000e+00   3.8347542481e-01
   9.4998338610e+02   1.1649211550e-01   0.0000000000e+00   5.0003322781e-01   0.0000000000e+00   0.0000000000e+00   3.8347465669e-01
   9.4998338610e+02   1.1649211550e-01   0.0000000000e+00   5.0003322781e-01   0.0000000000e+00   0.0000000000e+00   3.8347465669e-01
   9.4998338610e+02   1.1649211550e-01   0.0000000000e+00   5.0003322781e-01   0.0000000000e+00   0.0000000000e+00   3.8347465669e-01
   9.4998338610e+02   1.1649211550e-01   0.0000000000e+00   5.0003322781e-01   0.0000000000e+00   0.0000000000e+00   3.8347465669e-01
   9.4998788345e+02   1.1649421127e-01   0.0000000000e+00   5.0002423309e-01   0.0000000000e+00   0.0000000000e+00   3.8348155564e-01
   9.4998788345e+02   1.1649421127e-01   0.0000000000e+00   5.0002423309e-01   0.0000000000e+00   0.0000000000e+00   3.8348155564e-01
   9.4998788345e+02   1.1649421127e-01   0.0000000000e+00   5.0002423309e-01   0.0000000000e+00   0.0000000000e+00   3.8348155564e-01
   9.4998788345e+02   1.1649421127e-01   0.0000000000e+00   5.0002423309e-01   0.0000000000e+00   0.0000000000e+00   3.8348155564e-01
   9.4998949646e+02   1.1649496293e-01   0.0000000000e+00   5.0002100707e-01   0.0000000000e+00   0.0000000000e+00   3.8348403000e-01
   9.4998949646e+02   1.1649496293e-01   0.0000000000e+00   5.0002100707e-01   0.0000000000e+00   0.0000000000e+00   3.8348403000e-01
   9.4998627044e+02   1.1649345960e-01   0.0000000000e+00   5.0002745912e-01   0.0000000000e+00   0.0000000000e+00   3.8347908128e-01
   9.4998627044e+02   1.1649345960e-01   0.0000000000e+00   5.0002745912e-01   0.0000000000e+00   0.0000000000e+00   3.8347908128e-01
   9.4999246979e+02   1.1649634850e-01   0.0000000000e+00   5.0001506042e-01   0.0000000000e+00   0.0000000000e+00   3.8348859108e-01
   9.4999246979e+02   1.1649634850e-01   0.0000000000e+00   5.0001506042e-01   0.0000000000e+00   0.0000000000e+00   3.8348859108e-01
   9.4999246979e+02   1.1649634850e-01   0.0000000000e+00   5.0001506042e-01   0.0000000000e+00   0.0000000000e+00   3.8348859108e-01
   9.4999246979e+02   1.1649634850e-01   0.0000000000e+00   5.0001506042e-01   0.0000000000e+00   0.0000000000e+00   3.8348859108e-01
   9.4998627044e+02   1.1649345960e-01   0.0000000000e+00   5.0002745912e-01   0.0000000000e+00   0.0000000000e+00   3.8347908128e-01
   9.4998627044e+02   1.1649345960e-01   0.0000000000e+00   5.0002745912e-01   0.0000000000e+00   0.0000000000e+00   3.8347908128e-01
   9.4998627044e+02   1.1649345960e-01   0.0000000000e+00   5.0002745912e-01   0.0000000000e+00   0.0000000000e+00   3.8347908128e-01
   9.4998627044e+02   1.1649345960e-01   0.0000000000e+00   5.0002745912e-01   0.0000000000e+00   0.0000000000e+00   3.8347908128e-01
   9.4998763178e+02   1.1649409399e-01   0.0000000000e+00   5.0002473643e-01   0.0000000000e+00   0.0000000000e+00   3.8348116958e-01
   9.4998763178e+02   1.1649409399e-01   0.0000000000e+00   5.0002473643e-01   0.0000000000e+00   0.0000000000e+00   3.8348116958e-01
   9.4998763178e+02   1.1649409399e-01   0.0000000000e+00   5.0002473643e-01   0.0000000000e+00   0.0000000000e+00   3.8348116958e-01
   9.4998763178e+02   1.1649409399e-01   0.0000000000e+00   5.0002473643e-01   0.0000000000e+00   0.0000000000e+00   3.8348116958e-01
   9.4998487511e+02   1.1649280938e-01   0.0000000000e+00   5.0003024978e-01   0.0000000000e+00   0.0000000000e+00   3.8347694084e-01
   9.4998487511e+02   1.1649280938e-01   0.0000000000e+00   5.0003024978e-01   0.0000000000e+00   0.0000000000e+00   3.8347694084e-01
   9.4999038846e+02   1.1649537860e-01   0.0000000000e+00   5.0001922308e-01   0.0000000000e+00   0.0000000000e+00   3.8348539832e-01
   9.4999038846e+02   1.1649537860e-01   0.0000000000e+00   5.0001922308e-01   0.0000000000e+00   0.0000000000e+00   3.8348539832e-01
   9.4998949646e+02   1.1649496293e-01   0.0000000000e+00   5.0002100707e-01   0.0000000000e+00   0.0000000000e+00   3.8348403000e-01
   9.4998949646e+02   1.1649496293e-01   0.0000000000e+00   5.0002100707e-01   0.0000000000e+00   0.0000000000e+00   3.8348403000e-01
   9.4999603778e+02   1.1649801118e-01   0.0000000000e+00   5.0000792444e-01   0.0000000000e+00   0.0000000000e+00   3.8349406438e-01
   9.4999603778e+02   1.1649801118e-01   0.0000000000e+00   5.0000792444e-01   0.0000000000e+00   0.0000000000e+00   3.8349406438e-01
   9.4998208444e+02   1.1649150893e-01   0.0000000000e+00   5.0003583112e-01   0.0000000000e+00   0.0000000000e+00   3.8347265995e-01
   9.4998208444e+02   1.1649150893e-01   0.0000000000e+00   5.0003583112e-01   0.0000000000e+00   0.0000000000e+00   3.8347265995e-01
   9.4998208444e+02   1.1649150893e-01   0.0000000000e+00   5.0003583112e-01   0.0000000000e+00   0.0000000000e+00   3.8347265995e-01
   9.4998208444e+02   1.1649150893e-01   0.0000000000e+00   5.0003583112e-01   0.0000000000e+00   0.0000000000e+00   3.8347265995e-01
   9.4999511117e+02   1.1649757938e-01   0.0000000000e+00   5.0000977766e-01   0.0000000000e+00   0.0000000000e+00   3.8349264296e-01
   9.4999511117e+02   1.1649757938e-01   0.0000000000e+00   5.0000977766e-01   0.0000000000e+00   0.0000000000e+00   3.8349264296e-01
   9.4999511117e+02   1.1649757938e-01   0.0000000000e+00   5.0000977766e-01   0.0000000000e+00   0.0000000000e+00   3.8349264296e-01
   9.4999511117e+02   1.1649757938e-01   0.0000000000e+00   5.0000977766e-01   0.0000000000e+00   0.0000000000e+00   3.8349264296e-01
   9.4999511117e+02   1.1649757938e-01   0.0000000000e+00   5.0000977766e-01   0.0000000000e+00   0.0000000000e+00   3.8349264296e-01
   9.4999511117e+02   1.1649757938e-01   0.0000000000e+00   5.0000977766e-01   0.0000000000e+00   0.0000000000e+00   3.8349264296e-01
   9.4999511117e+02   1.1649757938e-01   0.0000000000e+00   5.0000977766e-01   0.0000000000e+00   0.0000000000e+00   3.8349264296e-01
   9.4999511117e+02   1.1649757938e-01   0.0000000000e+00   5.0000977766e-01   0.0000000000e+00   0.0000000000e+00   3.8349264296e-01
   9.4999499028e+02   1.1649752304e-01   0.0000000000e+00   5.0001001944e-01   0.0000000000e+00   0.0000000000e+00   3.8349245751e-01
   9.4999499028e+02   1.1649752304e-01   0.0000000000e+00   5.0001001944e-01   0.0000000000e+00   0.0000000000e+00   3.8349245751e-01
   9.4999499028e+02   1.1649752304e-01   0.0000000000e+00   5.0001001944e-01   0.0000000000e+00   0.0000000000e+00   3.8349245751e-01
   9.4999499028e+02   1.1649752304e-01   0.0000000000e+00   5.0001001944e-01   0.0000000000e+00   0.0000000000e+00   3.8349245751e-01
   9.4999499028e+02   1.1649752304e-01   0.0000000000e+00   5.0001001944e-01   0.0000000000e+00   0.0000000000e+00   3.8349245751e-01
   9.4999499028e+02   1.1649752304e-01   0.0000000000e+00   5.0001001944e-01   0.0000000000e+00   0.0000000000e+00   3.8349245751e-01
   9.4999499028e+02   1.1649752304e-01   0.0000000000e+00   5.0001001944e-01   0.0000000000e+00   0.0000000000e+00   3.8349245751e-01
   9.4999499028e+02   1.1649752304e-01   0.0000000000e+00   5.0001001944e-01   0.0000000000e+00   0.0000000000e+00   3.8349245751e-01
   9.4999966373e+02   1.1649970087e-01   0.0000000000e+00   5.0000067255e-01   0.0000000000e+00   0.0000000000e+00   3.8349962659e-01
   9.4999966373e+02   1.1649970087e-01   0.0000000000e+00   5.0000067255e-01   0.0000000000e+00   0.0000000000e+00   3.8349962659e-01
   9.4999792012e+02   1.1649888835e-01   0.0000000000e+00   5.0000415975e-01   0.0000000000e+00   0.0000000000e+00   3.8349695190e-01
   9.4999792012e+02   1.1649888835e-01   0.0000000000e+00   5.0000415975e-01   0.0000000000e+00   0.0000000000e+00   3.8349695190e-01
   9.4999959552e+02   1.1649966908e-01   0.0000000000e+00   5.0000080896e-01   0.0000000000e+00   0.0000000000e+00   3.8349952196e-01
   9.4999959552e+02   1.1649966908e-01   0.0000000000e+00   5.0000080896e-01   0.0000000000e+00   0.0000000000e+00   3.8349952196e-01
   9.4999959552e+02   1.1649966908e-01   0.0000000000e+00   5.0000080896e-01   0.0000000000e+00   0.0000000000e+00   3.8349952196e-01
   9.4999959552e+02   1.1649966908e-01   0.0000000000e+00   5.0000080896e-01   0.0000000000e+00   0.0000000000e+00   3.8349952196e-01
   9.4999785192e+02   1.1649885656e-01   0.0000000000e+00   5.0000429617e-01   0.0000000000e+00   0.0000000000e+00   3.8349684727e-01
   9.4999785192e+02   1.1649885656e-01   0.0000000000e+00   5.0000429617e-01   0.0000000000e+00   0.0000000000e+00   3.8349684727e-01
   9.4999785192e+02   1.1649885656e-01   0.0000000000e+00   5.0000429617e-01   0.0000000000e+00   0.0000000000e+00   3.8349684727e-01
   9.4999785192e+02   1.1649885656e-01   0.0000000000e+00   5.0000429617e-01   0.0000000000e+00   0.0000000000e+00   3.8349684727e-01
   9.4999879193e+02   1.1649929461e-01   0.0000000000e+00   5.0000241615e-01   0.0000000000e+00   0.0000000000e+00   3.8349828924e-01
   9.4999879193e+02   1.1649929461e-01   0.0000000000e+00   5.0000241615e-01   0.0000000000e+00   0.0000000000e+00   3.8349828924e-01
   9.4999879193e+02   1.1649929461e-01   0.0000000000e+00   5.0000241615e-01   0.0000000000e+00   0.0000000000e+00   3.8349828924e-01
   9.4999879193e+02   1.1649929461e-01   0.0000000000e+00   5.0000241615e-01   0.0000000000e+00   0.0000000000e+00   3.8349828924e-01
   9.4999441717e+02   1.1649725598e-01   0.0000000000e+00   5.0001116566e-01   0.0000000000e+00   0.0000000000e+00   3.8349157837e-01
   9.4999441717e+02   1.1649725598e-01   0.0000000000e+00   5.0001116566e-01   0.0000000000e+00   0.0000000000e+00   3.8349157837e-01
   9.4999441717e+02   1.1649725598e-01   0.0000000000e+00   5.0001116566e-01   0.0000000000e+00   0.0000000000e+00   3.8349157837e-01
   9.4999441717e+02   1.1649725598e-01   0.0000000000e+00   5.0001116566e-01   0.0000000000e+00   0.0000000000e+00   3.8349157837e-01
   9.4999803984e+02   1.1649894413e-01   0.0000000000e+00   5.0000392033e-01   0.0000000000e+00   0.0000000000e+00   3.8349713554e-01
   9.4999803984e+02   1.1649894413e-01   0.0000000000e+00   5.0000392033e-01   0.0000000000e+00   0.0000000000e+00   3.8349713554e-01
   9.4999803984e+02   1.1649894413e-01   0.0000000000e+00   5.0000392033e-01   0.0000000000e+00   0.0000000000e+00   3.8349713554e-01
   9.4999803984e+02   1.1649894413e-01   0.0000000000e+00   5.0000392033e-01   0.0000000000e+00   0.0000000000e+00   3.8349713554e-01
   9.4999803984e+02   1.1649894413e-01   0.0000000000e+00   5.0000392033e-01   0.0000000000e+00   0.0000000000e+00   3.8349713554e-01
   9.4999803984e+02   1.1649894413e-01   0.0000000000e+00   5.0000392033e-01   0.0000000000e+00   0.0000000000e+00   3.8349713554e-01
   9.4999803984e+02   1.1649894413e-01   0.0000000000e+00   5.0000392033e-01   0.0000000000e+00   0.0000000000e+00   3.8349713554e-01
   9.4999803984e+02   1.1649894413e-01   0.0000000000e+00   5.0000392033e-01   0.0000000000e+00   0.0000000000e+00   3.8349713554e-01
   9.4999683228e+02   1.1649838141e-01   0.0000000000e+00   5.0000633544e-01   0.0000000000e+00   0.0000000000e+00   3.8349528315e-01
   9.4999683228e+02   1.1649838141e-01   0.0000000000e+00   5.0000633544e-01   0.0000000000e+00   0.0000000000e+00   3.8349528315e-01
   9.4999683228e+02   1.1649838141e-01   0.0000000000e+00   5.0000633544e-01   0.0000000000e+00   0.0000000000e+00   3.8349528315e-01
   9.4999683228e+02   1.1649838141e-01   0.0000000000e+00   5.0000633544e-01   0.0000000000e+00   0.0000000000e+00   3.8349528315e-01
   9.4999684735e+02   1.1649838844e-01   0.0000000000e+00   5.0000630530e-01   0.0000000000e+00   0.0000000000e+00   3.8349530627e-01
   9.4999684735e+02   1.1649838844e-01   0.0000000000e+00   5.0000630530e-01   0.0000000000e+00   0.0000000000e+00   3.8349530627e-01
   9.4999684735e+02   1.1649838844e-01   0.0000000000e+00   5.0000630530e-01   0.0000000000e+00   0.0000000000e+00   3.8349530627e-01
   9.4999684735e+02   1.1649838844e-01   0.0000000000e+00   5.0000630530e-01   0.0000000000e+00   0.0000000000e+00   3.8349530627e-01
   9.4999684735e+02   1.1649838844e-01   0.0000000000e+00   5.0000630530e-01   0.0000000000e+00   0.0000000000e+00   3.8349530627e-01
   9.4999684735e+02   1.1649838844e-01   0.0000000000e+00   5.0000630530e-01   0.0000000000e+00   0.0000000000e+00   3.8349530627e-01
   9.4999684735e+02   1.1649838844e-01   0.0000000000e+00   5.0000630530e-01   0.0000000000e+00   0.0000000000e+00   3.8349530627e-01
   9.4999684735e+02   1.1649838844e-01   0.0000000000e+00   5.0000630530e-01   0.0000000000e+00   0.0000000000e+00   3.8349530627e-01
   9.4999684735e+02   1.1649838844e-01   0.0000000000e+00   5.0000630530e-01   0.0000000000e+00   0.0000000000e+00   3.8349530627e-01
   9.4999684735e+02   1.1649838844e-01   0.0000000000e+00   5.0000630530e-01   0.0000000000e+00   0.0000000000e+00   3.8349530627e-01
   9.4999684735e+02   1.1649838844e-01   0.0000000000e+00   5.0000630530e-01   0.0000000000e+00   0.0000000000e+00   3.8349530627e-01
   9.4999684735e+02   1.1649838844e-01   0.0000000000e+00   5.0000630530e-01   0.0000000000e+00   0.0000000000e+00   3.8349530627e-01
   9.4999684735e+02   1.1649838844e-01   0.0000000000e+00   5.0000630530e-01   0.0000000000e+00   0.0000000000e+00   3.8349530627e-01
   9.4999684735e+02   1.1649838844e-01   0.0000000000e+00   5.0000630530e-01   0.0000000000e+00   0.0000000000e+00   3.8349530627e-01
   9.4999684735e+02   1.1649838844e-01   0.0000000000e+00   5.0000630530e-01   0.0000000000e+00   0.0000000000e+00   3.8349530627e-01
   9.4999684735e+02   1.1649838844e-01   0.0000000000e+00   5.0000630530e-01   0.0000000000e+00   0.0000000000e+00   3.8349530627e-01
   9.5002103798e+02   1.1650966126e-01   0.0000000000e+00   4.9995792403e-01   0.0000000000e+00   0.0000000000e+00   3.8353241471e-01
   9.5002103798e+02   1.1650966126e-01   0.0000000000e+00   4.9995792403e-01   0.0000000000e+00   0.0000000000e+00   3.8353241471e-01
   9.5002103798e+02   1.1650966126e-01   0.0000000000e+00   4.9995792403e-01   0.0000000000e+00   0.0000000000e+00   3.8353241471e-01
   9.5002103798e+02   1.1650966126e-01   0.0000000000e+00   4.9995792403e-01   0.0000000000e+00   0.0000000000e+00   3.8353241471e-01
   9.5002103798e+02   1.1650966126e-01   0.0000000000e+00   4.9995792403e-01   0.0000000000e+00   0.0000000000e+00   3.8353241471e-01
   9.5002103798e+02   1.1650966126e-01   0.0000000000e+00   4.9995792403e-01   0.0000000000e+00   0.0000000000e+00   3.8353241471e-01
   9.5002103798e+02   1.1650966126e-01   0.0000000000e+00   4.9995792403e-01   0.0000000000e+00   0.0000000000e+00   3.8353241471e-01
   9.5002103798e+02   1.1650966126e-01   0.0000000000e+00   4.9995792403e-01   0.0000000000e+00   0.0000000000e+00   3.8353241471e-01
   9.5001481312e+02   1.1650676048e-01   0.0000000000e+00   4.9997037376e-01   0.0000000000e+00   0.0000000000e+00   3.8352286577e-01
   9.5001481312e+02   1.1650676048e-01   0.0000000000e+00   4.9997037376e-01   0.0000000000e+00   0.0000000000e+00   3.8352286577e-01
   9.5001481312e+02   1.1650676048e-01   0.0000000000e+00   4.9997037376e-01   0.0000000000e+00   0.0000000000e+00   3.8352286577e-01
   9.5001481312e+02   1.1650676048e-01   0.0000000000e+00   4.9997037376e-01   0.0000000000e+00   0.0000000000e+00   3.8352286577e-01
   9.5001481312e+02   1.1650676048e-01   0.0000000000e+00   4.9997037376e-01   0.0000000000e+00   0.0000000000e+00   3.8352286577e-01
   9.5001481312e+02   1.1650676048e-01   0.0000000000e+00   4.9997037376e-01   0.0000000000e+00   0.0000000000e+00   3.8352286577e-01
   9.5001481312e+02   1.1650676048e-01   0.0000000000e+00   4.9997037376e-01   0.0000000000e+00   0.0000000000e+00   3.8352286577e-01
   9.5001481312e+02   1.1650676048e-01   0.0000000000e+00   4.9997037376e-01   0.0000000000e+00   0.0000000000e+00   3.8352286577e-01
   9.5000199689e+02   1.1650078812e-01   0.0000000000e+00   4.9999600622e-01   0.0000000000e+00   0.0000000000e+00   3.8350320566e-01
   9.5000199689e+02   1.1650078812e-01   0.0000000000e+00   4.9999600622e-01   0.0000000000e+00   0.0000000000e+00   3.8350320566e-01
   9.5000199689e+02   1.1650078812e-01   0.0000000000e+00   4.9999600622e-01   0.0000000000e+00   0.0000000000e+00   3.8350320566e-01
   9.5000199689e+02   1.1650078812e-01   0.0000000000e+00   4.9999600622e-01   0.0000000000e+00   0.0000000000e+00   3.8350320566e-01
   9.5002103798e+02   1.1650966126e-01   0.0000000000e+00   4.9995792403e-01   0.0000000000e+00   0.0000000000e+00   3.8353241471e-01
   9.5002103798e+02   1.1650966126e-01   0.0000000000e+00   4.9995792403e-01   0.0000000000e+00   0.0000000000e+00   3.8353241471e-01
   9.5002103798e+02   1.1650966126e-01   0.0000000000e+00   4.9995792403e-01   0.0000000000e+00   0.0000000000e+00   3.8353241471e-01
   9.5002103798e+02   1.1650966126e-01   0.0000000000e+00   4.9995792403e-01   0.0000000000e+00   0.0000000000e+00   3.8353241471e-01
   9.5002433367e+02   1.1651119704e-01   0.0000000000e+00   4.9995133267e-01   0.0000000000e+00   0.0000000000e+00   3.8353747029e-01
   9.5002433367e+02   1.1651119704e-01   0.0000000000e+00   4.9995133267e-01   0.0000000000e+00   0.0000000000e+00   3.8353747029e-01
   9.5002433367e+02   1.1651119704e-01   0.0000000000e+00   4.9995133267e-01   0.0000000000e+00   0.0000000000e+00   3.8353747029e-01
   9.5002433367e+02   1.1651119704e-01   0.0000000000e+00   4.9995133267e-01   0.0000000000e+00   0.0000000000e+00   3.8353747029e-01
   9.5002433367e+02   1.1651119704e-01   0.0000000000e+00   4.9995133267e-01   0.0000000000e+00   0.0000000000e+00   3.8353747029e-01
   9.5002433367e+02   1.1651119704e-01   0.0000000000e+00   4.9995133267e-01   0.0000000000e+00   0.0000000000e+00   3.8353747029e-01
   9.5002433367e+02   1.1651119704e-01   0.0000000000e+00   4.9995133267e-01   0.0000000000e+00   0.0000000000e+00   3.8353747029e-01
   9.5002433367e+02   1.1651119704e-01   0.0000000000e+00   4.9995133267e-01   0.0000000000e+00   0.0000000000e+00   3.8353747029e-01
   9.5000341667e+02   1.1650144974e-01   0.0000000000e+00   4.9999316666e-01   0.0000000000e+00   0.0000000000e+00   3.8350538360e-01
   9.5000341667e+02   1.1650144974e-01   0.0000000000e+00   4.9999316666e-01   0.0000000000e+00   0.0000000000e+00   3.8350538360e-01
   9.5000341667e+02   1.1650144974e-01   0.0000000000e+00   4.9999316666e-01   0.0000000000e+00   0.0000000000e+00   3.8350538360e-01
   9.5000341667e+02   1.1650144974e-01   0.0000000000e+00   4.9999316666e-01   0.0000000000e+00   0.0000000000e+00   3.8350538360e-01
   9.5000457110e+02   1.1650198770e-01   0.0000000000e+00   4.9999085779e-01   0.0000000000e+00   0.0000000000e+00   3.8350715451e-01
   9.5000457110e+02   1.1650198770e-01   0.0000000000e+00   4.9999085779e-01   0.0000000000e+00   0.0000000000e+00   3.8350715451e-01
   9.5000457110e+02   1.1650198770e-01   0.0000000000e+00   4.9999085779e-01   0.0000000000e+00   0.0000000000e+00   3.8350715451e-01
   9.5000457110e+02   1.1650198770e-01   0.0000000000e+00   4.9999085779e-01   0.0000000000e+00   0.0000000000e+00   3.8350715451e-01
   9.5000341667e+02   1.1650144974e-01   0.0000000000e+00   4.9999316666e-01   0.0000000000e+00   0.0000000000e+00   3.8350538360e-01
   9.5000341667e+02   1.1650144974e-01   0.0000000000e+00   4.9999316666e-01   0.0000000000e+00   0.0000000000e+00   3.8350538360e-01
   9.5000341667e+02   1.1650144974e-01   0.0000000000e+00   4.9999316666e-01   0.0000000000e+00   0.0000000000e+00   3.8350538360e-01
   9.5000341667e+02   1.1650144974e-01   0.0000000000e+00   4.9999316666e-01   0.0000000000e+00   0.0000000000e+00   3.8350538360e-01
   9.5000457110e+02   1.1650198770e-01   0.0000000000e+00   4.9999085779e-01   0.0000000000e+00   0.0000000000e+00   3.8350715451e-01
   9.5000457110e+02   1.1650198770e-01   0.0000000000e+00   4.9999085779e-01   0.0000000000e+00   0.0000000000e+00   3.8350715451e-01
   9.5000457110e+02   1.1650198770e-01   0.0000000000e+00   4.9999085779e-01   0.0000000000e+00   0.0000000000e+00   3.8350715451e-01
   9.5000457110e+02   1.1650198770e-01   0.0000000000e+00   4.9999085779e-01   0.0000000000e+00   0.0000000000e+00   3.8350715451e-01
   9.5001617280e+02   1.1650739408e-01   0.0000000000e+00   4.9996765441e-01   0.0000000000e+00   0.0000000000e+00   3.8352495151e-01
   9.5001617280e+02   1.1650739408e-01   0.0000000000e+00   4.9996765441e-01   0.0000000000e+00   0.0000000000e+00   3.8352495151e-01
   9.5000784281e+02   1.1650351232e-01   0.0000000000e+00   4.9998431438e-01   0.0000000000e+00   0.0000000000e+00   3.8351217331e-01
   9.5000784281e+02   1.1650351232e-01   0.0000000000e+00   4.9998431438e-01   0.0000000000e+00   0.0000000000e+00   3.8351217331e-01
   9.5000409793e+02   1.1650176720e-01   0.0000000000e+00   4.9999180414e-01   0.0000000000e+00   0.0000000000e+00   3.8350642866e-01
   9.5000409793e+02   1.1650176720e-01   0.0000000000e+00   4.9999180414e-01   0.0000000000e+00   0.0000000000e+00   3.8350642866e-01
   9.5000409793e+02   1.1650176720e-01   0.0000000000e+00   4.9999180414e-01   0.0000000000e+00   0.0000000000e+00   3.8350642866e-01
   9.5000409793e+02   1.1650176720e-01   0.0000000000e+00   4.9999180414e-01   0.0000000000e+00   0.0000000000e+00   3.8350642866e-01
   9.4999951282e+02   1.1649963055e-01   0.0000000000e+00   5.0000097435e-01   0.0000000000e+00   0.0000000000e+00   3.8349939510e-01
   9.4999951282e+02   1.1649963055e-01   0.0000000000e+00   5.0000097435e-01   0.0000000000e+00   0.0000000000e+00   3.8349939510e-01
   9.5000784281e+02   1.1650351232e-01   0.0000000000e+00   4.9998431438e-01   0.0000000000e+00   0.0000000000e+00   3.8351217331e-01
   9.5000784281e+02   1.1650351232e-01   0.0000000000e+00   4.9998431438e-01   0.0000000000e+00   0.0000000000e+00   3.8351217331e-01
   9.5000409793e+02   1.1650176720e-01   0.0000000000e+00   4.9999180414e-01   0.0000000000e+00   0.0000000000e+00   3.8350642866e-01
   9.5000409793e+02   1.1650176720e-01   0.0000000000e+00   4.9999180414e-01   0.0000000000e+00   0.0000000000e+00   3.8350642866e-01
   9.5000409793e+02   1.1650176720e-01   0.0000000000e+00   4.9999180414e-01   0.0000000000e+00   0.0000000000e+00   3.8350642866e-01
   9.5000409793e+02   1.1650176720e-01   0.0000000000e+00   4.9999180414e-01   0.0000000000e+00   0.0000000000e+00   3.8350642866e-01
   9.4999410726e+02   1.1649711156e-01   0.0000000000e+00   5.0001178548e-01   0.0000000000e+00   0.0000000000e+00   3.8349110297e-01
   9.4999410726e+02   1.1649711156e-01   0.0000000000e+00   5.0001178548e-01   0.0000000000e+00   0.0000000000e+00   3.8349110297e-01
   9.4998349042e+02   1.1649216412e-01   0.0000000000e+00   5.0003301916e-01   0.0000000000e+00   0.0000000000e+00   3.8347481673e-01
   9.4998349042e+02   1.1649216412e-01   0.0000000000e+00   5.0003301916e-01   0.0000000000e+00   0.0000000000e+00   3.8347481673e-01
   9.4999410726e+02   1.1649711156e-01   0.0000000000e+00   5.0001178548e-01   0.0000000000e+00   0.0000000000e+00   3.8349110297e-01
   9.4999410726e+02   1.1649711156e-01   0.0000000000e+00   5.0001178548e-01   0.0000000000e+00   0.0000000000e+00   3.8349110297e-01
   9.4998350352e+02   1.1649217022e-01   0.0000000000e+00   5.0003299295e-01   0.0000000000e+00   0.0000000000e+00   3.8347483683e-01
   9.4998350352e+02   1.1649217022e-01   0.0000000000e+00   5.0003299295e-01   0.0000000000e+00   0.0000000000e+00   3.8347483683e-01
   9.5000360294e+02   1.1650153654e-01   0.0000000000e+00   4.9999279411e-01   0.0000000000e+00   0.0000000000e+00   3.8350566935e-01
   9.5000360294e+02   1.1650153654e-01   0.0000000000e+00   4.9999279411e-01   0.0000000000e+00   0.0000000000e+00   3.8350566935e-01
   9.5000360294e+02   1.1650153654e-01   0.0000000000e+00   4.9999279411e-01   0.0000000000e+00   0.0000000000e+00   3.8350566935e-01
   9.5000360294e+02   1.1650153654e-01   0.0000000000e+00   4.9999279411e-01   0.0000000000e+00   0.0000000000e+00   3.8350566935e-01
   9.5000244248e+02   1.1650099577e-01   0.0000000000e+00   4.9999511504e-01   0.0000000000e+00   0.0000000000e+00   3.8350388920e-01
   9.5000244248e+02   1.1650099577e-01   0.0000000000e+00   4.9999511504e-01   0.0000000000e+00   0.0000000000e+00   3.8350388920e-01
   9.4998345111e+02   1.1649214580e-01   0.0000000000e+00   5.0003309777e-01   0.0000000000e+00   0.0000000000e+00   3.8347475643e-01
   9.4998345111e+02   1.1649214580e-01   0.0000000000e+00   5.0003309777e-01   0.0000000000e+00   0.0000000000e+00   3.8347475643e-01
   9.4998340526e+02   1.1649212443e-01   0.0000000000e+00   5.0003318949e-01   0.0000000000e+00   0.0000000000e+00   3.8347468608e-01
   9.4998340526e+02   1.1649212443e-01   0.0000000000e+00   5.0003318949e-01   0.0000000000e+00   0.0000000000e+00   3.8347468608e-01
   9.4998345111e+02   1.1649214580e-01   0.0000000000e+00   5.0003309777e-01   0.0000000000e+00   0.0000000000e+00   3.8347475643e-01
   9.4998345111e+02   1.1649214580e-01   0.0000000000e+00   5.0003309777e-01   0.0000000000e+00   0.0000000000e+00   3.8347475643e-01
   9.4998345111e+02   1.1649214580e-01   0.0000000000e+00   5.0003309777e-01   0.0000000000e+00   0.0000000000e+00   3.8347475643e-01
   9.4998345111e+02   1.1649214580e-01   0.0000000000e+00   5.0003309777e-01   0.0000000000e+00   0.0000000000e+00   3.8347475643e-01
   9.4998340526e+02   1.1649212443e-01   0.0000000000e+00   5.0003318949e-01   0.0000000000e+00   0.0000000000e+00   3.8347468608e-01
   9.4998340526e+02   1.1649212443e-01   0.0000000000e+00   5.0003318949e-01   0.0000000000e+00   0.0000000000e+00   3.8347468608e-01
   9.5000476341e+02   1.1650207732e-01   0.0000000000e+00   4.9999047319e-01   0.0000000000e+00   0.0000000000e+00   3.8350744950e-01
   9.5000476341e+02   1.1650207732e-01   0.0000000000e+00   4.9999047319e-01   0.0000000000e+00   0.0000000000e+00   3.8350744950e-01
   9.5000244248e+02   1.1650099577e-01   0.0000000000e+00   4.9999511504e-01   0.0000000000e+00   0.0000000000e+00   3.8350388920e-01
   9.5000244248e+02   1.1650099577e-01   0.0000000000e+00   4.9999511504e-01   0.0000000000e+00   0.0000000000e+00   3.8350388920e-01
   9.5000476341e+02   1.1650207732e-01   0.0000000000e+00   4.9999047319e-01   0.0000000000e+00   0.0000000000e+00   3.8350744950e-01
   9.5000476341e+02   1.1650207732e-01   0.0000000000e+00   4.9999047319e-01   0.0000000000e+00   0.0000000000e+00   3.8350744950e-01
   9.5000244248e+02   1.1650099577e-01   0.0000000000e+00   4.9999511504e-01   0.0000000000e+00   0.0000000000e+00   3.8350388920e-01
   9.5000244248e+02   1.1650099577e-01   0.0000000000e+00   4.9999511504e-01   0.0000000000e+00   0.0000000000e+00   3.8350388920e-01
   9.5002296574e+02   1.1651055959e-01   0.0000000000e+00   4.9995406852e-01   0.0000000000e+00   0.0000000000e+00   3.8353537189e-01
   9.5002296574e+02   1.1651055959e-01   0.0000000000e+00   4.9995406852e-01   0.0000000000e+00   0.0000000000e+00   3.8353537189e-01
   9.5002296574e+02   1.1651055959e-01   0.0000000000e+00   4.9995406852e-01   0.0000000000e+00   0.0000000000e+00   3.8353537189e-01
   9.5002296574e+02   1.1651055959e-01   0.0000000000e+00   4.9995406852e-01   0.0000000000e+00   0.0000000000e+00   3.8353537189e-01
   9.5001733660e+02   1.1650793642e-01   0.0000000000e+00   4.9996532680e-01   0.0000000000e+00   0.0000000000e+00   3.8352673678e-01
   9.5001733660e+02   1.1650793642e-01   0.0000000000e+00   4.9996532680e-01   0.0000000000e+00   0.0000000000e+00   3.8352673678e-01
   9.5001733660e+02   1.1650793642e-01   0.0000000000e+00   4.9996532680e-01   0.0000000000e+00   0.0000000000e+00   3.8352673678e-01
   9.5001733660e+02   1.1650793642e-01   0.0000000000e+00   4.9996532680e-01   0.0000000000e+00   0.0000000000e+00   3.8352673678e-01
   9.5002013234e+02   1.1650923923e-01   0.0000000000e+00   4.9995973531e-01   0.0000000000e+00   0.0000000000e+00   3.8353102546e-01
   9.5002013234e+02   1.1650923923e-01   0.0000000000e+00   4.9995973531e-01   0.0000000000e+00   0.0000000000e+00   3.8353102546e-01
   9.5002013234e+02   1.1650923923e-01   0.0000000000e+00   4.9995973531e-01   0.0000000000e+00   0.0000000000e+00   3.8353102546e-01
   9.5002013234e+02   1.1650923923e-01   0.0000000000e+00   4.9995973531e-01   0.0000000000e+00   0.0000000000e+00   3.8353102546e-01
   9.5002367015e+02   1.1651088785e-01   0.0000000000e+00   4.9995265970e-01   0.0000000000e+00   0.0000000000e+00   3.8353645246e-01
   9.5002367015e+02   1.1651088785e-01   0.0000000000e+00   4.9995265970e-01   0.0000000000e+00   0.0000000000e+00   3.8353645246e-01
   9.5001659454e+02   1.1650759061e-01   0.0000000000e+00   4.9996681093e-01   0.0000000000e+00   0.0000000000e+00   3.8352559846e-01
   9.5001659454e+02   1.1650759061e-01   0.0000000000e+00   4.9996681093e-01   0.0000000000e+00   0.0000000000e+00   3.8352559846e-01
   9.5002296574e+02   1.1651055959e-01   0.0000000000e+00   4.9995406852e-01   0.0000000000e+00   0.0000000000e+00   3.8353537189e-01
   9.5002296574e+02   1.1651055959e-01   0.0000000000e+00   4.9995406852e-01   0.0000000000e+00   0.0000000000e+00   3.8353537189e-01
   9.5002296574e+02   1.1651055959e-01   0.0000000000e+00   4.9995406852e-01   0.0000000000e+00   0.0000000000e+00   3.8353537189e-01
   9.5002296574e+02   1.1651055959e-01   0.0000000000e+00   4.9995406852e-01   0.0000000000e+00   0.0000000000e+00   3.8353537189e-01
   9.5001102907e+02   1.1650499711e-01   0.0000000000e+00   4.9997794186e-01   0.0000000000e+00   0.0000000000e+00   3.8351706103e-01
   9.5001102907e+02   1.1650499711e-01   0.0000000000e+00   4.9997794186e-01   0.0000000000e+00   0.0000000000e+00   3.8351706103e-01
   9.5001102907e+02   1.1650499711e-01   0.0000000000e+00   4.9997794186e-01   0.0000000000e+00   0.0000000000e+00   3.8351706103e-01
   9.5001102907e+02   1.1650499711e-01   0.0000000000e+00   4.9997794186e-01   0.0000000000e+00   0.0000000000e+00   3.8351706103e-01
   9.5002290206e+02   1.1651052992e-01   0.0000000000e+00   4.9995419587e-01   0.0000000000e+00   0.0000000000e+00   3.8353527421e-01
   9.5002290206e+02   1.1651052992e-01   0.0000000000e+00   4.9995419587e-01   0.0000000000e+00   0.0000000000e+00   3.8353527421e-01
   9.5002290206e+02   1.1651052992e-01   0.0000000000e+00   4.9995419587e-01   0.0000000000e+00   0.0000000000e+00   3.8353527421e-01
   9.5002290206e+02   1.1651052992e-01   0.0000000000e+00   4.9995419587e-01   0.0000000000e+00   0.0000000000e+00   3.8353527421e-01
   9.5002226133e+02   1.1651023134e-01   0.0000000000e+00   4.9995547734e-01   0.0000000000e+00   0.0000000000e+00   3.8353429132e-01
   9.5002226133e+02   1.1651023134e-01   0.0000000000e+00   4.9995547734e-01   0.0000000000e+00   0.0000000000e+00   3.8353429132e-01
   9.5002226133e+02   1.1651023134e-01   0.0000000000e+00   4.9995547734e-01   0.0000000000e+00   0.0000000000e+00   3.8353429132e-01
   9.5002226133e+02   1.1651023134e-01   0.0000000000e+00   4.9995547734e-01   0.0000000000e+00   0.0000000000e+00   3.8353429132e-01