# time = 68.6975
# Grid Poins = 256    variable_0    variable_1    variable_2    variable_3    variable_4    variable_5    variable_6
   9.5000002422e+02   1.1649986886e-01   0.0000000000e+00   4.9999995155e-01   0.0000000000e+00   0.0000000000e+00   3.8350017959e-01
   9.5000002422e+02   1.1649986886e-01   0.0000000000e+00   4.9999995155e-01   0.0000000000e+00   0.0000000000e+00   3.8350017959e-01
   9.5000002422e+02   1.1649986886e-01   0.0000000000e+00   4.9999995155e-01   0.0000000000e+00   0.0000000000e+00   3.8350017959e-01
   9.5000002422e+02   1.1649986886e-01   0.0000000000e+00   4.9999995155e-01   0.0000000000e+00   0.0000000000e+00   3.8350017959e-01
   9.5000052563e+02   1.1650010252e-01   0.0000000000e+00   4.9999894873e-01   0.0000000000e+00   0.0000000000e+00   3.8350094875e-01
   9.5000052563e+02   1.1650010252e-01   0.0000000000e+00   4.9999894873e-01   0.0000000000e+00   0.0000000000e+00   3.8350094875e-01
   9.5000052563e+02   1.1650010252e-01   0.0000000000e+00   4.9999894873e-01   0.0000000000e+00   0.0000000000e+00   3.8350094875e-01
   9.5000052563e+02   1.1650010252e-01   0.0000000000e+00   4.9999894873e-01   0.0000000000e+00   0.0000000000e+00   3.8350094875e-01
   9.4999951886e+02   1.1649963336e-01   0.0000000000e+00   5.0000096228e-01   0.0000000000e+00   0.0000000000e+00   3.8349940436e-01
   9.4999951886e+02   1.1649963336e-01   0.0000000000e+00   5.0000096228e-01   0.0000000000e+00   0.0000000000e+00   3.8349940436e-01
   9.4999951886e+02   1.1649963336e-01   0.0000000000e+00   5.0000096228e-01   0.0000000000e+00   0.0000000000e+00   3.8349940436e-01
   9.4999951886e+02   1.1649963336e-01   0.0000000000e+00   5.0000096228e-01   0.0000000000e+00   0.0000000000e+00   3.8349940436e-01
   9.5000002817e+02   1.1649987070e-01   0.0000000000e+00   4.9999994365e-01   0.0000000000e+00   0.0000000000e+00   3.8350018565e-01
   9.5000002817e+02   1.1649987070e-01   0.0000000000e+00   4.9999994365e-01   0.0000000000e+00   0.0000000000e+00   3.8350018565e-01
   9.5000002817e+02   1.1649987070e-01   0.0000000000e+00   4.9999994365e-01   0.0000000000e+00   0.0000000000e+00   3.8350018565e-01
   9.5000002817e+02   1.1649987070e-01   0.0000000000e+00   4.9999994365e-01   0.0000000000e+00   0.0000000000e+00   3.8350018565e-01
   9.4999864496e+02   1.1649922612e-01   0.0000000000e+00   5.0000271008e-01   0.0000000000e+00   0.0000000000e+00   3.8349806379e-01
   9.4999864496e+02   1.1649922612e-01   0.0000000000e+00   5.0000271008e-01   0.0000000000e+00   0.0000000000e+00   3.8349806379e-01
   9.4999906430e+02   1.1649942153e-01   0.0000000000e+00   5.0000187141e-01   0.0000000000e+00   0.0000000000e+00   3.8349870706e-01
   9.4999906430e+02   1.1649942153e-01   0.0000000000e+00   5.0000187141e-01   0.0000000000e+00   0.0000000000e+00   3.8349870706e-01
   9.5000015833e+02   1.1649993135e-01   0.0000000000e+00   4.9999968334e-01   0.0000000000e+00   0.0000000000e+00   3.8350038531e-01
   9.5000015833e+02   1.1649993135e-01   0.0000000000e+00   4.9999968334e-01   0.0000000000e+00   0.0000000000e+00   3.8350038531e-01
   9.5000015833e+02   1.1649993135e-01   0.0000000000e+00   4.9999968334e-01   0.0000000000e+00   0.0000000000e+00   3.8350038531e-01
   9.5000015833e+02   1.1649993135e-01   0.0000000000e+00   4.9999968334e-01   0.0000000000e+00   0.0000000000e+00   3.8350038531e-01
   9.5000015833e+02   1.1649993135e-01   0.0000000000e+00   4.9999968334e-01   0.0000000000e+00   0.0000000000e+00   3.8350038531e-01
   9.5000015833e+02   1.1649993135e-01   0.0000000000e+00   4.9999968334e-01   0.0000000000e+00   0.0000000000e+00   3.8350038531e-01
   9.5000015833e+02   1.1649993135e-01   0.0000000000e+00   4.9999968334e-01   0.0000000000e+00   0.0000000000e+00   3.8350038531e-01
   9.5000015833e+02   1.1649993135e-01   0.0000000000e+00   4.9999968334e-01   0.0000000000e+00   0.0000000000e+00   3.8350038531e-01
   9.4999908171e+02   1.1649942965e-01   0.0000000000e+00   5.0000183658e-01   0.0000000000e+00   0.0000000000e+00   3.8349873377e-01
   9.4999908171e+02   1.1649942965e-01   0.0000000000e+00   5.0000183658e-01   0.0000000000e+00   0.0000000000e+00   3.8349873377e-01
   9.4999908171e+02   1.1649942965e-01   0.0000000000e+00   5.0000183658e-01   0.0000000000e+00   0.0000000000e+00   3.8349873377e-01
   9.4999908171e+02   1.1649942965e-01   0.0000000000e+00   5.0000183658e-01   0.0000000000e+00   0.0000000000e+00   3.8349873377e-01
   9.4999665881e+02   1.1649830058e-01   0.0000000000e+00   5.0000668239e-01   0.0000000000e+00   0.0000000000e+00   3.8349501704e-01
   9.4999665881e+02   1.1649830058e-01   0.0000000000e+00   5.0000668239e-01   0.0000000000e+00   0.0000000000e+00   3.8349501704e-01
   9.5000331496e+02   1.1650140234e-01   0.0000000000e+00   4.9999337007e-01   0.0000000000e+00   0.0000000000e+00   3.8350522758e-01
   9.5000331496e+02   1.1650140234e-01   0.0000000000e+00   4.9999337007e-01   0.0000000000e+00   0.0000000000e+00   3.8350522758e-01
   9.5000331496e+02   1.1650140234e-01   0.0000000000e+00   4.9999337007e-01   0.0000000000e+00   0.0000000000e+00   3.8350522758e-01
   9.5000331496e+02   1.1650140234e-01   0.0000000000e+00   4.9999337007e-01   0.0000000000e+00   0.0000000000e+00   3.8350522758e-01
   9.4999665881e+02   1.1649830058e-01   0.0000000000e+00   5.0000668239e-01   0.0000000000e+00   0.0000000000e+00   3.8349501704e-01
   9.4999665881e+02   1.1649830058e-01   0.0000000000e+00   5.0000668239e-01   0.0000000000e+00   0.0000000000e+00   3.8349501704e-01
   9.5000365920e+02   1.1650156276e-01   0.0000000000e+00   4.9999268160e-01   0.0000000000e+00   0.0000000000e+00   3.8350575565e-01
   9.5000365920e+02   1.1650156276e-01   0.0000000000e+00   4.9999268160e-01   0.0000000000e+00   0.0000000000e+00   3.8350575565e-01
   9.5000297072e+02   1.1650124193e-01   0.0000000000e+00   4.9999405855e-01   0.0000000000e+00   0.0000000000e+00   3.8350469952e-01
   9.5000297072e+02   1.1650124193e-01   0.0000000000e+00   4.9999405855e-01   0.0000000000e+00   0.0000000000e+00   3.8350469952e-01
   9.4999665881e+02   1.1649830058e-01   0.0000000000e+00   5.0000668239e-01   0.0000000000e+00   0.0000000000e+00   3.8349501704e-01
   9.4999665881e+02   1.1649830058e-01   0.0000000000e+00   5.0000668239e-01   0.0000000000e+00   0.0000000000e+00   3.8349501704e-01
   9.4999665881e+02   1.1649830058e-01   0.0000000000e+00   5.0000668239e-01   0.0000000000e+00   0.0000000000e+00   3.8349501704e-01
   9.4999665881e+02   1.1649830058e-01   0.0000000000e+00   5.0000668239e-01   0.0000000000e+00   0.0000000000e+00   3.8349501704e-01
   9.4999984187e+02   1.1649978388e-01   0.0000000000e+00   5.0000031626e-01   0.0000000000e+00   0.0000000000e+00   3.8349989986e-01
   9.4999984187e+02   1.1649978388e-01   0.0000000000e+00   5.0000031626e-01   0.0000000000e+00   0.0000000000e+00   3.8349989986e-01
   9.5000348708e+02   1.1650148255e-01   0.0000000000e+00   4.9999302584e-01   0.0000000000e+00   0.0000000000e+00   3.8350549162e-01
   9.5000348708e+02   1.1650148255e-01   0.0000000000e+00   4.9999302584e-01   0.0000000000e+00   0.0000000000e+00   3.8350549162e-01
   9.4999984187e+02   1.1649978388e-01   0.0000000000e+00   5.0000031626e-01   0.0000000000e+00   0.0000000000e+00   3.8349989986e-01
   9.4999984187e+02   1.1649978388e-01   0.0000000000e+00   5.0000031626e-01   0.0000000000e+00   0.0000000000e+00   3.8349989986e-01
   9.5000348708e+02   1.1650148255e-01   0.0000000000e+00   4.9999302584e-01   0.0000000000e+00   0.0000000000e+00   3.8350549162e-01
   9.5000348708e+02   1.1650148255e-01   0.0000000000e+00   4.9999302584e-01   0.0000000000e+00   0.0000000000e+00   3.8350549162e-01
   9.5000140630e+02   1.1650051290e-01   0.0000000000e+00   4.9999718741e-01   0.0000000000e+00   0.0000000000e+00   3.8350229969e-01
   9.5000140630e+02   1.1650051290e-01   0.0000000000e+00   4.9999718741e-01   0.0000000000e+00   0.0000000000e+00   3.8350229969e-01
   9.5000140630e+02   1.1650051290e-01   0.0000000000e+00   4.9999718741e-01   0.0000000000e+00   0.0000000000e+00   3.8350229969e-01
   9.5000140630e+02   1.1650051290e-01   0.0000000000e+00   4.9999718741e-01   0.0000000000e+00   0.0000000000e+00   3.8350229969e-01
   9.4999984187e+02   1.1649978388e-01   0.0000000000e+00   5.0000031626e-01   0.0000000000e+00   0.0000000000e+00   3.8349989986e-01
   9.4999984187e+02   1.1649978388e-01   0.0000000000e+00   5.0000031626e-01   0.0000000000e+00   0.0000000000e+00   3.8349989986e-01
   9.5000331496e+02   1.1650140234e-01   0.0000000000e+00   4.9999337007e-01   0.0000000000e+00   0.0000000000e+00   3.8350522758e-01
   9.5000331496e+02   1.1650140234e-01   0.0000000000e+00   4.9999337007e-01   0.0000000000e+00   0.0000000000e+00   3.8350522758e-01
   9.4999990551e+02   1.1649981354e-01   0.0000000000e+00   5.0000018898e-01   0.0000000000e+00   0.0000000000e+00   3.8349999748e-01
   9.4999990551e+02   1.1649981354e-01   0.0000000000e+00   5.0000018898e-01   0.0000000000e+00   0.0000000000e+00   3.8349999748e-01
   9.4999990551e+02   1.1649981354e-01   0.0000000000e+00   5.0000018898e-01   0.0000000000e+00   0.0000000000e+00   3.8349999748e-01
   9.4999990551e+02   1.1649981354e-01   0.0000000000e+00   5.0000018898e-01   0.0000000000e+00   0.0000000000e+00   3.8349999748e-01
   9.4999966241e+02   1.1649970025e-01   0.0000000000e+00   5.0000067519e-01   0.0000000000e+00   0.0000000000e+00   3.8349962456e-01
   9.4999966241e+02   1.1649970025e-01   0.0000000000e+00   5.0000067519e-01   0.0000000000e+00   0.0000000000e+00   3.8349962456e-01
   9.4999966241e+02   1.1649970025e-01   0.0000000000e+00   5.0000067519e-01   0.0000000000e+00   0.0000000000e+00   3.8349962456e-01
   9.4999966241e+02   1.1649970025e-01   0.0000000000e+00   5.0000067519e-01   0.0000000000e+00   0.0000000000e+00   3.8349962456e-01
   9.4999945246e+02   1.1649960241e-01   0.0000000000e+00   5.0000109509e-01   0.0000000000e+00   0.0000000000e+00   3.8349930250e-01
   9.4999945246e+02   1.1649960241e-01   0.0000000000e+00   5.0000109509e-01   0.0000000000e+00   0.0000000000e+00   3.8349930250e-01
   9.4999945246e+02   1.1649960241e-01   0.0000000000e+00   5.0000109509e-01   0.0000000000e+00   0.0000000000e+00   3.8349930250e-01
   9.4999945246e+02   1.1649960241e-01   0.0000000000e+00   5.0000109509e-01   0.0000000000e+00   0.0000000000e+00   3.8349930250e-01
   9.5000009339e+02   1.1649990109e-01   0.0000000000e+00   4.9999981322e-01   0.0000000000e+00   0.0000000000e+00   3.8350028569e-01
   9.5000009339e+02   1.1649990109e-01   0.0000000000e+00   4.9999981322e-01   0.0000000000e+00   0.0000000000e+00   3.8350028569e-01
   9.5000009339e+02   1.1649990109e-01   0.0000000000e+00   4.9999981322e-01   0.0000000000e+00   0.0000000000e+00   3.8350028569e-01
   9.5000009339e+02   1.1649990109e-01   0.0000000000e+00   4.9999981322e-01   0.0000000000e+00   0.0000000000e+00   3.8350028569e-01
   9.4999966241e+02   1.1649970025e-01   0.0000000000e+00   5.0000067519e-01   0.0000000000e+00   0.0000000000e+00   3.8349962456e-01
   9.4999966241e+02   1.1649970025e-01   0.0000000000e+00   5.0000067519e-01   0.0000000000e+00   0.0000000000e+00   3.8349962456e-01
   9.4999990551e+02   1.1649981354e-01   0.0000000000e+00   5.0000018898e-01   0.0000000000e+00   0.0000000000e+00   3.8349999748e-01
   9.4999990551e+02   1.1649981354e-01   0.0000000000e+00   5.0000018898e-01   0.0000000000e+00   0.0000000000e+00   3.8349999748e-01
   9.4999978396e+02   1.1649975690e-01   0.0000000000e+00   5.0000043208e-01   0.0000000000e+00   0.0000000000e+00   3.8349981102e-01
   9.4999978396e+02   1.1649975690e-01   0.0000000000e+00   5.0000043208e-01   0.0000000000e+00   0.0000000000e+00   3.8349981102e-01
   9.4999978396e+02   1.1649975690e-01   0.0000000000e+00   5.0000043208e-01   0.0000000000e+00   0.0000000000e+00   3.8349981102e-01
   9.4999978396e+02   1.1649975690e-01   0.0000000000e+00   5.0000043208e-01   0.0000000000e+00   0.0000000000e+00   3.8349981102e-01
   9.4999966241e+02   1.1649970025e-01   0.0000000000e+00   5.0000067519e-01   0.0000000000e+00   0.0000000000e+00   3.8349962456e-01
   9.4999966241e+02   1.1649970025e-01   0.0000000000e+00   5.0000067519e-01   0.0000000000e+00   0.0000000000e+00   3.8349962456e-01
   9.4999966241e+02   1.1649970025e-01   0.0000000000e+00   5.0000067519e-01   0.0000000000e+00   0.0000000000e+00   3.8349962456e-01
   9.4999966241e+02   1.1649970025e-01   0.0000000000e+00   5.0000067519e-01   0.0000000000e+00   0.0000000000e+00   3.8349962456e-01
   9.4999987236e+02   1.1649979809e-01   0.0000000000e+00   5.0000025528e-01   0.0000000000e+00   0.0000000000e+00   3.8349994663e-01
   9.4999987236e+02   1.1649979809e-01   0.0000000000e+00   5.0000025528e-01   0.0000000000e+00   0.0000000000e+00   3.8349994663e-01
   9.4999945246e+02   1.1649960241e-01   0.0000000000e+00   5.0000109509e-01   0.0000000000e+00   0.0000000000e+00   3.8349930250e-01
   9.4999945246e+02   1.1649960241e-01   0.0000000000e+00   5.0000109509e-01   0.0000000000e+00   0.0000000000e+00   3.8349930250e-01
   9.4999892385e+02   1.1649935608e-01   0.0000000000e+00   5.0000215231e-01   0.0000000000e+00   0.0000000000e+00   3.8349849161e-01
   9.4999892385e+02   1.1649935608e-01   0.0000000000e+00   5.0000215231e-01   0.0000000000e+00   0.0000000000e+00   3.8349849161e-01
   9.4999892385e+02   1.1649935608e-01   0.0000000000e+00   5.0000215231e-01   0.0000000000e+00   0.0000000000e+00   3.8349849161e-01
   9.4999892385e+02   1.1649935608e-01   0.0000000000e+00   5.0000215231e-01   0.0000000000e+00   0.0000000000e+00   3.8349849161e-01
   9.4999892385e+02   1.1649935608e-01   0.0000000000e+00   5.0000215231e-01   0.0000000000e+00   0.0000000000e+00   3.8349849161e-01
   9.4999892385e+02   1.1649935608e-01   0.0000000000e+00   5.0000215231e-01   0.0000000000e+00   0.0000000000e+00   3.8349849161e-01
   9.4999892385e+02   1.1649935608e-01   0.0000000000e+00   5.0000215231e-01   0.0000000000e+00   0.0000000000e+00   3.8349849161e-01
   9.4999892385e+02   1.1649935608e-01   0.0000000000e+00   5.0000215231e-01   0.0000000000e+00   0.0000000000e+00   3.8349849161e-01
   9.5000007082e+02   1.1649989057e-01   0.0000000000e+00   4.9999985836e-01   0.0000000000e+00   0.0000000000e+00   3.8350025107e-01
   9.5000007082e+02   1.1649989057e-01   0.0000000000e+00   4.9999985836e-01   0.0000000000e+00   0.0000000000e+00   3.8350025107e-01
   9.5000007082e+02   1.1649989057e-01   0.0000000000e+00   4.9999985836e-01   0.0000000000e+00   0.0000000000e+00   3.8350025107e-01
   9.5000007082e+02   1.1649989057e-01   0.0000000000e+00   4.9999985836e-01   0.0000000000e+00   0.0000000000e+00   3.8350025107e-01
   9.5000007082e+02   1.1649989057e-01   0.0000000000e+00   4.9999985836e-01   0.0000000000e+00   0.0000000000e+00   3.8350025107e-01
   9.5000007082e+02   1.1649989057e-01   0.0000000000e+00   4.9999985836e-01   0.0000000000e+00   0.0000000000e+00   3.8350025107e-01
   9.5000007082e+02   1.1649989057e-01   0.0000000000e+00   4.9999985836e-01   0.0000000000e+00   0.0000000000e+00   3.8350025107e-01
   9.5000007082e+02   1.1649989057e-01   0.0000000000e+00   4.9999985836e-01   0.0000000000e+00   0.0000000000e+00   3.8350025107e-01
   9.4999975469e+02   1.1649974326e-01   0.0000000000e+00   5.0000049062e-01   0.0000000000e+00   0.0000000000e+00   3.8349976613e-01
   9.4999975469e+02   1.1649974326e-01   0.0000000000e+00   5.0000049062e-01   0.0000000000e+00   0.0000000000e+00   3.8349976613e-01
   9.4999975469e+02   1.1649974326e-01   0.0000000000e+00   5.0000049062e-01   0.0000000000e+00   0.0000000000e+00   3.8349976613e-01
   9.4999975469e+02   1.1649974326e-01   0.0000000000e+00   5.0000049062e-01   0.0000000000e+00   0.0000000000e+00   3.8349976613e-01
   9.5000066737e+02   1.1650016856e-01   0.0000000000e+00   4.9999866526e-01   0.0000000000e+00   0.0000000000e+00   3.8350116618e-01
   9.5000066737e+02   1.1650016856e-01   0.0000000000e+00   4.9999866526e-01   0.0000000000e+00   0.0000000000e+00   3.8350116618e-01
   9.5000066737e+02   1.1650016856e-01   0.0000000000e+00   4.9999866526e-01   0.0000000000e+00   0.0000000000e+00   3.8350116618e-01
   9.5000066737e+02   1.1650016856e-01   0.0000000000e+00   4.9999866526e-01   0.0000000000e+00   0.0000000000e+00   3.8350116618e-01
   9.4999975469e+02   1.1649974326e-01   0.0000000000e+00   5.0000049062e-01   0.0000000000e+00   0.0000000000e+00   3.8349976613e-01
   9.4999975469e+02   1.1649974326e-01   0.0000000000e+00   5.0000049062e-01   0.0000000000e+00   0.0000000000e+00   3.8349976613e-01
   9.4999975469e+02   1.1649974326e-01   0.0000000000e+00   5.0000049062e-01   0.0000000000e+00   0.0000000000e+00   3.8349976613e-01
   9.4999975469e+02   1.1649974326e-01   0.0000000000e+00   5.0000049062e-01   0.0000000000e+00   0.0000000000e+00   3.8349976613e-01
   9.4999984041e+02   1.1649978320e-01   0.0000000000e+00   5.0000031919e-01   0.0000000000e+00   0.0000000000e+00   3.8349989761e-01
   9.4999984041e+02   1.1649978320e-01   0.0000000000e+00   5.0000031919e-01   0.0000000000e+00   0.0000000000e+00   3.8349989761e-01
   9.4999984041e+02   1.1649978320e-01   0.0000000000e+00   5.0000031919e-01   0.0000000000e+00   0.0000000000e+00   3.8349989761e-01
   9.4999984041e+02   1.1649978320e-01   0.0000000000e+00   5.0000031919e-01   0.0000000000e+00   0.0000000000e+00   3.8349989761e-01
   9.5000784668e+02   1.1650351412e-01   0.0000000000e+00   4.9998430664e-01   0.0000000000e+00   0.0000000000e+00   3.8351217924e-01
   9.5000784668e+02   1.1650351412e-01   0.0000000000e+00   4.9998430664e-01   0.0000000000e+00   0.0000000000e+00   3.8351217924e-01
   9.5000784668e+02   1.1650351412e-01   0.0000000000e+00   4.9998430664e-01   0.0000000000e+00   0.0000000000e+00   3.8351217924e-01
   9.5000784668e+02   1.1650351412e-01   0.0000000000e+00   4.9998430664e-01   0.0000000000e+00   0.0000000000e+00   3.8351217924e-01
   9.5000784668e+02   1.1650351412e-01   0.0000000000e+00   4.9998430664e-01   0.0000000000e+00   0.0000000000e+00   3.8351217924e-01
   9.5000784668e+02   1.1650351412e-01   0.0000000000e+00   4.9998430664e-01   0.0000000000e+00   0.0000000000e+00   3.8351217924e-01
   9.5000784668e+02   1.1650351412e-01   0.0000000000e+00   4.9998430664e-01   0.0000000000e+00   0.0000000000e+00   3.8351217924e-01
   9.5000784668e+02   1.1650351412e-01   0.0000000000e+00   4.9998430664e-01   0.0000000000e+00   0.0000000000e+00   3.8351217924e-01
   9.4999071850e+02   1.1649553240e-01   0.0000000000e+00   5.0001856300e-01   0.0000000000e+00   0.0000000000e+00   3.8348590460e-01
   9.4999071850e+02   1.1649553240e-01   0.0000000000e+00   5.0001856300e-01   0.0000000000e+00   0.0000000000e+00   3.8348590460e-01
   9.4999071850e+02   1.1649553240e-01   0.0000000000e+00   5.0001856300e-01   0.0000000000e+00   0.0000000000e+00   3.8348590460e-01
   9.4999071850e+02   1.1649553240e-01   0.0000000000e+00   5.0001856300e-01   0.0000000000e+00   0.0000000000e+00   3.8348590460e-01
   9.4999071850e+02   1.1649553240e-01   0.0000000000e+00   5.0001856300e-01   0.0000000000e+00   0.0000000000e+00   3.8348590460e-01
   9.4999071850e+02   1.1649553240e-01   0.0000000000e+00   5.0001856300e-01   0.0000000000e+00   0.0000000000e+00   3.8348590460e-01
   9.4999071850e+02   1.1649553240e-01   0.0000000000e+00   5.0001856300e-01   0.0000000000e+00   0.0000000000e+00   3.8348590460e-01
   9.4999071850e+02   1.1649553240e-01   0.0000000000e+00   5.0001856300e-01   0.0000000000e+00   0.0000000000e+00   3.8348590460e-01
   9.5000866705e+02   1.1650389641e-01   0.0000000000e+00   4.9998266591e-01   0.0000000000e+00   0.0000000000e+00   3.8351343768e-01
   9.5000866705e+02   1.1650389641e-01   0.0000000000e+00   4.9998266591e-01   0.0000000000e+00   0.0000000000e+00   3.8351343768e-01
   9.5000866705e+02   1.1650389641e-01   0.0000000000e+00   4.9998266591e-01   0.0000000000e+00   0.0000000000e+00   3.8351343768e-01
   9.5000866705e+02   1.1650389641e-01   0.0000000000e+00   4.9998266591e-01   0.0000000000e+00   0.0000000000e+00   3.8351343768e-01
   9.5000870804e+02   1.1650391551e-01   0.0000000000e+00   4.9998258392e-01   0.0000000000e+00   0.0000000000e+00   3.8351350057e-01
   9.5000870804e+02   1.1650391551e-01   0.0000000000e+00   4.9998258392e-01   0.0000000000e+00   0.0000000000e+00   3.8351350057e-01
   9.5000870804e+02   1.1650391551e-01   0.0000000000e+00   4.9998258392e-01   0.0000000000e+00   0.0000000000e+00   3.8351350057e-01
   9.5000870804e+02   1.1650391551e-01   0.0000000000e+00   4.9998258392e-01   0.0000000000e+00   0.0000000000e+00   3.8351350057e-01
   9.5000761082e+02   1.1650340421e-01   0.0000000000e+00   4.9998477837e-01   0.0000000000e+00   0.0000000000e+00   3.8351181743e-01
   9.5000761082e+02   1.1650340421e-01   0.0000000000e+00   4.9998477837e-01   0.0000000000e+00   0.0000000000e+00   3.8351181743e-01
   9.5000870804e+02   1.1650391551e-01   0.0000000000e+00   4.9998258392e-01   0.0000000000e+00   0.0000000000e+00   3.8351350057e-01
   9.5000870804e+02   1.1650391551e-01   0.0000000000e+00   4.9998258392e-01   0.0000000000e+00   0.0000000000e+00   3.8351350057e-01
   9.5000870804e+02   1.1650391551e-01   0.0000000000e+00   4.9998258392e-01   0.0000000000e+00   0.0000000000e+00   3.8351350057e-01
   9.5000870804e+02   1.1650391551e-01   0.0000000000e+00   4.9998258392e-01   0.0000000000e+00   0.0000000000e+00   3.8351350057e-01
   9.5000972328e+02   1.1650438861e-01   0.0000000000e+00   4.9998055345e-01   0.0000000000e+00   0.0000000000e+00   3.8351505794e-01
   9.5000972328e+02   1.1650438861e-01   0.0000000000e+00   4.9998055345e-01   0.0000000000e+00   0.0000000000e+00   3.8351505794e-01
   9.4999071850e+02   1.1649553240e-01   0.0000000000e+00   5.0001856300e-01   0.0000000000e+00   0.0000000000e+00   3.8348590460e-01
   9.4999071850e+02   1.1649553240e-01   0.0000000000e+00   5.0001856300e-01   0.0000000000e+00   0.0000000000e+00   3.8348590460e-01
   9.4999071850e+02   1.1649553240e-01   0.0000000000e+00   5.0001856300e-01   0.0000000000e+00   0.0000000000e+00   3.8348590460e-01
   9.4999071850e+02   1.1649553240e-01   0.0000000000e+00   5.0001856300e-01   0.0000000000e+00   0.0000000000e+00   3.8348590460e-01
   9.4999071850e+02   1.1649553240e-01   0.0000000000e+00   5.0001856300e-01   0.0000000000e+00   0.0000000000e+00   3.8348590460e-01
   9.4999071850e+02   1.1649553240e-01   0.0000000000e+00   5.0001856300e-01   0.0000000000e+00   0.0000000000e+00   3.8348590460e-01
   9.4999071850e+02   1.1649553240e-01   0.0000000000e+00   5.0001856300e-01   0.0000000000e+00   0.0000000000e+00   3.8348590460e-01
   9.4999071850e+02   1.1649553240e-01   0.0000000000e+00   5.0001856300e-01   0.0000000000e+00   0.0000000000e+00   3.8348590460e-01
   9.5000972328e+02   1.1650438861e-01   0.0000000000e+00   4.9998055345e-01   0.0000000000e+00   0.0000000000e+00   3.8351505794e-01
   9.5000972328e+02   1.1650438861e-01   0.0000000000e+00   4.9998055345e-01   0.0000000000e+00   0.0000000000e+00   3.8351505794e-01
   9.5000972328e+02   1.1650438861e-01   0.0000000000e+00   4.9998055345e-01   0.0000000000e+00   0.0000000000e+00   3.8351505794e-01
   9.5000972328e+02   1.1650438861e-01   0.0000000000e+00   4.9998055345e-01   0.0000000000e+00   0.0000000000e+00   3.8351505794e-01
   9.5000972328e+02   1.1650438861e-01   0.0000000000e+00   4.9998055345e-01   0.0000000000e+00   0.0000000000e+00   3.8351505794e-01
   9.5000972328e+02   1.1650438861e-01   0.0000000000e+00   4.9998055345e-01   0.0000000000e+00   0.0000000000e+00   3.8351505794e-01
   9.5000972328e+02   1.1650438861e-01   0.0000000000e+00   4.9998055345e-01   0.0000000000e+00   0.0000000000e+00   3.8351505794e-01
   9.5000972328e+02   1.1650438861e-01   0.0000000000e+00   4.9998055345e-01   0.0000000000e+00   0.0000000000e+00   3.8351505794e-01
   9.5000179007e+02   1.1650069174e-01   0.0000000000e+00   4.9999641985e-01   0.0000000000e+00   0.0000000000e+00   3.8350288840e-01
   9.5000179007e+02   1.1650069174e-01   0.0000000000e+00   4.9999641985e-01   0.0000000000e+00   0.0000000000e+00   3.8350288840e-01
   9.5000179007e+02   1.1650069174e-01   0.0000000000e+00   4.9999641985e-01   0.0000000000e+00   0.0000000000e+00   3.8350288840e-01
   9.5000179007e+02   1.1650069174e-01   0.0000000000e+00   4.9999641985e-01   0.0000000000e+00   0.0000000000e+00   3.8350288840e-01
   9.5000179007e+02   1.1650069174e-01   0.0000000000e+00   4.9999641985e-01   0.0000000000e+00   0.0000000000e+00   3.8350288840e-01
   9.5000179007e+02   1.1650069174e-01   0.0000000000e+00   4.9999641985e-01   0.0000000000e+00   0.0000000000e+00   3.8350288840e-01
   9.5000179007e+02   1.1650069174e-01   0.0000000000e+00   4.9999641985e-01   0.0000000000e+00   0.0000000000e+00   3.8350288840e-01
   9.5000179007e+02   1.1650069174e-01   0.0000000000e+00   4.9999641985e-01   0.0000000000e+00   0.0000000000e+00   3.8350288840e-01
   9.5000254021e+02   1.1650104131e-01   0.0000000000e+00   4.9999491958e-01   0.0000000000e+00   0.0000000000e+00   3.8350403911e-01
   9.5000254021e+02   1.1650104131e-01   0.0000000000e+00   4.9999491958e-01   0.0000000000e+00   0.0000000000e+00   3.8350403911e-01
   9.5000164005e+02   1.1650062183e-01   0.0000000000e+00   4.9999671991e-01   0.0000000000e+00   0.0000000000e+00   3.8350265826e-01
   9.5000164005e+02   1.1650062183e-01   0.0000000000e+00   4.9999671991e-01   0.0000000000e+00   0.0000000000e+00   3.8350265826e-01
   9.5000209013e+02   1.1650083157e-01   0.0000000000e+00   4.9999581974e-01   0.0000000000e+00   0.0000000000e+00   3.8350334869e-01
   9.5000209013e+02   1.1650083157e-01   0.0000000000e+00   4.9999581974e-01   0.0000000000e+00   0.0000000000e+00   3.8350334869e-01
   9.5000209013e+02   1.1650083157e-01   0.0000000000e+00   4.9999581974e-01   0.0000000000e+00   0.0000000000e+00   3.8350334869e-01
   9.5000209013e+02   1.1650083157e-01   0.0000000000e+00   4.9999581974e-01   0.0000000000e+00   0.0000000000e+00   3.8350334869e-01
   9.4999300879e+02   1.1649659967e-01   0.0000000000e+00   5.0001398243e-01   0.0000000000e+00   0.0000000000e+00   3.8348941790e-01
   9.4999300879e+02   1.1649659967e-01   0.0000000000e+00   5.0001398243e-01   0.0000000000e+00   0.0000000000e+00   3.8348941790e-01
   9.4999300879e+02   1.1649659967e-01   0.0000000000e+00   5.0001398243e-01   0.0000000000e+00   0.0000000000e+00   3.8348941790e-01
   9.4999300879e+02   1.1649659967e-01   0.0000000000e+00   5.0001398243e-01   0.0000000000e+00   0.0000000000e+00   3.8348941790e-01
   9.4999315350e+02   1.1649666710e-01   0.0000000000e+00   5.0001369300e-01   0.0000000000e+00   0.0000000000e+00   3.8348963990e-01
   9.4999315350e+02   1.1649666710e-01   0.0000000000e+00   5.0001369300e-01   0.0000000000e+00   0.0000000000e+00   3.8348963990e-01
   9.4999286407e+02   1.1649653223e-01   0.0000000000e+00   5.0001427186e-01   0.0000000000e+00   0.0000000000e+00   3.8348919591e-01
   9.4999286407e+02   1.1649653223e-01   0.0000000000e+00   5.0001427186e-01   0.0000000000e+00   0.0000000000e+00   3.8348919591e-01
   9.4999605965e+02   1.1649802137e-01   0.0000000000e+00   5.0000788069e-01   0.0000000000e+00   0.0000000000e+00   3.8349409794e-01
   9.4999605965e+02   1.1649802137e-01   0.0000000000e+00   5.0000788069e-01   0.0000000000e+00   0.0000000000e+00   3.8349409794e-01
   9.4999605965e+02   1.1649802137e-01   0.0000000000e+00   5.0000788069e-01   0.0000000000e+00   0.0000000000e+00   3.8349409794e-01
   9.4999605965e+02   1.1649802137e-01   0.0000000000e+00   5.0000788069e-01   0.0000000000e+00   0.0000000000e+00   3.8349409794e-01
   9.4999605965e+02   1.1649802137e-01   0.0000000000e+00   5.0000788069e-01   0.0000000000e+00   0.0000000000e+00   3.8349409794e-01
   9.4999605965e+02   1.1649802137e-01   0.0000000000e+00   5.0000788069e-01   0.0000000000e+00   0.0000000000e+00   3.8349409794e-01
   9.4999605965e+02   1.1649802137e-01   0.0000000000e+00   5.0000788069e-01   0.0000000000e+00   0.0000000000e+00   3.8349409794e-01
   9.4999605965e+02   1.1649802137e-01   0.0000000000e+00   5.0000788069e-01   0.0000000000e+00   0.0000000000e+00   3.8349409794e-01
   9.5000196386e+02   1.1650077273e-01   0.0000000000e+00   4.9999607227e-01   0.0000000000e+00   0.0000000000e+00   3.8350315500e-01
   9.5000196386e+02   1.1650077273e-01   0.0000000000e+00   4.9999607227e-01   0.0000000000e+00   0.0000000000e+00   3.8350315500e-01
   9.5000196386e+02   1.1650077273e-01   0.0000000000e+00   4.9999607227e-01   0.0000000000e+00   0.0000000000e+00   3.8350315500e-01
   9.5000196386e+02   1.1650077273e-01   0.0000000000e+00   4.9999607227e-01   0.0000000000e+00   0.0000000000e+00   3.8350315500e-01
   9.5000196386e+02   1.1650077273e-01   0.0000000000e+00   4.9999607227e-01   0.0000000000e+00   0.0000000000e+00   3.8350315500e-01
   9.5000196386e+02   1.1650077273e-01   0.0000000000e+00   4.9999607227e-01   0.0000000000e+00   0.0000000000e+00   3.8350315500e-01
   9.5000196386e+02   1.1650077273e-01   0.0000000000e+00   4.9999607227e-01   0.0000000000e+00   0.0000000000e+00   3.8350315500e-01
   9.5000196386e+02   1.1650077273e-01   0.0000000000e+00   4.9999607227e-01   0.0000000000e+00   0.0000000000e+00   3.8350315500e-01
   9.4999281286e+02   1.1649650837e-01   0.0000000000e+00   5.0001437427e-01   0.0000000000e+00   0.0000000000e+00   3.8348911736e-01
   9.4999281286e+02   1.1649650837e-01   0.0000000000e+00   5.0001437427e-01   0.0000000000e+00   0.0000000000e+00   3.8348911736e-01
   9.4999315350e+02   1.1649666710e-01   0.0000000000e+00   5.0001369300e-01   0.0000000000e+00   0.0000000000e+00   3.8348963990e-01
   9.4999315350e+02   1.1649666710e-01   0.0000000000e+00   5.0001369300e-01   0.0000000000e+00   0.0000000000e+00   3.8348963990e-01
   9.4999298318e+02   1.1649658774e-01   0.0000000000e+00   5.0001403364e-01   0.0000000000e+00   0.0000000000e+00   3.8348937863e-01
   9.4999298318e+02   1.1649658774e-01   0.0000000000e+00   5.0001403364e-01   0.0000000000e+00   0.0000000000e+00   3.8348937863e-01
   9.4999298318e+02   1.1649658774e-01   0.0000000000e+00   5.0001403364e-01   0.0000000000e+00   0.0000000000e+00   3.8348937863e-01
   9.4999298318e+02   1.1649658774e-01   0.0000000000e+00   5.0001403364e-01   0.0000000000e+00   0.0000000000e+00   3.8348937863e-01
   9.5000408495e+02   1.1650176115e-01   0.0000000000e+00   4.9999183010e-01   0.0000000000e+00   0.0000000000e+00   3.8350640874e-01
   9.5000408495e+02   1.1650176115e-01   0.0000000000e+00   4.9999183010e-01   0.0000000000e+00   0.0000000000e+00   3.8350640874e-01
   9.5000408495e+02   1.1650176115e-01   0.0000000000e+00   4.9999183010e-01   0.0000000000e+00   0.0000000000e+00   3.8350640874e-01
   9.5000408495e+02   1.1650176115e-01   0.0000000000e+00   4.9999183010e-01   0.0000000000e+00   0.0000000000e+00   3.8350640874e-01
   9.5000408495e+02   1.1650176115e-01   0.0000000000e+00   4.9999183010e-01   0.0000000000e+00   0.0000000000e+00   3.8350640874e-01
   9.5000408495e+02   1.1650176115e-01   0.0000000000e+00   4.9999183010e-01   0.0000000000e+00   0.0000000000e+00   3.8350640874e-01
   9.5000408495e+02   1.1650176115e-01   0.0000000000e+00   4.9999183010e-01   0.0000000000e+00   0.0000000000e+00   3.8350640874e-01
   9.5000408495e+02   1.1650176115e-01   0.0000000000e+00   4.9999183010e-01   0.0000000000e+00   0.0000000000e+00   3.8350640874e-01
   9.4999118067e+02   1.1649574777e-01   0.0000000000e+00   5.0001763866e-01   0.0000000000e+00   0.0000000000e+00   3.8348661358e-01
   9.4999118067e+02   1.1649574777e-01   0.0000000000e+00   5.0001763866e-01   0.0000000000e+00   0.0000000000e+00   3.8348661358e-01
   9.4999118067e+02   1.1649574777e-01   0.0000000000e+00   5.0001763866e-01   0.0000000000e+00   0.0000000000e+00   3.8348661358e-01
   9.4999118067e+02   1.1649574777e-01   0.0000000000e+00   5.0001763866e-01   0.0000000000e+00   0.0000000000e+00   3.8348661358e-01
   9.4999118067e+02   1.1649574777e-01   0.0000000000e+00   5.0001763866e-01   0.0000000000e+00   0.0000000000e+00   3.8348661358e-01
   9.4999118067e+02   1.1649574777e-01   0.0000000000e+00   5.0001763866e-01   0.0000000000e+00   0.0000000000e+00   3.8348661358e-01
   9.4999118067e+02   1.1649574777e-01   0.0000000000e+00   5.0001763866e-01   0.0000000000e+00   0.0000000000e+00   3.8348661358e-01
   9.4999118067e+02   1.1649574777e-01   0.0000000000e+00   5.0001763866e-01   0.0000000000e+00   0.0000000000e+00   3.8348661358e-01
   9.5000196386e+02   1.1650077273e-01   0.0000000000e+00   4.9999607227e-01   0.0000000000e+00   0.0000000000e+00   3.8350315500e-01
   9.5000196386e+02   1.1650077273e-01   0.0000000000e+00   4.9999607227e-01   0.0000000000e+00   0.0000000000e+00   3.8350315500e-01
   9.5000196386e+02   1.1650077273e-01   0.0000000000e+00   4.9999607227e-01   0.0000000000e+00   0.0000000000e+00   3.8350315500e-01
   9.5000196386e+02   1.1650077273e-01   0.0000000000e+00   4.9999607227e-01   0.0000000000e+00   0.0000000000e+00   3.8350315500e-01
   9.4999015544e+02   1.1649527001e-01   0.0000000000e+00   5.0001968912e-01   0.0000000000e+00   0.0000000000e+00   3.8348504087e-01
   9.4999015544e+02   1.1649527001e-01   0.0000000000e+00   5.0001968912e-01   0.0000000000e+00   0.0000000000e+00   3.8348504087e-01
   9.4999015544e+02   1.1649527001e-01   0.0000000000e+00   5.0001968912e-01   0.0000000000e+00   0.0000000000e+00   3.8348504087e-01
   9.4999015544e+02   1.1649527001e-01   0.0000000000e+00   5.0001968912e-01   0.0000000000e+00   0.0000000000e+00   3.8348504087e-01
   9.5000408495e+02   1.1650176115e-01   0.0000000000e+00   4.9999183010e-01   0.0000000000e+00   0.0000000000e+00   3.8350640874e-01
   9.5000408495e+02   1.1650176115e-01   0.0000000000e+00   4.9999183010e-01   0.0000000000e+00   0.0000000000e+00   3.8350640874e-01
   9.5000408495e+02   1.1650176115e-01   0.0000000000e+00   4.9999183010e-01   0.0000000000e+00   0.0000000000e+00   3.8350640874e-01
   9.5000408495e+02   1.1650176115e-01   0.0000000000e+00   4.9999183010e-01   0.0000000000e+00   0.0000000000e+00   3.8350640874e-01
   9.5000408495e+02   1.1650176115e-01   0.0000000000e+00   4.9999183010e-01   0.0000000000e+00   0.0000000000e+00   3.8350640874e-01
   9.5000408495e+02   1.1650176115e-01   0.0000000000e+00   4.9999183010e-01   0.0000000000e+00   0.0000000000e+00   3.8350640874e-01
   9.5000408495e+02   1.1650176115e-01   0.0000000000e+00   4.9999183010e-01   0.0000000000e+00   0.0000000000e+00   3.8350640874e-01
   9.5000408495e+02   1.1650176115e-01   0.0000000000e+00   4.9999183010e-01   0.0000000000e+00   0.0000000000e+00   3.8350640874e-01