# time = 49.5214
# Grid Poins = 256    variable_0    variable_1    variable_2    variable_3    variable_4    variable_5    variable_6
   9.5011434866e+02   1.1655314398e-01   0.0000000000e+00   4.9977130267e-01   0.0000000000e+00   0.0000000000e+00   3.8367555335e-01
   9.5011434866e+02   1.1655314398e-01   0.0000000000e+00   4.9977130267e-01   0.0000000000e+00   0.0000000000e+00   3.8367555335e-01
   9.5010715139e+02   1.1654979006e-01   0.0000000000e+00   4.9978569722e-01   0.0000000000e+00   0.0000000000e+00   3.8366451273e-01
   9.5010715139e+02   1.1654979006e-01   0.0000000000e+00   4.9978569722e-01   0.0000000000e+00   0.0000000000e+00   3.8366451273e-01
   9.5010715139e+02   1.1654979006e-01   0.0000000000e+00   4.9978569722e-01   0.0000000000e+00   0.0000000000e+00   3.8366451273e-01
   9.5010715139e+02   1.1654979006e-01   0.0000000000e+00   4.9978569722e-01   0.0000000000e+00   0.0000000000e+00   3.8366451273e-01
   9.5011434866e+02   1.1655314398e-01   0.0000000000e+00   4.9977130267e-01   0.0000000000e+00   0.0000000000e+00   3.8367555335e-01
   9.5011434866e+02   1.1655314398e-01   0.0000000000e+00   4.9977130267e-01   0.0000000000e+00   0.0000000000e+00   3.8367555335e-01
   9.5011075003e+02   1.1655146702e-01   0.0000000000e+00   4.9977849994e-01   0.0000000000e+00   0.0000000000e+00   3.8367003304e-01
   9.5011075003e+02   1.1655146702e-01   0.0000000000e+00   4.9977849994e-01   0.0000000000e+00   0.0000000000e+00   3.8367003304e-01
   9.5011075003e+02   1.1655146702e-01   0.0000000000e+00   4.9977849994e-01   0.0000000000e+00   0.0000000000e+00   3.8367003304e-01
   9.5011075003e+02   1.1655146702e-01   0.0000000000e+00   4.9977849994e-01   0.0000000000e+00   0.0000000000e+00   3.8367003304e-01
   9.5011075003e+02   1.1655146702e-01   0.0000000000e+00   4.9977849994e-01   0.0000000000e+00   0.0000000000e+00   3.8367003304e-01
   9.5011075003e+02   1.1655146702e-01   0.0000000000e+00   4.9977849994e-01   0.0000000000e+00   0.0000000000e+00   3.8367003304e-01
   9.5011075003e+02   1.1655146702e-01   0.0000000000e+00   4.9977849994e-01   0.0000000000e+00   0.0000000000e+00   3.8367003304e-01
   9.5011075003e+02   1.1655146702e-01   0.0000000000e+00   4.9977849994e-01   0.0000000000e+00   0.0000000000e+00   3.8367003304e-01
   9.4994548673e+02   1.1647445442e-01   0.0000000000e+00   5.0010902654e-01   0.0000000000e+00   0.0000000000e+00   3.8341651904e-01
   9.4994548673e+02   1.1647445442e-01   0.0000000000e+00   5.0010902654e-01   0.0000000000e+00   0.0000000000e+00   3.8341651904e-01
   9.4992782518e+02   1.1646622414e-01   0.0000000000e+00   5.0014434965e-01   0.0000000000e+00   0.0000000000e+00   3.8338942621e-01
   9.4992782518e+02   1.1646622414e-01   0.0000000000e+00   5.0014434965e-01   0.0000000000e+00   0.0000000000e+00   3.8338942621e-01
   9.4996223761e+02   1.1648226032e-01   0.0000000000e+00   5.0007552478e-01   0.0000000000e+00   0.0000000000e+00   3.8344221491e-01
   9.4996223761e+02   1.1648226032e-01   0.0000000000e+00   5.0007552478e-01   0.0000000000e+00   0.0000000000e+00   3.8344221491e-01
   9.4996223761e+02   1.1648226032e-01   0.0000000000e+00   5.0007552478e-01   0.0000000000e+00   0.0000000000e+00   3.8344221491e-01
   9.4996223761e+02   1.1648226032e-01   0.0000000000e+00   5.0007552478e-01   0.0000000000e+00   0.0000000000e+00   3.8344221491e-01
   9.4996223761e+02   1.1648226032e-01   0.0000000000e+00   5.0007552478e-01   0.0000000000e+00   0.0000000000e+00   3.8344221491e-01
   9.4996223761e+02   1.1648226032e-01   0.0000000000e+00   5.0007552478e-01   0.0000000000e+00   0.0000000000e+00   3.8344221491e-01
   9.4996223761e+02   1.1648226032e-01   0.0000000000e+00   5.0007552478e-01   0.0000000000e+00   0.0000000000e+00   3.8344221491e-01
   9.4996223761e+02   1.1648226032e-01   0.0000000000e+00   5.0007552478e-01   0.0000000000e+00   0.0000000000e+00   3.8344221491e-01
   9.4991899440e+02   1.1646210901e-01   0.0000000000e+00   5.0016201120e-01   0.0000000000e+00   0.0000000000e+00   3.8337587979e-01
   9.4991899440e+02   1.1646210901e-01   0.0000000000e+00   5.0016201120e-01   0.0000000000e+00   0.0000000000e+00   3.8337587979e-01
   9.4991899440e+02   1.1646210901e-01   0.0000000000e+00   5.0016201120e-01   0.0000000000e+00   0.0000000000e+00   3.8337587979e-01
   9.4991899440e+02   1.1646210901e-01   0.0000000000e+00   5.0016201120e-01   0.0000000000e+00   0.0000000000e+00   3.8337587979e-01
   9.4991342849e+02   1.1645951529e-01   0.0000000000e+00   5.0017314303e-01   0.0000000000e+00   0.0000000000e+00   3.8336734168e-01
   9.4991342849e+02   1.1645951529e-01   0.0000000000e+00   5.0017314303e-01   0.0000000000e+00   0.0000000000e+00   3.8336734168e-01
   9.4991342849e+02   1.1645951529e-01   0.0000000000e+00   5.0017314303e-01   0.0000000000e+00   0.0000000000e+00   3.8336734168e-01
   9.4991342849e+02   1.1645951529e-01   0.0000000000e+00   5.0017314303e-01   0.0000000000e+00   0.0000000000e+00   3.8336734168e-01
   9.4991342849e+02   1.1645951529e-01   0.0000000000e+00   5.0017314303e-01   0.0000000000e+00   0.0000000000e+00   3.8336734168e-01
   9.4991342849e+02   1.1645951529e-01   0.0000000000e+00   5.0017314303e-01   0.0000000000e+00   0.0000000000e+00   3.8336734168e-01
   9.4991342849e+02   1.1645951529e-01   0.0000000000e+00   5.0017314303e-01   0.0000000000e+00   0.0000000000e+00   3.8336734168e-01
   9.4991342849e+02   1.1645951529e-01   0.0000000000e+00   5.0017314303e-01   0.0000000000e+00   0.0000000000e+00   3.8336734168e-01
   9.4992062603e+02   1.1646286934e-01   0.0000000000e+00   5.0015874795e-01   0.0000000000e+00   0.0000000000e+00   3.8337838271e-01
   9.4992062603e+02   1.1646286934e-01   0.0000000000e+00   5.0015874795e-01   0.0000000000e+00   0.0000000000e+00   3.8337838271e-01
   9.4992062603e+02   1.1646286934e-01   0.0000000000e+00   5.0015874795e-01   0.0000000000e+00   0.0000000000e+00   3.8337838271e-01
   9.4992062603e+02   1.1646286934e-01   0.0000000000e+00   5.0015874795e-01   0.0000000000e+00   0.0000000000e+00   3.8337838271e-01
   9.4992062603e+02   1.1646286934e-01   0.0000000000e+00   5.0015874795e-01   0.0000000000e+00   0.0000000000e+00   3.8337838271e-01
   9.4992062603e+02   1.1646286934e-01   0.0000000000e+00   5.0015874795e-01   0.0000000000e+00   0.0000000000e+00   3.8337838271e-01
   9.4992062603e+02   1.1646286934e-01   0.0000000000e+00   5.0015874795e-01   0.0000000000e+00   0.0000000000e+00   3.8337838271e-01
   9.4992062603e+02   1.1646286934e-01   0.0000000000e+00   5.0015874795e-01   0.0000000000e+00   0.0000000000e+00   3.8337838271e-01
   9.5009150701e+02   1.1654249978e-01   0.0000000000e+00   4.9981698598e-01   0.0000000000e+00   0.0000000000e+00   3.8364051423e-01
   9.5009150701e+02   1.1654249978e-01   0.0000000000e+00   4.9981698598e-01   0.0000000000e+00   0.0000000000e+00   3.8364051423e-01
   9.5009150701e+02   1.1654249978e-01   0.0000000000e+00   4.9981698598e-01   0.0000000000e+00   0.0000000000e+00   3.8364051423e-01
   9.5009150701e+02   1.1654249978e-01   0.0000000000e+00   4.9981698598e-01   0.0000000000e+00   0.0000000000e+00   3.8364051423e-01
   9.5009150701e+02   1.1654249978e-01   0.0000000000e+00   4.9981698598e-01   0.0000000000e+00   0.0000000000e+00   3.8364051423e-01
   9.5009150701e+02   1.1654249978e-01   0.0000000000e+00   4.9981698598e-01   0.0000000000e+00   0.0000000000e+00   3.8364051423e-01
   9.5009150701e+02   1.1654249978e-01   0.0000000000e+00   4.9981698598e-01   0.0000000000e+00   0.0000000000e+00   3.8364051423e-01
   9.5009150701e+02   1.1654249978e-01   0.0000000000e+00   4.9981698598e-01   0.0000000000e+00   0.0000000000e+00   3.8364051423e-01
   9.5008329354e+02   1.1653867231e-01   0.0000000000e+00   4.9983341291e-01   0.0000000000e+00   0.0000000000e+00   3.8362791477e-01
   9.5008329354e+02   1.1653867231e-01   0.0000000000e+00   4.9983341291e-01   0.0000000000e+00   0.0000000000e+00   3.8362791477e-01
   9.5009972047e+02   1.1654632725e-01   0.0000000000e+00   4.9980055905e-01   0.0000000000e+00   0.0000000000e+00   3.8365311369e-01
   9.5009972047e+02   1.1654632725e-01   0.0000000000e+00   4.9980055905e-01   0.0000000000e+00   0.0000000000e+00   3.8365311369e-01
   9.5008329354e+02   1.1653867231e-01   0.0000000000e+00   4.9983341291e-01   0.0000000000e+00   0.0000000000e+00   3.8362791477e-01
   9.5008329354e+02   1.1653867231e-01   0.0000000000e+00   4.9983341291e-01   0.0000000000e+00   0.0000000000e+00   3.8362791477e-01
   9.5009972047e+02   1.1654632725e-01   0.0000000000e+00   4.9980055905e-01   0.0000000000e+00   0.0000000000e+00   3.8365311369e-01
   9.5009972047e+02   1.1654632725e-01   0.0000000000e+00   4.9980055905e-01   0.0000000000e+00   0.0000000000e+00   3.8365311369e-01
   9.4984564490e+02   1.1642792818e-01   0.0000000000e+00   5.0030871020e-01   0.0000000000e+00   0.0000000000e+00   3.8326336162e-01
   9.4984564490e+02   1.1642792818e-01   0.0000000000e+00   5.0030871020e-01   0.0000000000e+00   0.0000000000e+00   3.8326336162e-01
   9.4984564490e+02   1.1642792818e-01   0.0000000000e+00   5.0030871020e-01   0.0000000000e+00   0.0000000000e+00   3.8326336162e-01
   9.4984564490e+02   1.1642792818e-01   0.0000000000e+00   5.0030871020e-01   0.0000000000e+00   0.0000000000e+00   3.8326336162e-01
   9.4984359589e+02   1.1642697334e-01   0.0000000000e+00   5.0031280822e-01   0.0000000000e+00   0.0000000000e+00   3.8326021843e-01
   9.4984359589e+02   1.1642697334e-01   0.0000000000e+00   5.0031280822e-01   0.0000000000e+00   0.0000000000e+00   3.8326021843e-01
   9.4984769391e+02   1.1642888302e-01   0.0000000000e+00   5.0030461218e-01   0.0000000000e+00   0.0000000000e+00   3.8326650480e-01
   9.4984769391e+02   1.1642888302e-01   0.0000000000e+00   5.0030461218e-01   0.0000000000e+00   0.0000000000e+00   3.8326650480e-01
   9.4987994350e+02   1.1644391131e-01   0.0000000000e+00   5.0024011300e-01   0.0000000000e+00   0.0000000000e+00   3.8331597569e-01
   9.4987994350e+02   1.1644391131e-01   0.0000000000e+00   5.0024011300e-01   0.0000000000e+00   0.0000000000e+00   3.8331597569e-01
   9.4987994350e+02   1.1644391131e-01   0.0000000000e+00   5.0024011300e-01   0.0000000000e+00   0.0000000000e+00   3.8331597569e-01
   9.4987994350e+02   1.1644391131e-01   0.0000000000e+00   5.0024011300e-01   0.0000000000e+00   0.0000000000e+00   3.8331597569e-01
   9.4997942429e+02   1.1649026930e-01   0.0000000000e+00   5.0004115143e-01   0.0000000000e+00   0.0000000000e+00   3.8346857927e-01
   9.4997942429e+02   1.1649026930e-01   0.0000000000e+00   5.0004115143e-01   0.0000000000e+00   0.0000000000e+00   3.8346857927e-01
   9.4991310376e+02   1.1645936397e-01   0.0000000000e+00   5.0017379247e-01   0.0000000000e+00   0.0000000000e+00   3.8336684355e-01
   9.4991310376e+02   1.1645936397e-01   0.0000000000e+00   5.0017379247e-01   0.0000000000e+00   0.0000000000e+00   3.8336684355e-01
   9.4991974131e+02   1.1646245707e-01   0.0000000000e+00   5.0016051737e-01   0.0000000000e+00   0.0000000000e+00   3.8337702556e-01
   9.4991974131e+02   1.1646245707e-01   0.0000000000e+00   5.0016051737e-01   0.0000000000e+00   0.0000000000e+00   3.8337702556e-01
   9.4991974131e+02   1.1646245707e-01   0.0000000000e+00   5.0016051737e-01   0.0000000000e+00   0.0000000000e+00   3.8337702556e-01
   9.4991974131e+02   1.1646245707e-01   0.0000000000e+00   5.0016051737e-01   0.0000000000e+00   0.0000000000e+00   3.8337702556e-01
   9.4991974131e+02   1.1646245707e-01   0.0000000000e+00   5.0016051737e-01   0.0000000000e+00   0.0000000000e+00   3.8337702556e-01
   9.4991974131e+02   1.1646245707e-01   0.0000000000e+00   5.0016051737e-01   0.0000000000e+00   0.0000000000e+00   3.8337702556e-01
   9.4991974131e+02   1.1646245707e-01   0.0000000000e+00   5.0016051737e-01   0.0000000000e+00   0.0000000000e+00   3.8337702556e-01
   9.4991974131e+02   1.1646245707e-01   0.0000000000e+00   5.0016051737e-01   0.0000000000e+00   0.0000000000e+00   3.8337702556e-01
   9.4991342849e+02   1.1645951529e-01   0.0000000000e+00   5.0017314303e-01   0.0000000000e+00   0.0000000000e+00   3.8336734168e-01
   9.4991342849e+02   1.1645951529e-01   0.0000000000e+00   5.0017314303e-01   0.0000000000e+00   0.0000000000e+00   3.8336734168e-01
   9.4991342849e+02   1.1645951529e-01   0.0000000000e+00   5.0017314303e-01   0.0000000000e+00   0.0000000000e+00   3.8336734168e-01
   9.4991342849e+02   1.1645951529e-01   0.0000000000e+00   5.0017314303e-01   0.0000000000e+00   0.0000000000e+00   3.8336734168e-01
   9.4991342849e+02   1.1645951529e-01   0.0000000000e+00   5.0017314303e-01   0.0000000000e+00   0.0000000000e+00   3.8336734168e-01
   9.4991342849e+02   1.1645951529e-01   0.0000000000e+00   5.0017314303e-01   0.0000000000e+00   0.0000000000e+00   3.8336734168e-01
   9.4991342849e+02   1.1645951529e-01   0.0000000000e+00   5.0017314303e-01   0.0000000000e+00   0.0000000000e+00   3.8336734168e-01
   9.4991342849e+02   1.1645951529e-01   0.0000000000e+00   5.0017314303e-01   0.0000000000e+00   0.0000000000e+00   3.8336734168e-01
   9.5011372097e+02   1.1655285148e-01   0.0000000000e+00   4.9977255805e-01   0.0000000000e+00   0.0000000000e+00   3.8367459047e-01
   9.5011372097e+02   1.1655285148e-01   0.0000000000e+00   4.9977255805e-01   0.0000000000e+00   0.0000000000e+00   3.8367459047e-01
   9.5011372097e+02   1.1655285148e-01   0.0000000000e+00   4.9977255805e-01   0.0000000000e+00   0.0000000000e+00   3.8367459047e-01
   9.5011372097e+02   1.1655285148e-01   0.0000000000e+00   4.9977255805e-01   0.0000000000e+00   0.0000000000e+00   3.8367459047e-01
   9.5011183790e+02   1.1655197397e-01   0.0000000000e+00   4.9977632420e-01   0.0000000000e+00   0.0000000000e+00   3.8367170184e-01
   9.5011183790e+02   1.1655197397e-01   0.0000000000e+00   4.9977632420e-01   0.0000000000e+00   0.0000000000e+00   3.8367170184e-01
   9.5011309328e+02   1.1655255898e-01   0.0000000000e+00   4.9977381343e-01   0.0000000000e+00   0.0000000000e+00   3.8367362759e-01
   9.5011309328e+02   1.1655255898e-01   0.0000000000e+00   4.9977381343e-01   0.0000000000e+00   0.0000000000e+00   3.8367362759e-01
   9.5009586275e+02   1.1654452956e-01   0.0000000000e+00   4.9980827450e-01   0.0000000000e+00   0.0000000000e+00   3.8364719595e-01
   9.5009586275e+02   1.1654452956e-01   0.0000000000e+00   4.9980827450e-01   0.0000000000e+00   0.0000000000e+00   3.8364719595e-01
   9.5009586275e+02   1.1654452956e-01   0.0000000000e+00   4.9980827450e-01   0.0000000000e+00   0.0000000000e+00   3.8364719595e-01
   9.5009586275e+02   1.1654452956e-01   0.0000000000e+00   4.9980827450e-01   0.0000000000e+00   0.0000000000e+00   3.8364719595e-01
   9.5009586275e+02   1.1654452956e-01   0.0000000000e+00   4.9980827450e-01   0.0000000000e+00   0.0000000000e+00   3.8364719595e-01
   9.5009586275e+02   1.1654452956e-01   0.0000000000e+00   4.9980827450e-01   0.0000000000e+00   0.0000000000e+00   3.8364719595e-01
   9.5009586275e+02   1.1654452956e-01   0.0000000000e+00   4.9980827450e-01   0.0000000000e+00   0.0000000000e+00   3.8364719595e-01
   9.5009586275e+02   1.1654452956e-01   0.0000000000e+00   4.9980827450e-01   0.0000000000e+00   0.0000000000e+00   3.8364719595e-01
   9.5010787623e+02   1.1655012783e-01   0.0000000000e+00   4.9978424755e-01   0.0000000000e+00   0.0000000000e+00   3.8366562462e-01
   9.5010787623e+02   1.1655012783e-01   0.0000000000e+00   4.9978424755e-01   0.0000000000e+00   0.0000000000e+00   3.8366562462e-01
   9.5010787623e+02   1.1655012783e-01   0.0000000000e+00   4.9978424755e-01   0.0000000000e+00   0.0000000000e+00   3.8366562462e-01
   9.5010787623e+02   1.1655012783e-01   0.0000000000e+00   4.9978424755e-01   0.0000000000e+00   0.0000000000e+00   3.8366562462e-01
   9.5007130629e+02   1.1653308626e-01   0.0000000000e+00   4.9985738742e-01   0.0000000000e+00   0.0000000000e+00   3.8360952632e-01
   9.5007130629e+02   1.1653308626e-01   0.0000000000e+00   4.9985738742e-01   0.0000000000e+00   0.0000000000e+00   3.8360952632e-01
   9.5007130629e+02   1.1653308626e-01   0.0000000000e+00   4.9985738742e-01   0.0000000000e+00   0.0000000000e+00   3.8360952632e-01
   9.5007130629e+02   1.1653308626e-01   0.0000000000e+00   4.9985738742e-01   0.0000000000e+00   0.0000000000e+00   3.8360952632e-01
   9.5010243087e+02   1.1654759030e-01   0.0000000000e+00   4.9979513826e-01   0.0000000000e+00   0.0000000000e+00   3.8365727144e-01
   9.5010243087e+02   1.1654759030e-01   0.0000000000e+00   4.9979513826e-01   0.0000000000e+00   0.0000000000e+00   3.8365727144e-01
   9.5010243087e+02   1.1654759030e-01   0.0000000000e+00   4.9979513826e-01   0.0000000000e+00   0.0000000000e+00   3.8365727144e-01
   9.5010243087e+02   1.1654759030e-01   0.0000000000e+00   4.9979513826e-01   0.0000000000e+00   0.0000000000e+00   3.8365727144e-01
   9.5010787623e+02   1.1655012783e-01   0.0000000000e+00   4.9978424755e-01   0.0000000000e+00   0.0000000000e+00   3.8366562462e-01
   9.5010787623e+02   1.1655012783e-01   0.0000000000e+00   4.9978424755e-01   0.0000000000e+00   0.0000000000e+00   3.8366562462e-01
   9.5010787623e+02   1.1655012783e-01   0.0000000000e+00   4.9978424755e-01   0.0000000000e+00   0.0000000000e+00   3.8366562462e-01
   9.5010787623e+02   1.1655012783e-01   0.0000000000e+00   4.9978424755e-01   0.0000000000e+00   0.0000000000e+00   3.8366562462e-01
   9.5011565377e+02   1.1655375216e-01   0.0000000000e+00   4.9976869247e-01   0.0000000000e+00   0.0000000000e+00   3.8367755537e-01
   9.5011565377e+02   1.1655375216e-01   0.0000000000e+00   4.9976869247e-01   0.0000000000e+00   0.0000000000e+00   3.8367755537e-01
   9.5011565377e+02   1.1655375216e-01   0.0000000000e+00   4.9976869247e-01   0.0000000000e+00   0.0000000000e+00   3.8367755537e-01
   9.5011565377e+02   1.1655375216e-01   0.0000000000e+00   4.9976869247e-01   0.0000000000e+00   0.0000000000e+00   3.8367755537e-01
   9.5012691624e+02   1.1655900047e-01   0.0000000000e+00   4.9974616752e-01   0.0000000000e+00   0.0000000000e+00   3.8369483202e-01
   9.5012691624e+02   1.1655900047e-01   0.0000000000e+00   4.9974616752e-01   0.0000000000e+00   0.0000000000e+00   3.8369483202e-01
   9.5012691624e+02   1.1655900047e-01   0.0000000000e+00   4.9974616752e-01   0.0000000000e+00   0.0000000000e+00   3.8369483202e-01
   9.5012691624e+02   1.1655900047e-01   0.0000000000e+00   4.9974616752e-01   0.0000000000e+00   0.0000000000e+00   3.8369483202e-01
   9.5011084824e+02   1.1655151279e-01   0.0000000000e+00   4.9977830352e-01   0.0000000000e+00   0.0000000000e+00   3.8367018369e-01
   9.5011084824e+02   1.1655151279e-01   0.0000000000e+00   4.9977830352e-01   0.0000000000e+00   0.0000000000e+00   3.8367018369e-01
   9.5011084824e+02   1.1655151279e-01   0.0000000000e+00   4.9977830352e-01   0.0000000000e+00   0.0000000000e+00   3.8367018369e-01
   9.5011084824e+02   1.1655151279e-01   0.0000000000e+00   4.9977830352e-01   0.0000000000e+00   0.0000000000e+00   3.8367018369e-01
   9.5012331712e+02   1.1655732328e-01   0.0000000000e+00   4.9975336576e-01   0.0000000000e+00   0.0000000000e+00   3.8368931096e-01
   9.5012331712e+02   1.1655732328e-01   0.0000000000e+00   4.9975336576e-01   0.0000000000e+00   0.0000000000e+00   3.8368931096e-01
   9.5012331712e+02   1.1655732328e-01   0.0000000000e+00   4.9975336576e-01   0.0000000000e+00   0.0000000000e+00   3.8368931096e-01
   9.5012331712e+02   1.1655732328e-01   0.0000000000e+00   4.9975336576e-01   0.0000000000e+00   0.0000000000e+00   3.8368931096e-01
   9.5011708268e+02   1.1655441803e-01   0.0000000000e+00   4.9976583464e-01   0.0000000000e+00   0.0000000000e+00   3.8367974733e-01
   9.5011708268e+02   1.1655441803e-01   0.0000000000e+00   4.9976583464e-01   0.0000000000e+00   0.0000000000e+00   3.8367974733e-01
   9.5011708268e+02   1.1655441803e-01   0.0000000000e+00   4.9976583464e-01   0.0000000000e+00   0.0000000000e+00   3.8367974733e-01
   9.5011708268e+02   1.1655441803e-01   0.0000000000e+00   4.9976583464e-01   0.0000000000e+00   0.0000000000e+00   3.8367974733e-01
   9.5011396546e+02   1.1655296541e-01   0.0000000000e+00   4.9977206908e-01   0.0000000000e+00   0.0000000000e+00   3.8367496551e-01
   9.5011396546e+02   1.1655296541e-01   0.0000000000e+00   4.9977206908e-01   0.0000000000e+00   0.0000000000e+00   3.8367496551e-01
   9.5012019990e+02   1.1655587065e-01   0.0000000000e+00   4.9975960020e-01   0.0000000000e+00   0.0000000000e+00   3.8368452914e-01
   9.5012019990e+02   1.1655587065e-01   0.0000000000e+00   4.9975960020e-01   0.0000000000e+00   0.0000000000e+00   3.8368452914e-01
   9.5012263975e+02   1.1655700762e-01   0.0000000000e+00   4.9975472051e-01   0.0000000000e+00   0.0000000000e+00   3.8368827187e-01
   9.5012263975e+02   1.1655700762e-01   0.0000000000e+00   4.9975472051e-01   0.0000000000e+00   0.0000000000e+00   3.8368827187e-01
   9.5012263975e+02   1.1655700762e-01   0.0000000000e+00   4.9975472051e-01   0.0000000000e+00   0.0000000000e+00   3.8368827187e-01
   9.5012263975e+02   1.1655700762e-01   0.0000000000e+00   4.9975472051e-01   0.0000000000e+00   0.0000000000e+00   3.8368827187e-01
   9.5012759361e+02   1.1655931612e-01   0.0000000000e+00   4.9974481278e-01   0.0000000000e+00   0.0000000000e+00   3.8369587110e-01
   9.5012759361e+02   1.1655931612e-01   0.0000000000e+00   4.9974481278e-01   0.0000000000e+00   0.0000000000e+00   3.8369587110e-01
   9.5011768588e+02   1.1655469912e-01   0.0000000000e+00   4.9976462824e-01   0.0000000000e+00   0.0000000000e+00   3.8368067264e-01
   9.5011768588e+02   1.1655469912e-01   0.0000000000e+00   4.9976462824e-01   0.0000000000e+00   0.0000000000e+00   3.8368067264e-01
   9.4999383583e+02   1.1649698507e-01   0.0000000000e+00   5.0001232834e-01   0.0000000000e+00   0.0000000000e+00   3.8349068659e-01
   9.4999383583e+02   1.1649698507e-01   0.0000000000e+00   5.0001232834e-01   0.0000000000e+00   0.0000000000e+00   3.8349068659e-01
   9.4999383583e+02   1.1649698507e-01   0.0000000000e+00   5.0001232834e-01   0.0000000000e+00   0.0000000000e+00   3.8349068659e-01
   9.4999383583e+02   1.1649698507e-01   0.0000000000e+00   5.0001232834e-01   0.0000000000e+00   0.0000000000e+00   3.8349068659e-01
   9.4999383583e+02   1.1649698507e-01   0.0000000000e+00   5.0001232834e-01   0.0000000000e+00   0.0000000000e+00   3.8349068659e-01
   9.4999383583e+02   1.1649698507e-01   0.0000000000e+00   5.0001232834e-01   0.0000000000e+00   0.0000000000e+00   3.8349068659e-01
   9.4999383583e+02   1.1649698507e-01   0.0000000000e+00   5.0001232834e-01   0.0000000000e+00   0.0000000000e+00   3.8349068659e-01
   9.4999383583e+02   1.1649698507e-01   0.0000000000e+00   5.0001232834e-01   0.0000000000e+00   0.0000000000e+00   3.8349068659e-01
   9.5000547737e+02   1.1650241002e-01   0.0000000000e+00   4.9998904526e-01   0.0000000000e+00   0.0000000000e+00   3.8350854472e-01
   9.5000547737e+02   1.1650241002e-01   0.0000000000e+00   4.9998904526e-01   0.0000000000e+00   0.0000000000e+00   3.8350854472e-01
   9.5000547737e+02   1.1650241002e-01   0.0000000000e+00   4.9998904526e-01   0.0000000000e+00   0.0000000000e+00   3.8350854472e-01
   9.5000547737e+02   1.1650241002e-01   0.0000000000e+00   4.9998904526e-01   0.0000000000e+00   0.0000000000e+00   3.8350854472e-01
   9.5000547737e+02   1.1650241002e-01   0.0000000000e+00   4.9998904526e-01   0.0000000000e+00   0.0000000000e+00   3.8350854472e-01
   9.5000547737e+02   1.1650241002e-01   0.0000000000e+00   4.9998904526e-01   0.0000000000e+00   0.0000000000e+00   3.8350854472e-01
   9.5000547737e+02   1.1650241002e-01   0.0000000000e+00   4.9998904526e-01   0.0000000000e+00   0.0000000000e+00   3.8350854472e-01
   9.5000547737e+02   1.1650241002e-01   0.0000000000e+00   4.9998904526e-01   0.0000000000e+00   0.0000000000e+00   3.8350854472e-01
   9.4998587250e+02   1.1649327416e-01   0.0000000000e+00   5.0002825500e-01   0.0000000000e+00   0.0000000000e+00   3.8347847084e-01
   9.4998587250e+02   1.1649327416e-01   0.0000000000e+00   5.0002825500e-01   0.0000000000e+00   0.0000000000e+00   3.8347847084e-01
   9.4998587250e+02   1.1649327416e-01   0.0000000000e+00   5.0002825500e-01   0.0000000000e+00   0.0000000000e+00   3.8347847084e-01
   9.4998587250e+02   1.1649327416e-01   0.0000000000e+00   5.0002825500e-01   0.0000000000e+00   0.0000000000e+00   3.8347847084e-01
   9.4998587250e+02   1.1649327416e-01   0.0000000000e+00   5.0002825500e-01   0.0000000000e+00   0.0000000000e+00   3.8347847084e-01
   9.4998587250e+02   1.1649327416e-01   0.0000000000e+00   5.0002825500e-01   0.0000000000e+00   0.0000000000e+00   3.8347847084e-01
   9.4998587250e+02   1.1649327416e-01   0.0000000000e+00   5.0002825500e-01   0.0000000000e+00   0.0000000000e+00   3.8347847084e-01
   9.4998587250e+02   1.1649327416e-01   0.0000000000e+00   5.0002825500e-01   0.0000000000e+00   0.0000000000e+00   3.8347847084e-01
   9.5001904986e+02   1.1650873480e-01   0.0000000000e+00   4.9996190027e-01   0.0000000000e+00   0.0000000000e+00   3.8352936493e-01
   9.5001904986e+02   1.1650873480e-01   0.0000000000e+00   4.9996190027e-01   0.0000000000e+00   0.0000000000e+00   3.8352936493e-01
   9.5001904986e+02   1.1650873480e-01   0.0000000000e+00   4.9996190027e-01   0.0000000000e+00   0.0000000000e+00   3.8352936493e-01
   9.5001904986e+02   1.1650873480e-01   0.0000000000e+00   4.9996190027e-01   0.0000000000e+00   0.0000000000e+00   3.8352936493e-01
   9.5001904986e+02   1.1650873480e-01   0.0000000000e+00   4.9996190027e-01   0.0000000000e+00   0.0000000000e+00   3.8352936493e-01
   9.5001904986e+02   1.1650873480e-01   0.0000000000e+00   4.9996190027e-01   0.0000000000e+00   0.0000000000e+00   3.8352936493e-01
   9.5001904986e+02   1.1650873480e-01   0.0000000000e+00   4.9996190027e-01   0.0000000000e+00   0.0000000000e+00   3.8352936493e-01
   9.5001904986e+02   1.1650873480e-01   0.0000000000e+00   4.9996190027e-01   0.0000000000e+00   0.0000000000e+00   3.8352936493e-01
   9.4987890235e+02   1.1644342613e-01   0.0000000000e+00   5.0024219531e-01   0.0000000000e+00   0.0000000000e+00   3.8331437856e-01
   9.4987890235e+02   1.1644342613e-01   0.0000000000e+00   5.0024219531e-01   0.0000000000e+00   0.0000000000e+00   3.8331437856e-01
   9.4987890235e+02   1.1644342613e-01   0.0000000000e+00   5.0024219531e-01   0.0000000000e+00   0.0000000000e+00   3.8331437856e-01
   9.4987890235e+02   1.1644342613e-01   0.0000000000e+00   5.0024219531e-01   0.0000000000e+00   0.0000000000e+00   3.8331437856e-01
   9.4987701850e+02   1.1644254826e-01   0.0000000000e+00   5.0024596300e-01   0.0000000000e+00   0.0000000000e+00   3.8331148874e-01
   9.4987701850e+02   1.1644254826e-01   0.0000000000e+00   5.0024596300e-01   0.0000000000e+00   0.0000000000e+00   3.8331148874e-01
   9.4988078619e+02   1.1644430400e-01   0.0000000000e+00   5.0023842762e-01   0.0000000000e+00   0.0000000000e+00   3.8331726838e-01
   9.4988078619e+02   1.1644430400e-01   0.0000000000e+00   5.0023842762e-01   0.0000000000e+00   0.0000000000e+00   3.8331726838e-01
   9.4991720149e+02   1.1646127351e-01   0.0000000000e+00   5.0016559701e-01   0.0000000000e+00   0.0000000000e+00   3.8337312947e-01
   9.4991720149e+02   1.1646127351e-01   0.0000000000e+00   5.0016559701e-01   0.0000000000e+00   0.0000000000e+00   3.8337312947e-01
   9.4991720149e+02   1.1646127351e-01   0.0000000000e+00   5.0016559701e-01   0.0000000000e+00   0.0000000000e+00   3.8337312947e-01
   9.4991720149e+02   1.1646127351e-01   0.0000000000e+00   5.0016559701e-01   0.0000000000e+00   0.0000000000e+00   3.8337312947e-01
   9.4988068738e+02   1.1644425796e-01   0.0000000000e+00   5.0023862524e-01   0.0000000000e+00   0.0000000000e+00   3.8331711681e-01
   9.4988068738e+02   1.1644425796e-01   0.0000000000e+00   5.0023862524e-01   0.0000000000e+00   0.0000000000e+00   3.8331711681e-01
   9.4988068738e+02   1.1644425796e-01   0.0000000000e+00   5.0023862524e-01   0.0000000000e+00   0.0000000000e+00   3.8331711681e-01
   9.4988068738e+02   1.1644425796e-01   0.0000000000e+00   5.0023862524e-01   0.0000000000e+00   0.0000000000e+00   3.8331711681e-01
   9.4988473149e+02   1.1644614251e-01   0.0000000000e+00   5.0023053703e-01   0.0000000000e+00   0.0000000000e+00   3.8332332047e-01
   9.4988473149e+02   1.1644614251e-01   0.0000000000e+00   5.0023053703e-01   0.0000000000e+00   0.0000000000e+00   3.8332332047e-01
   9.4986563663e+02   1.1643724432e-01   0.0000000000e+00   5.0026872674e-01   0.0000000000e+00   0.0000000000e+00   3.8329402894e-01
   9.4986563663e+02   1.1643724432e-01   0.0000000000e+00   5.0026872674e-01   0.0000000000e+00   0.0000000000e+00   3.8329402894e-01
   9.4986563663e+02   1.1643724432e-01   0.0000000000e+00   5.0026872674e-01   0.0000000000e+00   0.0000000000e+00   3.8329402894e-01
   9.4986563663e+02   1.1643724432e-01   0.0000000000e+00   5.0026872674e-01   0.0000000000e+00   0.0000000000e+00   3.8329402894e-01
   9.4988473149e+02   1.1644614251e-01   0.0000000000e+00   5.0023053703e-01   0.0000000000e+00   0.0000000000e+00   3.8332332047e-01
   9.4988473149e+02   1.1644614251e-01   0.0000000000e+00   5.0023053703e-01   0.0000000000e+00   0.0000000000e+00   3.8332332047e-01
   9.4985450179e+02   1.1643205549e-01   0.0000000000e+00   5.0029099643e-01   0.0000000000e+00   0.0000000000e+00   3.8327694809e-01
   9.4985450179e+02   1.1643205549e-01   0.0000000000e+00   5.0029099643e-01   0.0000000000e+00   0.0000000000e+00   3.8327694809e-01
   9.4985450179e+02   1.1643205549e-01   0.0000000000e+00   5.0029099643e-01   0.0000000000e+00   0.0000000000e+00   3.8327694809e-01
   9.4985450179e+02   1.1643205549e-01   0.0000000000e+00   5.0029099643e-01   0.0000000000e+00   0.0000000000e+00   3.8327694809e-01
   9.4985450179e+02   1.1643205549e-01   0.0000000000e+00   5.0029099643e-01   0.0000000000e+00   0.0000000000e+00   3.8327694809e-01
   9.4985450179e+02   1.1643205549e-01   0.0000000000e+00   5.0029099643e-01   0.0000000000e+00   0.0000000000e+00   3.8327694809e-01
   9.4985450179e+02   1.1643205549e-01   0.0000000000e+00   5.0029099643e-01   0.0000000000e+00   0.0000000000e+00   3.8327694809e-01
   9.4985450179e+02   1.1643205549e-01   0.0000000000e+00   5.0029099643e-01   0.0000000000e+00   0.0000000000e+00   3.8327694809e-01
   9.4998714268e+02   1.1649386606e-01   0.0000000000e+00   5.0002571465e-01   0.0000000000e+00   0.0000000000e+00   3.8348041929e-01
   9.4998714268e+02   1.1649386606e-01   0.0000000000e+00   5.0002571465e-01   0.0000000000e+00   0.0000000000e+00   3.8348041929e-01
   9.4998714268e+02   1.1649386606e-01   0.0000000000e+00   5.0002571465e-01   0.0000000000e+00   0.0000000000e+00   3.8348041929e-01
   9.4998714268e+02   1.1649386606e-01   0.0000000000e+00   5.0002571465e-01   0.0000000000e+00   0.0000000000e+00   3.8348041929e-01
   9.4998714268e+02   1.1649386606e-01   0.0000000000e+00   5.0002571465e-01   0.0000000000e+00   0.0000000000e+00   3.8348041929e-01
   9.4998714268e+02   1.1649386606e-01   0.0000000000e+00   5.0002571465e-01   0.0000000000e+00   0.0000000000e+00   3.8348041929e-01
   9.4998714268e+02   1.1649386606e-01   0.0000000000e+00   5.0002571465e-01   0.0000000000e+00   0.0000000000e+00   3.8348041929e-01
   9.4998714268e+02   1.1649386606e-01   0.0000000000e+00   5.0002571465e-01   0.0000000000e+00   0.0000000000e+00   3.8348041929e-01
   9.4998714268e+02   1.1649386606e-01   0.0000000000e+00   5.0002571465e-01   0.0000000000e+00   0.0000000000e+00   3.8348041929e-01
   9.4998714268e+02   1.1649386606e-01   0.0000000000e+00   5.0002571465e-01   0.0000000000e+00   0.0000000000e+00   3.8348041929e-01
   9.4998714268e+02   1.1649386606e-01   0.0000000000e+00   5.0002571465e-01   0.0000000000e+00   0.0000000000e+00   3.8348041929e-01
   9.4998714268e+02   1.1649386606e-01   0.0000000000e+00   5.0002571465e-01   0.0000000000e+00   0.0000000000e+00   3.8348041929e-01
   9.5000602445e+02   1.1650266496e-01   0.0000000000e+00   4.9998795111e-01   0.0000000000e+00   0.0000000000e+00   3.8350938393e-01
   9.5000602445e+02   1.1650266496e-01   0.0000000000e+00   4.9998795111e-01   0.0000000000e+00   0.0000000000e+00   3.8350938393e-01
   9.5000602445e+02   1.1650266496e-01   0.0000000000e+00   4.9998795111e-01   0.0000000000e+00   0.0000000000e+00   3.8350938393e-01
   9.5000602445e+02   1.1650266496e-01   0.0000000000e+00   4.9998795111e-01   0.0000000000e+00   0.0000000000e+00   3.8350938393e-01
   9.4995580283e+02   1.1647926172e-01   0.0000000000e+00   5.0008839433e-01   0.0000000000e+00   0.0000000000e+00   3.8343234395e-01
   9.4995580283e+02   1.1647926172e-01   0.0000000000e+00   5.0008839433e-01   0.0000000000e+00   0.0000000000e+00   3.8343234395e-01
   9.4995580283e+02   1.1647926172e-01   0.0000000000e+00   5.0008839433e-01   0.0000000000e+00   0.0000000000e+00   3.8343234395e-01
   9.4995580283e+02   1.1647926172e-01   0.0000000000e+00   5.0008839433e-01   0.0000000000e+00   0.0000000000e+00   3.8343234395e-01
   9.4994636195e+02   1.1647486227e-01   0.0000000000e+00   5.0010727610e-01   0.0000000000e+00   0.0000000000e+00   3.8341786163e-01
   9.4994636195e+02   1.1647486227e-01   0.0000000000e+00   5.0010727610e-01   0.0000000000e+00   0.0000000000e+00   3.8341786163e-01
   9.4994636195e+02   1.1647486227e-01   0.0000000000e+00   5.0010727610e-01   0.0000000000e+00   0.0000000000e+00   3.8341786163e-01
   9.4994636195e+02   1.1647486227e-01   0.0000000000e+00   5.0010727610e-01   0.0000000000e+00   0.0000000000e+00   3.8341786163e-01
   9.4996127757e+02   1.1648181294e-01   0.0000000000e+00   5.0007744485e-01   0.0000000000e+00   0.0000000000e+00   3.8344074221e-01
   9.4996127757e+02   1.1648181294e-01   0.0000000000e+00   5.0007744485e-01   0.0000000000e+00   0.0000000000e+00   3.8344074221e-01
   9.4996127757e+02   1.1648181294e-01   0.0000000000e+00   5.0007744485e-01   0.0000000000e+00   0.0000000000e+00   3.8344074221e-01
   9.4996127757e+02   1.1648181294e-01   0.0000000000e+00   5.0007744485e-01   0.0000000000e+00   0.0000000000e+00   3.8344074221e-01
   9.4992597159e+02   1.1646536037e-01   0.0000000000e+00   5.0014805683e-01   0.0000000000e+00   0.0000000000e+00   3.8338658280e-01
   9.4992597159e+02   1.1646536037e-01   0.0000000000e+00   5.0014805683e-01   0.0000000000e+00   0.0000000000e+00   3.8338658280e-01
   9.4995580283e+02   1.1647926172e-01   0.0000000000e+00   5.0008839433e-01   0.0000000000e+00   0.0000000000e+00   3.8343234395e-01
   9.4995580283e+02   1.1647926172e-01   0.0000000000e+00   5.0008839433e-01   0.0000000000e+00   0.0000000000e+00   3.8343234395e-01