# time = 54.5817
# Grid Poins = 256    variable_0    variable_1    variable_2    variable_3    variable_4    variable_5    variable_6
   9.4998437493e+02   1.1649257630e-01   0.0000000000e+00   5.0003125014e-01   0.0000000000e+00   0.0000000000e+00   3.8347617357e-01
   9.4998437493e+02   1.1649257630e-01   0.0000000000e+00   5.0003125014e-01   0.0000000000e+00   0.0000000000e+00   3.8347617357e-01
   9.4998437493e+02   1.1649257630e-01   0.0000000000e+00   5.0003125014e-01   0.0000000000e+00   0.0000000000e+00   3.8347617357e-01
   9.4998437493e+02   1.1649257630e-01   0.0000000000e+00   5.0003125014e-01   0.0000000000e+00   0.0000000000e+00   3.8347617357e-01
   9.5004541055e+02   1.1652101886e-01   0.0000000000e+00   4.9990917891e-01   0.0000000000e+00   0.0000000000e+00   3.8356980223e-01
   9.5004541055e+02   1.1652101886e-01   0.0000000000e+00   4.9990917891e-01   0.0000000000e+00   0.0000000000e+00   3.8356980223e-01
   9.5004541055e+02   1.1652101886e-01   0.0000000000e+00   4.9990917891e-01   0.0000000000e+00   0.0000000000e+00   3.8356980223e-01
   9.5004541055e+02   1.1652101886e-01   0.0000000000e+00   4.9990917891e-01   0.0000000000e+00   0.0000000000e+00   3.8356980223e-01
   9.4998437493e+02   1.1649257630e-01   0.0000000000e+00   5.0003125014e-01   0.0000000000e+00   0.0000000000e+00   3.8347617357e-01
   9.4998437493e+02   1.1649257630e-01   0.0000000000e+00   5.0003125014e-01   0.0000000000e+00   0.0000000000e+00   3.8347617357e-01
   9.4998437493e+02   1.1649257630e-01   0.0000000000e+00   5.0003125014e-01   0.0000000000e+00   0.0000000000e+00   3.8347617357e-01
   9.4998437493e+02   1.1649257630e-01   0.0000000000e+00   5.0003125014e-01   0.0000000000e+00   0.0000000000e+00   3.8347617357e-01
   9.5004744862e+02   1.1652196860e-01   0.0000000000e+00   4.9990510276e-01   0.0000000000e+00   0.0000000000e+00   3.8357292864e-01
   9.5004744862e+02   1.1652196860e-01   0.0000000000e+00   4.9990510276e-01   0.0000000000e+00   0.0000000000e+00   3.8357292864e-01
   9.5004744862e+02   1.1652196860e-01   0.0000000000e+00   4.9990510276e-01   0.0000000000e+00   0.0000000000e+00   3.8357292864e-01
   9.5004744862e+02   1.1652196860e-01   0.0000000000e+00   4.9990510276e-01   0.0000000000e+00   0.0000000000e+00   3.8357292864e-01
   9.5004597668e+02   1.1652128268e-01   0.0000000000e+00   4.9990804664e-01   0.0000000000e+00   0.0000000000e+00   3.8357067068e-01
   9.5004597668e+02   1.1652128268e-01   0.0000000000e+00   4.9990804664e-01   0.0000000000e+00   0.0000000000e+00   3.8357067068e-01
   9.5004597668e+02   1.1652128268e-01   0.0000000000e+00   4.9990804664e-01   0.0000000000e+00   0.0000000000e+00   3.8357067068e-01
   9.5004597668e+02   1.1652128268e-01   0.0000000000e+00   4.9990804664e-01   0.0000000000e+00   0.0000000000e+00   3.8357067068e-01
   9.4998437493e+02   1.1649257630e-01   0.0000000000e+00   5.0003125014e-01   0.0000000000e+00   0.0000000000e+00   3.8347617357e-01
   9.4998437493e+02   1.1649257630e-01   0.0000000000e+00   5.0003125014e-01   0.0000000000e+00   0.0000000000e+00   3.8347617357e-01
   9.4998437493e+02   1.1649257630e-01   0.0000000000e+00   5.0003125014e-01   0.0000000000e+00   0.0000000000e+00   3.8347617357e-01
   9.4998437493e+02   1.1649257630e-01   0.0000000000e+00   5.0003125014e-01   0.0000000000e+00   0.0000000000e+00   3.8347617357e-01
   9.5004597668e+02   1.1652128268e-01   0.0000000000e+00   4.9990804664e-01   0.0000000000e+00   0.0000000000e+00   3.8357067068e-01
   9.5004597668e+02   1.1652128268e-01   0.0000000000e+00   4.9990804664e-01   0.0000000000e+00   0.0000000000e+00   3.8357067068e-01
   9.5004597668e+02   1.1652128268e-01   0.0000000000e+00   4.9990804664e-01   0.0000000000e+00   0.0000000000e+00   3.8357067068e-01
   9.5004597668e+02   1.1652128268e-01   0.0000000000e+00   4.9990804664e-01   0.0000000000e+00   0.0000000000e+00   3.8357067068e-01
   9.4998437493e+02   1.1649257630e-01   0.0000000000e+00   5.0003125014e-01   0.0000000000e+00   0.0000000000e+00   3.8347617357e-01
   9.4998437493e+02   1.1649257630e-01   0.0000000000e+00   5.0003125014e-01   0.0000000000e+00   0.0000000000e+00   3.8347617357e-01
   9.4998437493e+02   1.1649257630e-01   0.0000000000e+00   5.0003125014e-01   0.0000000000e+00   0.0000000000e+00   3.8347617357e-01
   9.4998437493e+02   1.1649257630e-01   0.0000000000e+00   5.0003125014e-01   0.0000000000e+00   0.0000000000e+00   3.8347617357e-01
   9.4992852976e+02   1.1646655248e-01   0.0000000000e+00   5.0014294048e-01   0.0000000000e+00   0.0000000000e+00   3.8339050704e-01
   9.4992852976e+02   1.1646655248e-01   0.0000000000e+00   5.0014294048e-01   0.0000000000e+00   0.0000000000e+00   3.8339050704e-01
   9.4992852976e+02   1.1646655248e-01   0.0000000000e+00   5.0014294048e-01   0.0000000000e+00   0.0000000000e+00   3.8339050704e-01
   9.4992852976e+02   1.1646655248e-01   0.0000000000e+00   5.0014294048e-01   0.0000000000e+00   0.0000000000e+00   3.8339050704e-01
   9.4992852976e+02   1.1646655248e-01   0.0000000000e+00   5.0014294048e-01   0.0000000000e+00   0.0000000000e+00   3.8339050704e-01
   9.4992852976e+02   1.1646655248e-01   0.0000000000e+00   5.0014294048e-01   0.0000000000e+00   0.0000000000e+00   3.8339050704e-01
   9.4992852976e+02   1.1646655248e-01   0.0000000000e+00   5.0014294048e-01   0.0000000000e+00   0.0000000000e+00   3.8339050704e-01
   9.4992852976e+02   1.1646655248e-01   0.0000000000e+00   5.0014294048e-01   0.0000000000e+00   0.0000000000e+00   3.8339050704e-01
   9.5001151091e+02   1.1650522165e-01   0.0000000000e+00   4.9997697819e-01   0.0000000000e+00   0.0000000000e+00   3.8351780017e-01
   9.5001151091e+02   1.1650522165e-01   0.0000000000e+00   4.9997697819e-01   0.0000000000e+00   0.0000000000e+00   3.8351780017e-01
   9.5001151091e+02   1.1650522165e-01   0.0000000000e+00   4.9997697819e-01   0.0000000000e+00   0.0000000000e+00   3.8351780017e-01
   9.5001151091e+02   1.1650522165e-01   0.0000000000e+00   4.9997697819e-01   0.0000000000e+00   0.0000000000e+00   3.8351780017e-01
   9.5001151091e+02   1.1650522165e-01   0.0000000000e+00   4.9997697819e-01   0.0000000000e+00   0.0000000000e+00   3.8351780017e-01
   9.5001151091e+02   1.1650522165e-01   0.0000000000e+00   4.9997697819e-01   0.0000000000e+00   0.0000000000e+00   3.8351780017e-01
   9.5001151091e+02   1.1650522165e-01   0.0000000000e+00   4.9997697819e-01   0.0000000000e+00   0.0000000000e+00   3.8351780017e-01
   9.5001151091e+02   1.1650522165e-01   0.0000000000e+00   4.9997697819e-01   0.0000000000e+00   0.0000000000e+00   3.8351780017e-01
   9.5001273407e+02   1.1650579164e-01   0.0000000000e+00   4.9997453186e-01   0.0000000000e+00   0.0000000000e+00   3.8351967650e-01
   9.5001273407e+02   1.1650579164e-01   0.0000000000e+00   4.9997453186e-01   0.0000000000e+00   0.0000000000e+00   3.8351967650e-01
   9.5001273407e+02   1.1650579164e-01   0.0000000000e+00   4.9997453186e-01   0.0000000000e+00   0.0000000000e+00   3.8351967650e-01
   9.5001273407e+02   1.1650579164e-01   0.0000000000e+00   4.9997453186e-01   0.0000000000e+00   0.0000000000e+00   3.8351967650e-01
   9.5001273407e+02   1.1650579164e-01   0.0000000000e+00   4.9997453186e-01   0.0000000000e+00   0.0000000000e+00   3.8351967650e-01
   9.5001273407e+02   1.1650579164e-01   0.0000000000e+00   4.9997453186e-01   0.0000000000e+00   0.0000000000e+00   3.8351967650e-01
   9.5001273407e+02   1.1650579164e-01   0.0000000000e+00   4.9997453186e-01   0.0000000000e+00   0.0000000000e+00   3.8351967650e-01
   9.5001273407e+02   1.1650579164e-01   0.0000000000e+00   4.9997453186e-01   0.0000000000e+00   0.0000000000e+00   3.8351967650e-01
   9.4992914438e+02   1.1646683889e-01   0.0000000000e+00   5.0014171124e-01   0.0000000000e+00   0.0000000000e+00   3.8339144987e-01
   9.4992914438e+02   1.1646683889e-01   0.0000000000e+00   5.0014171124e-01   0.0000000000e+00   0.0000000000e+00   3.8339144987e-01
   9.4992914438e+02   1.1646683889e-01   0.0000000000e+00   5.0014171124e-01   0.0000000000e+00   0.0000000000e+00   3.8339144987e-01
   9.4992914438e+02   1.1646683889e-01   0.0000000000e+00   5.0014171124e-01   0.0000000000e+00   0.0000000000e+00   3.8339144987e-01
   9.4992914438e+02   1.1646683889e-01   0.0000000000e+00   5.0014171124e-01   0.0000000000e+00   0.0000000000e+00   3.8339144987e-01
   9.4992914438e+02   1.1646683889e-01   0.0000000000e+00   5.0014171124e-01   0.0000000000e+00   0.0000000000e+00   3.8339144987e-01
   9.4992914438e+02   1.1646683889e-01   0.0000000000e+00   5.0014171124e-01   0.0000000000e+00   0.0000000000e+00   3.8339144987e-01
   9.4992914438e+02   1.1646683889e-01   0.0000000000e+00   5.0014171124e-01   0.0000000000e+00   0.0000000000e+00   3.8339144987e-01
   9.5005635313e+02   1.1652611810e-01   0.0000000000e+00   4.9988729374e-01   0.0000000000e+00   0.0000000000e+00   3.8358658816e-01
   9.5005635313e+02   1.1652611810e-01   0.0000000000e+00   4.9988729374e-01   0.0000000000e+00   0.0000000000e+00   3.8358658816e-01
   9.5003788469e+02   1.1651751181e-01   0.0000000000e+00   4.9992423063e-01   0.0000000000e+00   0.0000000000e+00   3.8355825756e-01
   9.5003788469e+02   1.1651751181e-01   0.0000000000e+00   4.9992423063e-01   0.0000000000e+00   0.0000000000e+00   3.8355825756e-01
   9.5006558735e+02   1.1653042124e-01   0.0000000000e+00   4.9986882529e-01   0.0000000000e+00   0.0000000000e+00   3.8360075347e-01
   9.5006558735e+02   1.1653042124e-01   0.0000000000e+00   4.9986882529e-01   0.0000000000e+00   0.0000000000e+00   3.8360075347e-01
   9.5006558735e+02   1.1653042124e-01   0.0000000000e+00   4.9986882529e-01   0.0000000000e+00   0.0000000000e+00   3.8360075347e-01
   9.5006558735e+02   1.1653042124e-01   0.0000000000e+00   4.9986882529e-01   0.0000000000e+00   0.0000000000e+00   3.8360075347e-01
   9.4996554034e+02   1.1648379939e-01   0.0000000000e+00   5.0006891931e-01   0.0000000000e+00   0.0000000000e+00   3.8344728130e-01
   9.4996554034e+02   1.1648379939e-01   0.0000000000e+00   5.0006891931e-01   0.0000000000e+00   0.0000000000e+00   3.8344728130e-01
   9.4996554034e+02   1.1648379939e-01   0.0000000000e+00   5.0006891931e-01   0.0000000000e+00   0.0000000000e+00   3.8344728130e-01
   9.4996554034e+02   1.1648379939e-01   0.0000000000e+00   5.0006891931e-01   0.0000000000e+00   0.0000000000e+00   3.8344728130e-01
   9.5007482158e+02   1.1653472438e-01   0.0000000000e+00   4.9985035685e-01   0.0000000000e+00   0.0000000000e+00   3.8361491877e-01
   9.5007482158e+02   1.1653472438e-01   0.0000000000e+00   4.9985035685e-01   0.0000000000e+00   0.0000000000e+00   3.8361491877e-01
   9.5007482158e+02   1.1653472438e-01   0.0000000000e+00   4.9985035685e-01   0.0000000000e+00   0.0000000000e+00   3.8361491877e-01
   9.5007482158e+02   1.1653472438e-01   0.0000000000e+00   4.9985035685e-01   0.0000000000e+00   0.0000000000e+00   3.8361491877e-01
   9.4996650631e+02   1.1648424953e-01   0.0000000000e+00   5.0006698739e-01   0.0000000000e+00   0.0000000000e+00   3.8344876309e-01
   9.4996650631e+02   1.1648424953e-01   0.0000000000e+00   5.0006698739e-01   0.0000000000e+00   0.0000000000e+00   3.8344876309e-01
   9.4996650631e+02   1.1648424953e-01   0.0000000000e+00   5.0006698739e-01   0.0000000000e+00   0.0000000000e+00   3.8344876309e-01
   9.4996650631e+02   1.1648424953e-01   0.0000000000e+00   5.0006698739e-01   0.0000000000e+00   0.0000000000e+00   3.8344876309e-01
   9.5000155957e+02   1.1650058433e-01   0.0000000000e+00   4.9999688086e-01   0.0000000000e+00   0.0000000000e+00   3.8350253481e-01
   9.5000155957e+02   1.1650058433e-01   0.0000000000e+00   4.9999688086e-01   0.0000000000e+00   0.0000000000e+00   3.8350253481e-01
   9.5000155957e+02   1.1650058433e-01   0.0000000000e+00   4.9999688086e-01   0.0000000000e+00   0.0000000000e+00   3.8350253481e-01
   9.5000155957e+02   1.1650058433e-01   0.0000000000e+00   4.9999688086e-01   0.0000000000e+00   0.0000000000e+00   3.8350253481e-01
   9.4993145304e+02   1.1646791473e-01   0.0000000000e+00   5.0013709391e-01   0.0000000000e+00   0.0000000000e+00   3.8339499136e-01
   9.4993145304e+02   1.1646791473e-01   0.0000000000e+00   5.0013709391e-01   0.0000000000e+00   0.0000000000e+00   3.8339499136e-01
   9.4993145304e+02   1.1646791473e-01   0.0000000000e+00   5.0013709391e-01   0.0000000000e+00   0.0000000000e+00   3.8339499136e-01
   9.4993145304e+02   1.1646791473e-01   0.0000000000e+00   5.0013709391e-01   0.0000000000e+00   0.0000000000e+00   3.8339499136e-01
   9.5000155957e+02   1.1650058433e-01   0.0000000000e+00   4.9999688086e-01   0.0000000000e+00   0.0000000000e+00   3.8350253481e-01
   9.5000155957e+02   1.1650058433e-01   0.0000000000e+00   4.9999688086e-01   0.0000000000e+00   0.0000000000e+00   3.8350253481e-01
   9.4993145304e+02   1.1646791473e-01   0.0000000000e+00   5.0013709391e-01   0.0000000000e+00   0.0000000000e+00   3.8339499136e-01
   9.4993145304e+02   1.1646791473e-01   0.0000000000e+00   5.0013709391e-01   0.0000000000e+00   0.0000000000e+00   3.8339499136e-01
   9.5001382098e+02   1.1650629814e-01   0.0000000000e+00   4.9997235804e-01   0.0000000000e+00   0.0000000000e+00   3.8352134382e-01
   9.5001382098e+02   1.1650629814e-01   0.0000000000e+00   4.9997235804e-01   0.0000000000e+00   0.0000000000e+00   3.8352134382e-01
   9.5001140354e+02   1.1650517162e-01   0.0000000000e+00   4.9997719291e-01   0.0000000000e+00   0.0000000000e+00   3.8351763547e-01
   9.5001140354e+02   1.1650517162e-01   0.0000000000e+00   4.9997719291e-01   0.0000000000e+00   0.0000000000e+00   3.8351763547e-01
   9.5000898611e+02   1.1650404509e-01   0.0000000000e+00   4.9998202778e-01   0.0000000000e+00   0.0000000000e+00   3.8351392713e-01
   9.5000898611e+02   1.1650404509e-01   0.0000000000e+00   4.9998202778e-01   0.0000000000e+00   0.0000000000e+00   3.8351392713e-01
   9.5001140354e+02   1.1650517162e-01   0.0000000000e+00   4.9997719291e-01   0.0000000000e+00   0.0000000000e+00   3.8351763547e-01
   9.5001140354e+02   1.1650517162e-01   0.0000000000e+00   4.9997719291e-01   0.0000000000e+00   0.0000000000e+00   3.8351763547e-01
   9.5001019483e+02   1.1650460835e-01   0.0000000000e+00   4.9997961035e-01   0.0000000000e+00   0.0000000000e+00   3.8351578130e-01
   9.5001019483e+02   1.1650460835e-01   0.0000000000e+00   4.9997961035e-01   0.0000000000e+00   0.0000000000e+00   3.8351578130e-01
   9.5001019483e+02   1.1650460835e-01   0.0000000000e+00   4.9997961035e-01   0.0000000000e+00   0.0000000000e+00   3.8351578130e-01
   9.5001019483e+02   1.1650460835e-01   0.0000000000e+00   4.9997961035e-01   0.0000000000e+00   0.0000000000e+00   3.8351578130e-01
   9.5001261226e+02   1.1650573488e-01   0.0000000000e+00   4.9997477547e-01   0.0000000000e+00   0.0000000000e+00   3.8351948965e-01
   9.5001261226e+02   1.1650573488e-01   0.0000000000e+00   4.9997477547e-01   0.0000000000e+00   0.0000000000e+00   3.8351948965e-01
   9.5001261226e+02   1.1650573488e-01   0.0000000000e+00   4.9997477547e-01   0.0000000000e+00   0.0000000000e+00   3.8351948965e-01
   9.5001261226e+02   1.1650573488e-01   0.0000000000e+00   4.9997477547e-01   0.0000000000e+00   0.0000000000e+00   3.8351948965e-01
   9.4998437493e+02   1.1649257630e-01   0.0000000000e+00   5.0003125014e-01   0.0000000000e+00   0.0000000000e+00   3.8347617357e-01
   9.4998437493e+02   1.1649257630e-01   0.0000000000e+00   5.0003125014e-01   0.0000000000e+00   0.0000000000e+00   3.8347617357e-01
   9.4998437493e+02   1.1649257630e-01   0.0000000000e+00   5.0003125014e-01   0.0000000000e+00   0.0000000000e+00   3.8347617357e-01
   9.4998437493e+02   1.1649257630e-01   0.0000000000e+00   5.0003125014e-01   0.0000000000e+00   0.0000000000e+00   3.8347617357e-01
   9.4998437493e+02   1.1649257630e-01   0.0000000000e+00   5.0003125014e-01   0.0000000000e+00   0.0000000000e+00   3.8347617357e-01
   9.4998437493e+02   1.1649257630e-01   0.0000000000e+00   5.0003125014e-01   0.0000000000e+00   0.0000000000e+00   3.8347617357e-01
   9.4998437493e+02   1.1649257630e-01   0.0000000000e+00   5.0003125014e-01   0.0000000000e+00   0.0000000000e+00   3.8347617357e-01
   9.4998437493e+02   1.1649257630e-01   0.0000000000e+00   5.0003125014e-01   0.0000000000e+00   0.0000000000e+00   3.8347617357e-01
   9.4998437493e+02   1.1649257630e-01   0.0000000000e+00   5.0003125014e-01   0.0000000000e+00   0.0000000000e+00   3.8347617357e-01
   9.4998437493e+02   1.1649257630e-01   0.0000000000e+00   5.0003125014e-01   0.0000000000e+00   0.0000000000e+00   3.8347617357e-01
   9.4998437493e+02   1.1649257630e-01   0.0000000000e+00   5.0003125014e-01   0.0000000000e+00   0.0000000000e+00   3.8347617357e-01
   9.4998437493e+02   1.1649257630e-01   0.0000000000e+00   5.0003125014e-01   0.0000000000e+00   0.0000000000e+00   3.8347617357e-01
   9.4998437493e+02   1.1649257630e-01   0.0000000000e+00   5.0003125014e-01   0.0000000000e+00   0.0000000000e+00   3.8347617357e-01
   9.4998437493e+02   1.1649257630e-01   0.0000000000e+00   5.0003125014e-01   0.0000000000e+00   0.0000000000e+00   3.8347617357e-01
   9.4998437493e+02   1.1649257630e-01   0.0000000000e+00   5.0003125014e-01   0.0000000000e+00   0.0000000000e+00   3.8347617357e-01
   9.4998437493e+02   1.1649257630e-01   0.0000000000e+00   5.0003125014e-01   0.0000000000e+00   0.0000000000e+00   3.8347617357e-01
   9.5002522060e+02   1.1651161036e-01   0.0000000000e+00   4.9994955879e-01   0.0000000000e+00   0.0000000000e+00   3.8353883085e-01
   9.5002522060e+02   1.1651161036e-01   0.0000000000e+00   4.9994955879e-01   0.0000000000e+00   0.0000000000e+00   3.8353883085e-01
   9.5002522060e+02   1.1651161036e-01   0.0000000000e+00   4.9994955879e-01   0.0000000000e+00   0.0000000000e+00   3.8353883085e-01
   9.5002522060e+02   1.1651161036e-01   0.0000000000e+00   4.9994955879e-01   0.0000000000e+00   0.0000000000e+00   3.8353883085e-01
   9.5002073666e+02   1.1650952084e-01   0.0000000000e+00   4.9995852667e-01   0.0000000000e+00   0.0000000000e+00   3.8353195248e-01
   9.5002073666e+02   1.1650952084e-01   0.0000000000e+00   4.9995852667e-01   0.0000000000e+00   0.0000000000e+00   3.8353195248e-01
   9.5002073666e+02   1.1650952084e-01   0.0000000000e+00   4.9995852667e-01   0.0000000000e+00   0.0000000000e+00   3.8353195248e-01
   9.5002073666e+02   1.1650952084e-01   0.0000000000e+00   4.9995852667e-01   0.0000000000e+00   0.0000000000e+00   3.8353195248e-01
   9.5002522060e+02   1.1651161036e-01   0.0000000000e+00   4.9994955879e-01   0.0000000000e+00   0.0000000000e+00   3.8353883085e-01
   9.5002522060e+02   1.1651161036e-01   0.0000000000e+00   4.9994955879e-01   0.0000000000e+00   0.0000000000e+00   3.8353883085e-01
   9.5002522060e+02   1.1651161036e-01   0.0000000000e+00   4.9994955879e-01   0.0000000000e+00   0.0000000000e+00   3.8353883085e-01
   9.5002522060e+02   1.1651161036e-01   0.0000000000e+00   4.9994955879e-01   0.0000000000e+00   0.0000000000e+00   3.8353883085e-01
   9.5002073666e+02   1.1650952084e-01   0.0000000000e+00   4.9995852667e-01   0.0000000000e+00   0.0000000000e+00   3.8353195248e-01
   9.5002073666e+02   1.1650952084e-01   0.0000000000e+00   4.9995852667e-01   0.0000000000e+00   0.0000000000e+00   3.8353195248e-01
   9.5002073666e+02   1.1650952084e-01   0.0000000000e+00   4.9995852667e-01   0.0000000000e+00   0.0000000000e+00   3.8353195248e-01
   9.5002073666e+02   1.1650952084e-01   0.0000000000e+00   4.9995852667e-01   0.0000000000e+00   0.0000000000e+00   3.8353195248e-01
   9.4991872064e+02   1.1646198143e-01   0.0000000000e+00   5.0016255872e-01   0.0000000000e+00   0.0000000000e+00   3.8337545984e-01
   9.4991872064e+02   1.1646198143e-01   0.0000000000e+00   5.0016255872e-01   0.0000000000e+00   0.0000000000e+00   3.8337545984e-01
   9.4991872064e+02   1.1646198143e-01   0.0000000000e+00   5.0016255872e-01   0.0000000000e+00   0.0000000000e+00   3.8337545984e-01
   9.4991872064e+02   1.1646198143e-01   0.0000000000e+00   5.0016255872e-01   0.0000000000e+00   0.0000000000e+00   3.8337545984e-01
   9.4991872064e+02   1.1646198143e-01   0.0000000000e+00   5.0016255872e-01   0.0000000000e+00   0.0000000000e+00   3.8337545984e-01
   9.4991872064e+02   1.1646198143e-01   0.0000000000e+00   5.0016255872e-01   0.0000000000e+00   0.0000000000e+00   3.8337545984e-01
   9.4991872064e+02   1.1646198143e-01   0.0000000000e+00   5.0016255872e-01   0.0000000000e+00   0.0000000000e+00   3.8337545984e-01
   9.4991872064e+02   1.1646198143e-01   0.0000000000e+00   5.0016255872e-01   0.0000000000e+00   0.0000000000e+00   3.8337545984e-01
   9.4991872064e+02   1.1646198143e-01   0.0000000000e+00   5.0016255872e-01   0.0000000000e+00   0.0000000000e+00   3.8337545984e-01
   9.4991872064e+02   1.1646198143e-01   0.0000000000e+00   5.0016255872e-01   0.0000000000e+00   0.0000000000e+00   3.8337545984e-01
   9.4991872064e+02   1.1646198143e-01   0.0000000000e+00   5.0016255872e-01   0.0000000000e+00   0.0000000000e+00   3.8337545984e-01
   9.4991872064e+02   1.1646198143e-01   0.0000000000e+00   5.0016255872e-01   0.0000000000e+00   0.0000000000e+00   3.8337545984e-01
   9.4991872064e+02   1.1646198143e-01   0.0000000000e+00   5.0016255872e-01   0.0000000000e+00   0.0000000000e+00   3.8337545984e-01
   9.4991872064e+02   1.1646198143e-01   0.0000000000e+00   5.0016255872e-01   0.0000000000e+00   0.0000000000e+00   3.8337545984e-01
   9.4991872064e+02   1.1646198143e-01   0.0000000000e+00   5.0016255872e-01   0.0000000000e+00   0.0000000000e+00   3.8337545984e-01
   9.4991872064e+02   1.1646198143e-01   0.0000000000e+00   5.0016255872e-01   0.0000000000e+00   0.0000000000e+00   3.8337545984e-01
   9.4991417550e+02   1.1645986340e-01   0.0000000000e+00   5.0017164900e-01   0.0000000000e+00   0.0000000000e+00   3.8336848760e-01
   9.4991417550e+02   1.1645986340e-01   0.0000000000e+00   5.0017164900e-01   0.0000000000e+00   0.0000000000e+00   3.8336848760e-01
   9.4991417550e+02   1.1645986340e-01   0.0000000000e+00   5.0017164900e-01   0.0000000000e+00   0.0000000000e+00   3.8336848760e-01
   9.4991417550e+02   1.1645986340e-01   0.0000000000e+00   5.0017164900e-01   0.0000000000e+00   0.0000000000e+00   3.8336848760e-01
   9.4992331151e+02   1.1646412078e-01   0.0000000000e+00   5.0015337698e-01   0.0000000000e+00   0.0000000000e+00   3.8338250225e-01
   9.4992331151e+02   1.1646412078e-01   0.0000000000e+00   5.0015337698e-01   0.0000000000e+00   0.0000000000e+00   3.8338250225e-01
   9.4992331151e+02   1.1646412078e-01   0.0000000000e+00   5.0015337698e-01   0.0000000000e+00   0.0000000000e+00   3.8338250225e-01
   9.4992331151e+02   1.1646412078e-01   0.0000000000e+00   5.0015337698e-01   0.0000000000e+00   0.0000000000e+00   3.8338250225e-01
   9.5000709272e+02   1.1650316278e-01   0.0000000000e+00   4.9998581455e-01   0.0000000000e+00   0.0000000000e+00   3.8351102267e-01
   9.5000709272e+02   1.1650316278e-01   0.0000000000e+00   4.9998581455e-01   0.0000000000e+00   0.0000000000e+00   3.8351102267e-01
   9.5000709272e+02   1.1650316278e-01   0.0000000000e+00   4.9998581455e-01   0.0000000000e+00   0.0000000000e+00   3.8351102267e-01
   9.5000709272e+02   1.1650316278e-01   0.0000000000e+00   4.9998581455e-01   0.0000000000e+00   0.0000000000e+00   3.8351102267e-01
   9.5000709272e+02   1.1650316278e-01   0.0000000000e+00   4.9998581455e-01   0.0000000000e+00   0.0000000000e+00   3.8351102267e-01
   9.5000709272e+02   1.1650316278e-01   0.0000000000e+00   4.9998581455e-01   0.0000000000e+00   0.0000000000e+00   3.8351102267e-01
   9.5000709272e+02   1.1650316278e-01   0.0000000000e+00   4.9998581455e-01   0.0000000000e+00   0.0000000000e+00   3.8351102267e-01
   9.5000709272e+02   1.1650316278e-01   0.0000000000e+00   4.9998581455e-01   0.0000000000e+00   0.0000000000e+00   3.8351102267e-01
   9.4991874351e+02   1.1646199209e-01   0.0000000000e+00   5.0016251299e-01   0.0000000000e+00   0.0000000000e+00   3.8337549492e-01
   9.4991874351e+02   1.1646199209e-01   0.0000000000e+00   5.0016251299e-01   0.0000000000e+00   0.0000000000e+00   3.8337549492e-01
   9.4992331151e+02   1.1646412078e-01   0.0000000000e+00   5.0015337698e-01   0.0000000000e+00   0.0000000000e+00   3.8338250225e-01
   9.4992331151e+02   1.1646412078e-01   0.0000000000e+00   5.0015337698e-01   0.0000000000e+00   0.0000000000e+00   3.8338250225e-01
   9.5000709272e+02   1.1650316278e-01   0.0000000000e+00   4.9998581455e-01   0.0000000000e+00   0.0000000000e+00   3.8351102267e-01
   9.5000709272e+02   1.1650316278e-01   0.0000000000e+00   4.9998581455e-01   0.0000000000e+00   0.0000000000e+00   3.8351102267e-01
   9.5000709272e+02   1.1650316278e-01   0.0000000000e+00   4.9998581455e-01   0.0000000000e+00   0.0000000000e+00   3.8351102267e-01
   9.5000709272e+02   1.1650316278e-01   0.0000000000e+00   4.9998581455e-01   0.0000000000e+00   0.0000000000e+00   3.8351102267e-01
   9.4996177611e+02   1.1648204526e-01   0.0000000000e+00   5.0007644777e-01   0.0000000000e+00   0.0000000000e+00   3.8344150697e-01
   9.4996177611e+02   1.1648204526e-01   0.0000000000e+00   5.0007644777e-01   0.0000000000e+00   0.0000000000e+00   3.8344150697e-01
   9.4996177611e+02   1.1648204526e-01   0.0000000000e+00   5.0007644777e-01   0.0000000000e+00   0.0000000000e+00   3.8344150697e-01
   9.4996177611e+02   1.1648204526e-01   0.0000000000e+00   5.0007644777e-01   0.0000000000e+00   0.0000000000e+00   3.8344150697e-01
   9.4991645950e+02   1.1646092775e-01   0.0000000000e+00   5.0016708100e-01   0.0000000000e+00   0.0000000000e+00   3.8337199126e-01
   9.4991645950e+02   1.1646092775e-01   0.0000000000e+00   5.0016708100e-01   0.0000000000e+00   0.0000000000e+00   3.8337199126e-01
   9.5000709272e+02   1.1650316278e-01   0.0000000000e+00   4.9998581455e-01   0.0000000000e+00   0.0000000000e+00   3.8351102267e-01
   9.5000709272e+02   1.1650316278e-01   0.0000000000e+00   4.9998581455e-01   0.0000000000e+00   0.0000000000e+00   3.8351102267e-01
   9.5005911999e+02   1.1652740745e-01   0.0000000000e+00   4.9988176003e-01   0.0000000000e+00   0.0000000000e+00   3.8359083252e-01
   9.5005911999e+02   1.1652740745e-01   0.0000000000e+00   4.9988176003e-01   0.0000000000e+00   0.0000000000e+00   3.8359083252e-01
   9.5005911999e+02   1.1652740745e-01   0.0000000000e+00   4.9988176003e-01   0.0000000000e+00   0.0000000000e+00   3.8359083252e-01
   9.5005911999e+02   1.1652740745e-01   0.0000000000e+00   4.9988176003e-01   0.0000000000e+00   0.0000000000e+00   3.8359083252e-01
   9.5005911999e+02   1.1652740745e-01   0.0000000000e+00   4.9988176003e-01   0.0000000000e+00   0.0000000000e+00   3.8359083252e-01
   9.5005911999e+02   1.1652740745e-01   0.0000000000e+00   4.9988176003e-01   0.0000000000e+00   0.0000000000e+00   3.8359083252e-01
   9.5005911999e+02   1.1652740745e-01   0.0000000000e+00   4.9988176003e-01   0.0000000000e+00   0.0000000000e+00   3.8359083252e-01
   9.5005911999e+02   1.1652740745e-01   0.0000000000e+00   4.9988176003e-01   0.0000000000e+00   0.0000000000e+00   3.8359083252e-01
   9.5005947073e+02   1.1652757090e-01   0.0000000000e+00   4.9988105854e-01   0.0000000000e+00   0.0000000000e+00   3.8359137057e-01
   9.5005947073e+02   1.1652757090e-01   0.0000000000e+00   4.9988105854e-01   0.0000000000e+00   0.0000000000e+00   3.8359137057e-01
   9.5005947073e+02   1.1652757090e-01   0.0000000000e+00   4.9988105854e-01   0.0000000000e+00   0.0000000000e+00   3.8359137057e-01
   9.5005947073e+02   1.1652757090e-01   0.0000000000e+00   4.9988105854e-01   0.0000000000e+00   0.0000000000e+00   3.8359137057e-01
   9.5005947073e+02   1.1652757090e-01   0.0000000000e+00   4.9988105854e-01   0.0000000000e+00   0.0000000000e+00   3.8359137057e-01
   9.5005947073e+02   1.1652757090e-01   0.0000000000e+00   4.9988105854e-01   0.0000000000e+00   0.0000000000e+00   3.8359137057e-01
   9.5005947073e+02   1.1652757090e-01   0.0000000000e+00   4.9988105854e-01   0.0000000000e+00   0.0000000000e+00   3.8359137057e-01
   9.5005947073e+02   1.1652757090e-01   0.0000000000e+00   4.9988105854e-01   0.0000000000e+00   0.0000000000e+00   3.8359137057e-01
   9.5002720700e+02   1.1651253601e-01   0.0000000000e+00   4.9994558601e-01   0.0000000000e+00   0.0000000000e+00   3.8354187798e-01
   9.5002720700e+02   1.1651253601e-01   0.0000000000e+00   4.9994558601e-01   0.0000000000e+00   0.0000000000e+00   3.8354187798e-01
   9.5002720700e+02   1.1651253601e-01   0.0000000000e+00   4.9994558601e-01   0.0000000000e+00   0.0000000000e+00   3.8354187798e-01
   9.5002720700e+02   1.1651253601e-01   0.0000000000e+00   4.9994558601e-01   0.0000000000e+00   0.0000000000e+00   3.8354187798e-01
   9.5002720700e+02   1.1651253601e-01   0.0000000000e+00   4.9994558601e-01   0.0000000000e+00   0.0000000000e+00   3.8354187798e-01
   9.5002720700e+02   1.1651253601e-01   0.0000000000e+00   4.9994558601e-01   0.0000000000e+00   0.0000000000e+00   3.8354187798e-01
   9.5002720700e+02   1.1651253601e-01   0.0000000000e+00   4.9994558601e-01   0.0000000000e+00   0.0000000000e+00   3.8354187798e-01
   9.5002720700e+02   1.1651253601e-01   0.0000000000e+00   4.9994558601e-01   0.0000000000e+00   0.0000000000e+00   3.8354187798e-01
   9.5000823273e+02   1.1650369402e-01   0.0000000000e+00   4.9998353455e-01   0.0000000000e+00   0.0000000000e+00   3.8351277144e-01
   9.5000823273e+02   1.1650369402e-01   0.0000000000e+00   4.9998353455e-01   0.0000000000e+00   0.0000000000e+00   3.8351277144e-01
   9.5000823273e+02   1.1650369402e-01   0.0000000000e+00   4.9998353455e-01   0.0000000000e+00   0.0000000000e+00   3.8351277144e-01
   9.5000823273e+02   1.1650369402e-01   0.0000000000e+00   4.9998353455e-01   0.0000000000e+00   0.0000000000e+00   3.8351277144e-01
   9.5000823273e+02   1.1650369402e-01   0.0000000000e+00   4.9998353455e-01   0.0000000000e+00   0.0000000000e+00   3.8351277144e-01
   9.5000823273e+02   1.1650369402e-01   0.0000000000e+00   4.9998353455e-01   0.0000000000e+00   0.0000000000e+00   3.8351277144e-01
   9.5000823273e+02   1.1650369402e-01   0.0000000000e+00   4.9998353455e-01   0.0000000000e+00   0.0000000000e+00   3.8351277144e-01
   9.5000823273e+02   1.1650369402e-01   0.0000000000e+00   4.9998353455e-01   0.0000000000e+00   0.0000000000e+00   3.8351277144e-01
   9.5006116085e+02   1.1652835849e-01   0.0000000000e+00   4.9987767829e-01   0.0000000000e+00   0.0000000000e+00   3.8359396322e-01
   9.5006116085e+02   1.1652835849e-01   0.0000000000e+00   4.9987767829e-01   0.0000000000e+00   0.0000000000e+00   3.8359396322e-01
   9.5006116085e+02   1.1652835849e-01   0.0000000000e+00   4.9987767829e-01   0.0000000000e+00   0.0000000000e+00   3.8359396322e-01
   9.5006116085e+02   1.1652835849e-01   0.0000000000e+00   4.9987767829e-01   0.0000000000e+00   0.0000000000e+00   3.8359396322e-01
   9.5006123123e+02   1.1652839129e-01   0.0000000000e+00   4.9987753754e-01   0.0000000000e+00   0.0000000000e+00   3.8359407117e-01
   9.5006123123e+02   1.1652839129e-01   0.0000000000e+00   4.9987753754e-01   0.0000000000e+00   0.0000000000e+00   3.8359407117e-01
   9.5006109048e+02   1.1652832570e-01   0.0000000000e+00   4.9987781904e-01   0.0000000000e+00   0.0000000000e+00   3.8359385526e-01
   9.5006109048e+02   1.1652832570e-01   0.0000000000e+00   4.9987781904e-01   0.0000000000e+00   0.0000000000e+00   3.8359385526e-01
   9.5006165348e+02   1.1652858806e-01   0.0000000000e+00   4.9987669305e-01   0.0000000000e+00   0.0000000000e+00   3.8359471890e-01
   9.5006165348e+02   1.1652858806e-01   0.0000000000e+00   4.9987669305e-01   0.0000000000e+00   0.0000000000e+00   3.8359471890e-01
   9.5006165348e+02   1.1652858806e-01   0.0000000000e+00   4.9987669305e-01   0.0000000000e+00   0.0000000000e+00   3.8359471890e-01
   9.5006165348e+02   1.1652858806e-01   0.0000000000e+00   4.9987669305e-01   0.0000000000e+00   0.0000000000e+00   3.8359471890e-01
   9.5006123123e+02   1.1652839129e-01   0.0000000000e+00   4.9987753754e-01   0.0000000000e+00   0.0000000000e+00   3.8359407117e-01
   9.5006123123e+02   1.1652839129e-01   0.0000000000e+00   4.9987753754e-01   0.0000000000e+00   0.0000000000e+00   3.8359407117e-01
   9.5006123123e+02   1.1652839129e-01   0.0000000000e+00   4.9987753754e-01   0.0000000000e+00   0.0000000000e+00   3.8359407117e-01
   9.5006123123e+02   1.1652839129e-01   0.0000000000e+00   4.9987753754e-01   0.0000000000e+00   0.0000000000e+00   3.8359407117e-01
   9.5001570672e+02   1.1650717689e-01   0.0000000000e+00   4.9996858656e-01   0.0000000000e+00   0.0000000000e+00   3.8352423654e-01
   9.5001570672e+02   1.1650717689e-01   0.0000000000e+00   4.9996858656e-01   0.0000000000e+00   0.0000000000e+00   3.8352423654e-01
   9.5002840973e+02   1.1651309649e-01   0.0000000000e+00   4.9994318054e-01   0.0000000000e+00   0.0000000000e+00   3.8354372298e-01
   9.5002840973e+02   1.1651309649e-01   0.0000000000e+00   4.9994318054e-01   0.0000000000e+00   0.0000000000e+00   3.8354372298e-01
   9.5002205822e+02   1.1651013669e-01   0.0000000000e+00   4.9995588355e-01   0.0000000000e+00   0.0000000000e+00   3.8353397976e-01
   9.5002205822e+02   1.1651013669e-01   0.0000000000e+00   4.9995588355e-01   0.0000000000e+00   0.0000000000e+00   3.8353397976e-01
   9.5002205822e+02   1.1651013669e-01   0.0000000000e+00   4.9995588355e-01   0.0000000000e+00   0.0000000000e+00   3.8353397976e-01
   9.5002205822e+02   1.1651013669e-01   0.0000000000e+00   4.9995588355e-01   0.0000000000e+00   0.0000000000e+00   3.8353397976e-01
   9.5002205822e+02   1.1651013669e-01   0.0000000000e+00   4.9995588355e-01   0.0000000000e+00   0.0000000000e+00   3.8353397976e-01
   9.5002205822e+02   1.1651013669e-01   0.0000000000e+00   4.9995588355e-01   0.0000000000e+00   0.0000000000e+00   3.8353397976e-01
   9.5002205822e+02   1.1651013669e-01   0.0000000000e+00   4.9995588355e-01   0.0000000000e+00   0.0000000000e+00   3.8353397976e-01
   9.5002205822e+02   1.1651013669e-01   0.0000000000e+00   4.9995588355e-01   0.0000000000e+00   0.0000000000e+00   3.8353397976e-01
   9.5002205822e+02   1.1651013669e-01   0.0000000000e+00   4.9995588355e-01   0.0000000000e+00   0.0000000000e+00   3.8353397976e-01
   9.5002205822e+02   1.1651013669e-01   0.0000000000e+00   4.9995588355e-01   0.0000000000e+00   0.0000000000e+00   3.8353397976e-01
   9.5002205822e+02   1.1651013669e-01   0.0000000000e+00   4.9995588355e-01   0.0000000000e+00   0.0000000000e+00   3.8353397976e-01
   9.5002205822e+02   1.1651013669e-01   0.0000000000e+00   4.9995588355e-01   0.0000000000e+00   0.0000000000e+00   3.8353397976e-01