# time = 16.7762
# Grid Poins = 256    variable_0    variable_1    variable_2    variable_3    variable_4    variable_5    variable_6
   9.8477125362e+02   1.3270324194e-01   0.0000000000e+00   4.3045749277e-01   0.0000000000e+00   0.0000000000e+00   4.3683926529e-01
   9.8477125362e+02   1.3270324194e-01   0.0000000000e+00   4.3045749277e-01   0.0000000000e+00   0.0000000000e+00   4.3683926529e-01
   9.8477125362e+02   1.3270324194e-01   0.0000000000e+00   4.3045749277e-01   0.0000000000e+00   0.0000000000e+00   4.3683926529e-01
   9.8477125362e+02   1.3270324194e-01   0.0000000000e+00   4.3045749277e-01   0.0000000000e+00   0.0000000000e+00   4.3683926529e-01
   9.8491600168e+02   1.3277069446e-01   0.0000000000e+00   4.3016799664e-01   0.0000000000e+00   0.0000000000e+00   4.3706130890e-01
   9.8491600168e+02   1.3277069446e-01   0.0000000000e+00   4.3016799664e-01   0.0000000000e+00   0.0000000000e+00   4.3706130890e-01
   9.8477125362e+02   1.3270324194e-01   0.0000000000e+00   4.3045749277e-01   0.0000000000e+00   0.0000000000e+00   4.3683926529e-01
   9.8477125362e+02   1.3270324194e-01   0.0000000000e+00   4.3045749277e-01   0.0000000000e+00   0.0000000000e+00   4.3683926529e-01
   9.8477642319e+02   1.3270565096e-01   0.0000000000e+00   4.3044715362e-01   0.0000000000e+00   0.0000000000e+00   4.3684719541e-01
   9.8477642319e+02   1.3270565096e-01   0.0000000000e+00   4.3044715362e-01   0.0000000000e+00   0.0000000000e+00   4.3684719541e-01
   9.8477642319e+02   1.3270565096e-01   0.0000000000e+00   4.3044715362e-01   0.0000000000e+00   0.0000000000e+00   4.3684719541e-01
   9.8477642319e+02   1.3270565096e-01   0.0000000000e+00   4.3044715362e-01   0.0000000000e+00   0.0000000000e+00   4.3684719541e-01
   9.8477125362e+02   1.3270324194e-01   0.0000000000e+00   4.3045749277e-01   0.0000000000e+00   0.0000000000e+00   4.3683926529e-01
   9.8477125362e+02   1.3270324194e-01   0.0000000000e+00   4.3045749277e-01   0.0000000000e+00   0.0000000000e+00   4.3683926529e-01
   9.8478159276e+02   1.3270805998e-01   0.0000000000e+00   4.3043681448e-01   0.0000000000e+00   0.0000000000e+00   4.3685512554e-01
   9.8478159276e+02   1.3270805998e-01   0.0000000000e+00   4.3043681448e-01   0.0000000000e+00   0.0000000000e+00   4.3685512554e-01
   9.5044902211e+02   1.1670910162e-01   0.0000000000e+00   4.9910195578e-01   0.0000000000e+00   0.0000000000e+00   3.8418894260e-01
   9.5044902211e+02   1.1670910162e-01   0.0000000000e+00   4.9910195578e-01   0.0000000000e+00   0.0000000000e+00   3.8418894260e-01
   9.5044902211e+02   1.1670910162e-01   0.0000000000e+00   4.9910195578e-01   0.0000000000e+00   0.0000000000e+00   3.8418894260e-01
   9.5044902211e+02   1.1670910162e-01   0.0000000000e+00   4.9910195578e-01   0.0000000000e+00   0.0000000000e+00   3.8418894260e-01
   9.4856450107e+02   1.1583091588e-01   0.0000000000e+00   5.0287099787e-01   0.0000000000e+00   0.0000000000e+00   3.8129808625e-01
   9.4856450107e+02   1.1583091588e-01   0.0000000000e+00   5.0287099787e-01   0.0000000000e+00   0.0000000000e+00   3.8129808625e-01
   9.4856450107e+02   1.1583091588e-01   0.0000000000e+00   5.0287099787e-01   0.0000000000e+00   0.0000000000e+00   3.8129808625e-01
   9.4856450107e+02   1.1583091588e-01   0.0000000000e+00   5.0287099787e-01   0.0000000000e+00   0.0000000000e+00   3.8129808625e-01
   9.5139128263e+02   1.1714819448e-01   0.0000000000e+00   4.9721743473e-01   0.0000000000e+00   0.0000000000e+00   3.8563437078e-01
   9.5139128263e+02   1.1714819448e-01   0.0000000000e+00   4.9721743473e-01   0.0000000000e+00   0.0000000000e+00   3.8563437078e-01
   9.5139128263e+02   1.1714819448e-01   0.0000000000e+00   4.9721743473e-01   0.0000000000e+00   0.0000000000e+00   3.8563437078e-01
   9.5139128263e+02   1.1714819448e-01   0.0000000000e+00   4.9721743473e-01   0.0000000000e+00   0.0000000000e+00   3.8563437078e-01
   9.5139128263e+02   1.1714819448e-01   0.0000000000e+00   4.9721743473e-01   0.0000000000e+00   0.0000000000e+00   3.8563437078e-01
   9.5139128263e+02   1.1714819448e-01   0.0000000000e+00   4.9721743473e-01   0.0000000000e+00   0.0000000000e+00   3.8563437078e-01
   9.5139128263e+02   1.1714819448e-01   0.0000000000e+00   4.9721743473e-01   0.0000000000e+00   0.0000000000e+00   3.8563437078e-01
   9.5139128263e+02   1.1714819448e-01   0.0000000000e+00   4.9721743473e-01   0.0000000000e+00   0.0000000000e+00   3.8563437078e-01
   9.5436449479e+02   1.1853370966e-01   0.0000000000e+00   4.9127101042e-01   0.0000000000e+00   0.0000000000e+00   3.9019527993e-01
   9.5436449479e+02   1.1853370966e-01   0.0000000000e+00   4.9127101042e-01   0.0000000000e+00   0.0000000000e+00   3.9019527993e-01
   9.4974655311e+02   1.1638175147e-01   0.0000000000e+00   5.0050689377e-01   0.0000000000e+00   0.0000000000e+00   3.8311135476e-01
   9.4974655311e+02   1.1638175147e-01   0.0000000000e+00   5.0050689377e-01   0.0000000000e+00   0.0000000000e+00   3.8311135476e-01
   9.4512861144e+02   1.1422979327e-01   0.0000000000e+00   5.0974277713e-01   0.0000000000e+00   0.0000000000e+00   3.7602742960e-01
   9.4512861144e+02   1.1422979327e-01   0.0000000000e+00   5.0974277713e-01   0.0000000000e+00   0.0000000000e+00   3.7602742960e-01
   9.4974655311e+02   1.1638175147e-01   0.0000000000e+00   5.0050689377e-01   0.0000000000e+00   0.0000000000e+00   3.8311135476e-01
   9.4974655311e+02   1.1638175147e-01   0.0000000000e+00   5.0050689377e-01   0.0000000000e+00   0.0000000000e+00   3.8311135476e-01
   9.4944686026e+02   1.1624209477e-01   0.0000000000e+00   5.0110627948e-01   0.0000000000e+00   0.0000000000e+00   3.8265162576e-01
   9.4944686026e+02   1.1624209477e-01   0.0000000000e+00   5.0110627948e-01   0.0000000000e+00   0.0000000000e+00   3.8265162576e-01
   9.4944686026e+02   1.1624209477e-01   0.0000000000e+00   5.0110627948e-01   0.0000000000e+00   0.0000000000e+00   3.8265162576e-01
   9.4944686026e+02   1.1624209477e-01   0.0000000000e+00   5.0110627948e-01   0.0000000000e+00   0.0000000000e+00   3.8265162576e-01
   9.4944686026e+02   1.1624209477e-01   0.0000000000e+00   5.0110627948e-01   0.0000000000e+00   0.0000000000e+00   3.8265162576e-01
   9.4944686026e+02   1.1624209477e-01   0.0000000000e+00   5.0110627948e-01   0.0000000000e+00   0.0000000000e+00   3.8265162576e-01
   9.4944686026e+02   1.1624209477e-01   0.0000000000e+00   5.0110627948e-01   0.0000000000e+00   0.0000000000e+00   3.8265162576e-01
   9.4944686026e+02   1.1624209477e-01   0.0000000000e+00   5.0110627948e-01   0.0000000000e+00   0.0000000000e+00   3.8265162576e-01
   9.4406977292e+02   1.1373637513e-01   0.0000000000e+00   5.1186045417e-01   0.0000000000e+00   0.0000000000e+00   3.7440317070e-01
   9.4406977292e+02   1.1373637513e-01   0.0000000000e+00   5.1186045417e-01   0.0000000000e+00   0.0000000000e+00   3.7440317070e-01
   9.4406977292e+02   1.1373637513e-01   0.0000000000e+00   5.1186045417e-01   0.0000000000e+00   0.0000000000e+00   3.7440317070e-01
   9.4406977292e+02   1.1373637513e-01   0.0000000000e+00   5.1186045417e-01   0.0000000000e+00   0.0000000000e+00   3.7440317070e-01
   9.4406977292e+02   1.1373637513e-01   0.0000000000e+00   5.1186045417e-01   0.0000000000e+00   0.0000000000e+00   3.7440317070e-01
   9.4406977292e+02   1.1373637513e-01   0.0000000000e+00   5.1186045417e-01   0.0000000000e+00   0.0000000000e+00   3.7440317070e-01
   9.4406977292e+02   1.1373637513e-01   0.0000000000e+00   5.1186045417e-01   0.0000000000e+00   0.0000000000e+00   3.7440317070e-01
   9.4406977292e+02   1.1373637513e-01   0.0000000000e+00   5.1186045417e-01   0.0000000000e+00   0.0000000000e+00   3.7440317070e-01
   9.4981602807e+02   1.1641412675e-01   0.0000000000e+00   5.0036794386e-01   0.0000000000e+00   0.0000000000e+00   3.8321792938e-01
   9.4981602807e+02   1.1641412675e-01   0.0000000000e+00   5.0036794386e-01   0.0000000000e+00   0.0000000000e+00   3.8321792938e-01
   9.3832351776e+02   1.1105862350e-01   0.0000000000e+00   5.2335296447e-01   0.0000000000e+00   0.0000000000e+00   3.6558841203e-01
   9.3832351776e+02   1.1105862350e-01   0.0000000000e+00   5.2335296447e-01   0.0000000000e+00   0.0000000000e+00   3.6558841203e-01
   9.4406977292e+02   1.1373637513e-01   0.0000000000e+00   5.1186045417e-01   0.0000000000e+00   0.0000000000e+00   3.7440317070e-01
   9.4406977292e+02   1.1373637513e-01   0.0000000000e+00   5.1186045417e-01   0.0000000000e+00   0.0000000000e+00   3.7440317070e-01
   9.4406977292e+02   1.1373637513e-01   0.0000000000e+00   5.1186045417e-01   0.0000000000e+00   0.0000000000e+00   3.7440317070e-01
   9.4406977292e+02   1.1373637513e-01   0.0000000000e+00   5.1186045417e-01   0.0000000000e+00   0.0000000000e+00   3.7440317070e-01
   9.3650369519e+02   1.1021058722e-01   0.0000000000e+00   5.2699260963e-01   0.0000000000e+00   0.0000000000e+00   3.6279680316e-01
   9.3650369519e+02   1.1021058722e-01   0.0000000000e+00   5.2699260963e-01   0.0000000000e+00   0.0000000000e+00   3.6279680316e-01
   9.3650369519e+02   1.1021058722e-01   0.0000000000e+00   5.2699260963e-01   0.0000000000e+00   0.0000000000e+00   3.6279680316e-01
   9.3650369519e+02   1.1021058722e-01   0.0000000000e+00   5.2699260963e-01   0.0000000000e+00   0.0000000000e+00   3.6279680316e-01
   9.3570890095e+02   1.0984021355e-01   0.0000000000e+00   5.2858219811e-01   0.0000000000e+00   0.0000000000e+00   3.6157758834e-01
   9.3570890095e+02   1.0984021355e-01   0.0000000000e+00   5.2858219811e-01   0.0000000000e+00   0.0000000000e+00   3.6157758834e-01
   9.3411931246e+02   1.0909946623e-01   0.0000000000e+00   5.3176137507e-01   0.0000000000e+00   0.0000000000e+00   3.5913915870e-01
   9.3411931246e+02   1.0909946623e-01   0.0000000000e+00   5.3176137507e-01   0.0000000000e+00   0.0000000000e+00   3.5913915870e-01
   9.3570890095e+02   1.0984021355e-01   0.0000000000e+00   5.2858219811e-01   0.0000000000e+00   0.0000000000e+00   3.6157758834e-01
   9.3570890095e+02   1.0984021355e-01   0.0000000000e+00   5.2858219811e-01   0.0000000000e+00   0.0000000000e+00   3.6157758834e-01
   9.3570890095e+02   1.0984021355e-01   0.0000000000e+00   5.2858219811e-01   0.0000000000e+00   0.0000000000e+00   3.6157758834e-01
   9.3570890095e+02   1.0984021355e-01   0.0000000000e+00   5.2858219811e-01   0.0000000000e+00   0.0000000000e+00   3.6157758834e-01
   9.3570890095e+02   1.0984021355e-01   0.0000000000e+00   5.2858219811e-01   0.0000000000e+00   0.0000000000e+00   3.6157758834e-01
   9.3570890095e+02   1.0984021355e-01   0.0000000000e+00   5.2858219811e-01   0.0000000000e+00   0.0000000000e+00   3.6157758834e-01
   9.3570890095e+02   1.0984021355e-01   0.0000000000e+00   5.2858219811e-01   0.0000000000e+00   0.0000000000e+00   3.6157758834e-01
   9.3570890095e+02   1.0984021355e-01   0.0000000000e+00   5.2858219811e-01   0.0000000000e+00   0.0000000000e+00   3.6157758834e-01
   9.3853354858e+02   1.1115649774e-01   0.0000000000e+00   5.2293290285e-01   0.0000000000e+00   0.0000000000e+00   3.6591059941e-01
   9.3853354858e+02   1.1115649774e-01   0.0000000000e+00   5.2293290285e-01   0.0000000000e+00   0.0000000000e+00   3.6591059941e-01
   9.3853354858e+02   1.1115649774e-01   0.0000000000e+00   5.2293290285e-01   0.0000000000e+00   0.0000000000e+00   3.6591059941e-01
   9.3853354858e+02   1.1115649774e-01   0.0000000000e+00   5.2293290285e-01   0.0000000000e+00   0.0000000000e+00   3.6591059941e-01
   9.3881358966e+02   1.1128699672e-01   0.0000000000e+00   5.2237282068e-01   0.0000000000e+00   0.0000000000e+00   3.6634018259e-01
   9.3881358966e+02   1.1128699672e-01   0.0000000000e+00   5.2237282068e-01   0.0000000000e+00   0.0000000000e+00   3.6634018259e-01
   9.3881358966e+02   1.1128699672e-01   0.0000000000e+00   5.2237282068e-01   0.0000000000e+00   0.0000000000e+00   3.6634018259e-01
   9.3881358966e+02   1.1128699672e-01   0.0000000000e+00   5.2237282068e-01   0.0000000000e+00   0.0000000000e+00   3.6634018259e-01
   9.3853354858e+02   1.1115649774e-01   0.0000000000e+00   5.2293290285e-01   0.0000000000e+00   0.0000000000e+00   3.6591059941e-01
   9.3853354858e+02   1.1115649774e-01   0.0000000000e+00   5.2293290285e-01   0.0000000000e+00   0.0000000000e+00   3.6591059941e-01
   9.3853354858e+02   1.1115649774e-01   0.0000000000e+00   5.2293290285e-01   0.0000000000e+00   0.0000000000e+00   3.6591059941e-01
   9.3853354858e+02   1.1115649774e-01   0.0000000000e+00   5.2293290285e-01   0.0000000000e+00   0.0000000000e+00   3.6591059941e-01
   9.3853354858e+02   1.1115649774e-01   0.0000000000e+00   5.2293290285e-01   0.0000000000e+00   0.0000000000e+00   3.6591059941e-01
   9.3853354858e+02   1.1115649774e-01   0.0000000000e+00   5.2293290285e-01   0.0000000000e+00   0.0000000000e+00   3.6591059941e-01
   9.3853354858e+02   1.1115649774e-01   0.0000000000e+00   5.2293290285e-01   0.0000000000e+00   0.0000000000e+00   3.6591059941e-01
   9.3853354858e+02   1.1115649774e-01   0.0000000000e+00   5.2293290285e-01   0.0000000000e+00   0.0000000000e+00   3.6591059941e-01
   9.4908251768e+02   1.1607231133e-01   0.0000000000e+00   5.0183496463e-01   0.0000000000e+00   0.0000000000e+00   3.8209272403e-01
   9.4908251768e+02   1.1607231133e-01   0.0000000000e+00   5.0183496463e-01   0.0000000000e+00   0.0000000000e+00   3.8209272403e-01
   9.4908251768e+02   1.1607231133e-01   0.0000000000e+00   5.0183496463e-01   0.0000000000e+00   0.0000000000e+00   3.8209272403e-01
   9.4908251768e+02   1.1607231133e-01   0.0000000000e+00   5.0183496463e-01   0.0000000000e+00   0.0000000000e+00   3.8209272403e-01
   9.4908251768e+02   1.1607231133e-01   0.0000000000e+00   5.0183496463e-01   0.0000000000e+00   0.0000000000e+00   3.8209272403e-01
   9.4908251768e+02   1.1607231133e-01   0.0000000000e+00   5.0183496463e-01   0.0000000000e+00   0.0000000000e+00   3.8209272403e-01
   9.4908251768e+02   1.1607231133e-01   0.0000000000e+00   5.0183496463e-01   0.0000000000e+00   0.0000000000e+00   3.8209272403e-01
   9.4908251768e+02   1.1607231133e-01   0.0000000000e+00   5.0183496463e-01   0.0000000000e+00   0.0000000000e+00   3.8209272403e-01
   9.4904116109e+02   1.1605303919e-01   0.0000000000e+00   5.0191767781e-01   0.0000000000e+00   0.0000000000e+00   3.8202928300e-01
   9.4904116109e+02   1.1605303919e-01   0.0000000000e+00   5.0191767781e-01   0.0000000000e+00   0.0000000000e+00   3.8202928300e-01
   9.4904116109e+02   1.1605303919e-01   0.0000000000e+00   5.0191767781e-01   0.0000000000e+00   0.0000000000e+00   3.8202928300e-01
   9.4904116109e+02   1.1605303919e-01   0.0000000000e+00   5.0191767781e-01   0.0000000000e+00   0.0000000000e+00   3.8202928300e-01
   9.4912387427e+02   1.1609158348e-01   0.0000000000e+00   5.0175225145e-01   0.0000000000e+00   0.0000000000e+00   3.8215616507e-01
   9.4912387427e+02   1.1609158348e-01   0.0000000000e+00   5.0175225145e-01   0.0000000000e+00   0.0000000000e+00   3.8215616507e-01
   9.4912387427e+02   1.1609158348e-01   0.0000000000e+00   5.0175225145e-01   0.0000000000e+00   0.0000000000e+00   3.8215616507e-01
   9.4912387427e+02   1.1609158348e-01   0.0000000000e+00   5.0175225145e-01   0.0000000000e+00   0.0000000000e+00   3.8215616507e-01
   9.4605839232e+02   1.1466307064e-01   0.0000000000e+00   5.0788321535e-01   0.0000000000e+00   0.0000000000e+00   3.7745371401e-01
   9.4605839232e+02   1.1466307064e-01   0.0000000000e+00   5.0788321535e-01   0.0000000000e+00   0.0000000000e+00   3.7745371401e-01
   9.4605839232e+02   1.1466307064e-01   0.0000000000e+00   5.0788321535e-01   0.0000000000e+00   0.0000000000e+00   3.7745371401e-01
   9.4605839232e+02   1.1466307064e-01   0.0000000000e+00   5.0788321535e-01   0.0000000000e+00   0.0000000000e+00   3.7745371401e-01
   9.4546818773e+02   1.1438803563e-01   0.0000000000e+00   5.0906362455e-01   0.0000000000e+00   0.0000000000e+00   3.7654833982e-01
   9.4546818773e+02   1.1438803563e-01   0.0000000000e+00   5.0906362455e-01   0.0000000000e+00   0.0000000000e+00   3.7654833982e-01
   9.4546818773e+02   1.1438803563e-01   0.0000000000e+00   5.0906362455e-01   0.0000000000e+00   0.0000000000e+00   3.7654833982e-01
   9.4546818773e+02   1.1438803563e-01   0.0000000000e+00   5.0906362455e-01   0.0000000000e+00   0.0000000000e+00   3.7654833982e-01
   9.4487798313e+02   1.1411300063e-01   0.0000000000e+00   5.1024403374e-01   0.0000000000e+00   0.0000000000e+00   3.7564296564e-01
   9.4487798313e+02   1.1411300063e-01   0.0000000000e+00   5.1024403374e-01   0.0000000000e+00   0.0000000000e+00   3.7564296564e-01
   9.4487798313e+02   1.1411300063e-01   0.0000000000e+00   5.1024403374e-01   0.0000000000e+00   0.0000000000e+00   3.7564296564e-01
   9.4487798313e+02   1.1411300063e-01   0.0000000000e+00   5.1024403374e-01   0.0000000000e+00   0.0000000000e+00   3.7564296564e-01
   9.4546818773e+02   1.1438803563e-01   0.0000000000e+00   5.0906362455e-01   0.0000000000e+00   0.0000000000e+00   3.7654833982e-01
   9.4546818773e+02   1.1438803563e-01   0.0000000000e+00   5.0906362455e-01   0.0000000000e+00   0.0000000000e+00   3.7654833982e-01
   9.4546818773e+02   1.1438803563e-01   0.0000000000e+00   5.0906362455e-01   0.0000000000e+00   0.0000000000e+00   3.7654833982e-01
   9.4546818773e+02   1.1438803563e-01   0.0000000000e+00   5.0906362455e-01   0.0000000000e+00   0.0000000000e+00   3.7654833982e-01
   9.3686386089e+02   1.1037842423e-01   0.0000000000e+00   5.2627227821e-01   0.0000000000e+00   0.0000000000e+00   3.6334929756e-01
   9.3686386089e+02   1.1037842423e-01   0.0000000000e+00   5.2627227821e-01   0.0000000000e+00   0.0000000000e+00   3.6334929756e-01
   9.3686386089e+02   1.1037842423e-01   0.0000000000e+00   5.2627227821e-01   0.0000000000e+00   0.0000000000e+00   3.6334929756e-01
   9.3686386089e+02   1.1037842423e-01   0.0000000000e+00   5.2627227821e-01   0.0000000000e+00   0.0000000000e+00   3.6334929756e-01
   9.2734774418e+02   1.0594391926e-01   0.0000000000e+00   5.4530451164e-01   0.0000000000e+00   0.0000000000e+00   3.4875156910e-01
   9.2734774418e+02   1.0594391926e-01   0.0000000000e+00   5.4530451164e-01   0.0000000000e+00   0.0000000000e+00   3.4875156910e-01
   9.3212848606e+02   1.0817174225e-01   0.0000000000e+00   5.3574302789e-01   0.0000000000e+00   0.0000000000e+00   3.5608522986e-01
   9.3212848606e+02   1.0817174225e-01   0.0000000000e+00   5.3574302789e-01   0.0000000000e+00   0.0000000000e+00   3.5608522986e-01
   9.2973811512e+02   1.0705783076e-01   0.0000000000e+00   5.4052376976e-01   0.0000000000e+00   0.0000000000e+00   3.5241839948e-01
   9.2973811512e+02   1.0705783076e-01   0.0000000000e+00   5.4052376976e-01   0.0000000000e+00   0.0000000000e+00   3.5241839948e-01
   9.2973811512e+02   1.0705783076e-01   0.0000000000e+00   5.4052376976e-01   0.0000000000e+00   0.0000000000e+00   3.5241839948e-01
   9.2973811512e+02   1.0705783076e-01   0.0000000000e+00   5.4052376976e-01   0.0000000000e+00   0.0000000000e+00   3.5241839948e-01
   9.3686386089e+02   1.1037842423e-01   0.0000000000e+00   5.2627227821e-01   0.0000000000e+00   0.0000000000e+00   3.6334929756e-01
   9.3686386089e+02   1.1037842423e-01   0.0000000000e+00   5.2627227821e-01   0.0000000000e+00   0.0000000000e+00   3.6334929756e-01
   9.3686386089e+02   1.1037842423e-01   0.0000000000e+00   5.2627227821e-01   0.0000000000e+00   0.0000000000e+00   3.6334929756e-01
   9.3686386089e+02   1.1037842423e-01   0.0000000000e+00   5.2627227821e-01   0.0000000000e+00   0.0000000000e+00   3.6334929756e-01
   9.3704853735e+02   1.1046448335e-01   0.0000000000e+00   5.2590292530e-01   0.0000000000e+00   0.0000000000e+00   3.6363259135e-01
   9.3704853735e+02   1.1046448335e-01   0.0000000000e+00   5.2590292530e-01   0.0000000000e+00   0.0000000000e+00   3.6363259135e-01
   9.3695852036e+02   1.1042253549e-01   0.0000000000e+00   5.2608295929e-01   0.0000000000e+00   0.0000000000e+00   3.6349450523e-01
   9.3695852036e+02   1.1042253549e-01   0.0000000000e+00   5.2608295929e-01   0.0000000000e+00   0.0000000000e+00   3.6349450523e-01
   9.3695852036e+02   1.1042253549e-01   0.0000000000e+00   5.2608295929e-01   0.0000000000e+00   0.0000000000e+00   3.6349450523e-01
   9.3695852036e+02   1.1042253549e-01   0.0000000000e+00   5.2608295929e-01   0.0000000000e+00   0.0000000000e+00   3.6349450523e-01
   9.3704853735e+02   1.1046448335e-01   0.0000000000e+00   5.2590292530e-01   0.0000000000e+00   0.0000000000e+00   3.6363259135e-01
   9.3704853735e+02   1.1046448335e-01   0.0000000000e+00   5.2590292530e-01   0.0000000000e+00   0.0000000000e+00   3.6363259135e-01
   9.3695852036e+02   1.1042253549e-01   0.0000000000e+00   5.2608295929e-01   0.0000000000e+00   0.0000000000e+00   3.6349450523e-01
   9.3695852036e+02   1.1042253549e-01   0.0000000000e+00   5.2608295929e-01   0.0000000000e+00   0.0000000000e+00   3.6349450523e-01
   9.3695852036e+02   1.1042253549e-01   0.0000000000e+00   5.2608295929e-01   0.0000000000e+00   0.0000000000e+00   3.6349450523e-01
   9.3695852036e+02   1.1042253549e-01   0.0000000000e+00   5.2608295929e-01   0.0000000000e+00   0.0000000000e+00   3.6349450523e-01
   9.3686850336e+02   1.1038058762e-01   0.0000000000e+00   5.2626299327e-01   0.0000000000e+00   0.0000000000e+00   3.6335641911e-01
   9.3686850336e+02   1.1038058762e-01   0.0000000000e+00   5.2626299327e-01   0.0000000000e+00   0.0000000000e+00   3.6335641911e-01
   9.3686850336e+02   1.1038058762e-01   0.0000000000e+00   5.2626299327e-01   0.0000000000e+00   0.0000000000e+00   3.6335641911e-01
   9.3686850336e+02   1.1038058762e-01   0.0000000000e+00   5.2626299327e-01   0.0000000000e+00   0.0000000000e+00   3.6335641911e-01
   9.4828185030e+02   1.1569920079e-01   0.0000000000e+00   5.0343629939e-01   0.0000000000e+00   0.0000000000e+00   3.8086449982e-01
   9.4828185030e+02   1.1569920079e-01   0.0000000000e+00   5.0343629939e-01   0.0000000000e+00   0.0000000000e+00   3.8086449982e-01
   9.4828185030e+02   1.1569920079e-01   0.0000000000e+00   5.0343629939e-01   0.0000000000e+00   0.0000000000e+00   3.8086449982e-01
   9.4828185030e+02   1.1569920079e-01   0.0000000000e+00   5.0343629939e-01   0.0000000000e+00   0.0000000000e+00   3.8086449982e-01
   9.4828185030e+02   1.1569920079e-01   0.0000000000e+00   5.0343629939e-01   0.0000000000e+00   0.0000000000e+00   3.8086449982e-01
   9.4828185030e+02   1.1569920079e-01   0.0000000000e+00   5.0343629939e-01   0.0000000000e+00   0.0000000000e+00   3.8086449982e-01
   9.4828185030e+02   1.1569920079e-01   0.0000000000e+00   5.0343629939e-01   0.0000000000e+00   0.0000000000e+00   3.8086449982e-01
   9.4828185030e+02   1.1569920079e-01   0.0000000000e+00   5.0343629939e-01   0.0000000000e+00   0.0000000000e+00   3.8086449982e-01
   9.2950714642e+02   1.0695019948e-01   0.0000000000e+00   5.4098570715e-01   0.0000000000e+00   0.0000000000e+00   3.5206409337e-01
   9.2950714642e+02   1.0695019948e-01   0.0000000000e+00   5.4098570715e-01   0.0000000000e+00   0.0000000000e+00   3.5206409337e-01
   9.3212848606e+02   1.0817174225e-01   0.0000000000e+00   5.3574302789e-01   0.0000000000e+00   0.0000000000e+00   3.5608522986e-01
   9.3212848606e+02   1.0817174225e-01   0.0000000000e+00   5.3574302789e-01   0.0000000000e+00   0.0000000000e+00   3.5608522986e-01
   9.2950714642e+02   1.0695019948e-01   0.0000000000e+00   5.4098570715e-01   0.0000000000e+00   0.0000000000e+00   3.5206409337e-01
   9.2950714642e+02   1.0695019948e-01   0.0000000000e+00   5.4098570715e-01   0.0000000000e+00   0.0000000000e+00   3.5206409337e-01
   9.3212848606e+02   1.0817174225e-01   0.0000000000e+00   5.3574302789e-01   0.0000000000e+00   0.0000000000e+00   3.5608522986e-01
   9.3212848606e+02   1.0817174225e-01   0.0000000000e+00   5.3574302789e-01   0.0000000000e+00   0.0000000000e+00   3.5608522986e-01
   9.3704853735e+02   1.1046448335e-01   0.0000000000e+00   5.2590292530e-01   0.0000000000e+00   0.0000000000e+00   3.6363259135e-01
   9.3704853735e+02   1.1046448335e-01   0.0000000000e+00   5.2590292530e-01   0.0000000000e+00   0.0000000000e+00   3.6363259135e-01
   9.3704853735e+02   1.1046448335e-01   0.0000000000e+00   5.2590292530e-01   0.0000000000e+00   0.0000000000e+00   3.6363259135e-01
   9.3704853735e+02   1.1046448335e-01   0.0000000000e+00   5.2590292530e-01   0.0000000000e+00   0.0000000000e+00   3.6363259135e-01
   9.3704853735e+02   1.1046448335e-01   0.0000000000e+00   5.2590292530e-01   0.0000000000e+00   0.0000000000e+00   3.6363259135e-01
   9.3704853735e+02   1.1046448335e-01   0.0000000000e+00   5.2590292530e-01   0.0000000000e+00   0.0000000000e+00   3.6363259135e-01
   9.3704853735e+02   1.1046448335e-01   0.0000000000e+00   5.2590292530e-01   0.0000000000e+00   0.0000000000e+00   3.6363259135e-01
   9.3704853735e+02   1.1046448335e-01   0.0000000000e+00   5.2590292530e-01   0.0000000000e+00   0.0000000000e+00   3.6363259135e-01
   9.3578880224e+02   1.0987744751e-01   0.0000000000e+00   5.2842239551e-01   0.0000000000e+00   0.0000000000e+00   3.6170015697e-01
   9.3578880224e+02   1.0987744751e-01   0.0000000000e+00   5.2842239551e-01   0.0000000000e+00   0.0000000000e+00   3.6170015697e-01
   9.3578880224e+02   1.0987744751e-01   0.0000000000e+00   5.2842239551e-01   0.0000000000e+00   0.0000000000e+00   3.6170015697e-01
   9.3578880224e+02   1.0987744751e-01   0.0000000000e+00   5.2842239551e-01   0.0000000000e+00   0.0000000000e+00   3.6170015697e-01
   9.3578880224e+02   1.0987744751e-01   0.0000000000e+00   5.2842239551e-01   0.0000000000e+00   0.0000000000e+00   3.6170015697e-01
   9.3578880224e+02   1.0987744751e-01   0.0000000000e+00   5.2842239551e-01   0.0000000000e+00   0.0000000000e+00   3.6170015697e-01
   9.3578880224e+02   1.0987744751e-01   0.0000000000e+00   5.2842239551e-01   0.0000000000e+00   0.0000000000e+00   3.6170015697e-01
   9.3578880224e+02   1.0987744751e-01   0.0000000000e+00   5.2842239551e-01   0.0000000000e+00   0.0000000000e+00   3.6170015697e-01
   9.2853503526e+02   1.0649719623e-01   0.0000000000e+00   5.4292992947e-01   0.0000000000e+00   0.0000000000e+00   3.5057287430e-01
   9.2853503526e+02   1.0649719623e-01   0.0000000000e+00   5.4292992947e-01   0.0000000000e+00   0.0000000000e+00   3.5057287430e-01
   9.2853503526e+02   1.0649719623e-01   0.0000000000e+00   5.4292992947e-01   0.0000000000e+00   0.0000000000e+00   3.5057287430e-01
   9.2853503526e+02   1.0649719623e-01   0.0000000000e+00   5.4292992947e-01   0.0000000000e+00   0.0000000000e+00   3.5057287430e-01
   9.3389618327e+02   1.0899548815e-01   0.0000000000e+00   5.3220763347e-01   0.0000000000e+00   0.0000000000e+00   3.5879687838e-01
   9.3389618327e+02   1.0899548815e-01   0.0000000000e+00   5.3220763347e-01   0.0000000000e+00   0.0000000000e+00   3.5879687838e-01
   9.3389618327e+02   1.0899548815e-01   0.0000000000e+00   5.3220763347e-01   0.0000000000e+00   0.0000000000e+00   3.5879687838e-01
   9.3389618327e+02   1.0899548815e-01   0.0000000000e+00   5.3220763347e-01   0.0000000000e+00   0.0000000000e+00   3.5879687838e-01
   9.3389618327e+02   1.0899548815e-01   0.0000000000e+00   5.3220763347e-01   0.0000000000e+00   0.0000000000e+00   3.5879687838e-01
   9.3389618327e+02   1.0899548815e-01   0.0000000000e+00   5.3220763347e-01   0.0000000000e+00   0.0000000000e+00   3.5879687838e-01
   9.3389618327e+02   1.0899548815e-01   0.0000000000e+00   5.3220763347e-01   0.0000000000e+00   0.0000000000e+00   3.5879687838e-01
   9.3389618327e+02   1.0899548815e-01   0.0000000000e+00   5.3220763347e-01   0.0000000000e+00   0.0000000000e+00   3.5879687838e-01
   9.2853503526e+02   1.0649719623e-01   0.0000000000e+00   5.4292992947e-01   0.0000000000e+00   0.0000000000e+00   3.5057287430e-01
   9.2853503526e+02   1.0649719623e-01   0.0000000000e+00   5.4292992947e-01   0.0000000000e+00   0.0000000000e+00   3.5057287430e-01
   9.2853503526e+02   1.0649719623e-01   0.0000000000e+00   5.4292992947e-01   0.0000000000e+00   0.0000000000e+00   3.5057287430e-01
   9.2853503526e+02   1.0649719623e-01   0.0000000000e+00   5.4292992947e-01   0.0000000000e+00   0.0000000000e+00   3.5057287430e-01
   9.8784321490e+02   1.3413477415e-01   0.0000000000e+00   4.2431357021e-01   0.0000000000e+00   0.0000000000e+00   4.4155165564e-01
   9.8784321490e+02   1.3413477415e-01   0.0000000000e+00   4.2431357021e-01   0.0000000000e+00   0.0000000000e+00   4.4155165564e-01
   9.8784321490e+02   1.3413477415e-01   0.0000000000e+00   4.2431357021e-01   0.0000000000e+00   0.0000000000e+00   4.4155165564e-01
   9.8784321490e+02   1.3413477415e-01   0.0000000000e+00   4.2431357021e-01   0.0000000000e+00   0.0000000000e+00   4.4155165564e-01
   9.3349203353e+02   1.0880715460e-01   0.0000000000e+00   5.3301593294e-01   0.0000000000e+00   0.0000000000e+00   3.5817691246e-01
   9.3349203353e+02   1.0880715460e-01   0.0000000000e+00   5.3301593294e-01   0.0000000000e+00   0.0000000000e+00   3.5817691246e-01
   9.3349203353e+02   1.0880715460e-01   0.0000000000e+00   5.3301593294e-01   0.0000000000e+00   0.0000000000e+00   3.5817691246e-01
   9.3349203353e+02   1.0880715460e-01   0.0000000000e+00   5.3301593294e-01   0.0000000000e+00   0.0000000000e+00   3.5817691246e-01
   9.8784321490e+02   1.3413477415e-01   0.0000000000e+00   4.2431357021e-01   0.0000000000e+00   0.0000000000e+00   4.4155165564e-01
   9.8784321490e+02   1.3413477415e-01   0.0000000000e+00   4.2431357021e-01   0.0000000000e+00   0.0000000000e+00   4.4155165564e-01
   9.8784321490e+02   1.3413477415e-01   0.0000000000e+00   4.2431357021e-01   0.0000000000e+00   0.0000000000e+00   4.4155165564e-01
   9.8784321490e+02   1.3413477415e-01   0.0000000000e+00   4.2431357021e-01   0.0000000000e+00   0.0000000000e+00   4.4155165564e-01
   9.3349203353e+02   1.0880715460e-01   0.0000000000e+00   5.3301593294e-01   0.0000000000e+00   0.0000000000e+00   3.5817691246e-01
   9.3349203353e+02   1.0880715460e-01   0.0000000000e+00   5.3301593294e-01   0.0000000000e+00   0.0000000000e+00   3.5817691246e-01
   9.3349203353e+02   1.0880715460e-01   0.0000000000e+00   5.3301593294e-01   0.0000000000e+00   0.0000000000e+00   3.5817691246e-01
   9.3349203353e+02   1.0880715460e-01   0.0000000000e+00   5.3301593294e-01   0.0000000000e+00   0.0000000000e+00   3.5817691246e-01
   9.8911999620e+02   1.3472975351e-01   0.0000000000e+00   4.2176000761e-01   0.0000000000e+00   0.0000000000e+00   4.4351023888e-01
   9.8911999620e+02   1.3472975351e-01   0.0000000000e+00   4.2176000761e-01   0.0000000000e+00   0.0000000000e+00   4.4351023888e-01
   9.3643911989e+02   1.1018049516e-01   0.0000000000e+00   5.2712176022e-01   0.0000000000e+00   0.0000000000e+00   3.6269774461e-01
   9.3643911989e+02   1.1018049516e-01   0.0000000000e+00   5.2712176022e-01   0.0000000000e+00   0.0000000000e+00   3.6269774461e-01
   9.8911999620e+02   1.3472975351e-01   0.0000000000e+00   4.2176000761e-01   0.0000000000e+00   0.0000000000e+00   4.4351023888e-01
   9.8911999620e+02   1.3472975351e-01   0.0000000000e+00   4.2176000761e-01   0.0000000000e+00   0.0000000000e+00   4.4351023888e-01
   9.3643911989e+02   1.1018049516e-01   0.0000000000e+00   5.2712176022e-01   0.0000000000e+00   0.0000000000e+00   3.6269774461e-01
   9.3643911989e+02   1.1018049516e-01   0.0000000000e+00   5.2712176022e-01   0.0000000000e+00   0.0000000000e+00   3.6269774461e-01
   9.8893444956e+02   1.3464328888e-01   0.0000000000e+00   4.2213110088e-01   0.0000000000e+00   0.0000000000e+00   4.4322561024e-01
   9.8893444956e+02   1.3464328888e-01   0.0000000000e+00   4.2213110088e-01   0.0000000000e+00   0.0000000000e+00   4.4322561024e-01
   9.8893444956e+02   1.3464328888e-01   0.0000000000e+00   4.2213110088e-01   0.0000000000e+00   0.0000000000e+00   4.4322561024e-01
   9.8893444956e+02   1.3464328888e-01   0.0000000000e+00   4.2213110088e-01   0.0000000000e+00   0.0000000000e+00   4.4322561024e-01
   9.8265386593e+02   1.3171654049e-01   0.0000000000e+00   4.3469226815e-01   0.0000000000e+00   0.0000000000e+00   4.3359119136e-01
   9.8265386593e+02   1.3171654049e-01   0.0000000000e+00   4.3469226815e-01   0.0000000000e+00   0.0000000000e+00   4.3359119136e-01
   9.8265386593e+02   1.3171654049e-01   0.0000000000e+00   4.3469226815e-01   0.0000000000e+00   0.0000000000e+00   4.3359119136e-01
   9.8265386593e+02   1.3171654049e-01   0.0000000000e+00   4.3469226815e-01   0.0000000000e+00   0.0000000000e+00   4.3359119136e-01
   9.9042330236e+02   1.3533709344e-01   0.0000000000e+00   4.1915339527e-01   0.0000000000e+00   0.0000000000e+00   4.4550951129e-01
   9.9042330236e+02   1.3533709344e-01   0.0000000000e+00   4.1915339527e-01   0.0000000000e+00   0.0000000000e+00   4.4550951129e-01
   9.9076787077e+02   1.3549766212e-01   0.0000000000e+00   4.1846425846e-01   0.0000000000e+00   0.0000000000e+00   4.4603807942e-01
   9.9076787077e+02   1.3549766212e-01   0.0000000000e+00   4.1846425846e-01   0.0000000000e+00   0.0000000000e+00   4.4603807942e-01
   9.9043656480e+02   1.3534327373e-01   0.0000000000e+00   4.1912687041e-01   0.0000000000e+00   0.0000000000e+00   4.4552985586e-01
   9.9043656480e+02   1.3534327373e-01   0.0000000000e+00   4.1912687041e-01   0.0000000000e+00   0.0000000000e+00   4.4552985586e-01
   9.9043656480e+02   1.3534327373e-01   0.0000000000e+00   4.1912687041e-01   0.0000000000e+00   0.0000000000e+00   4.4552985586e-01
   9.9043656480e+02   1.3534327373e-01   0.0000000000e+00   4.1912687041e-01   0.0000000000e+00   0.0000000000e+00   4.4552985586e-01
   9.9044982723e+02   1.3534945401e-01   0.0000000000e+00   4.1910034554e-01   0.0000000000e+00   0.0000000000e+00   4.4555020044e-01
   9.9044982723e+02   1.3534945401e-01   0.0000000000e+00   4.1910034554e-01   0.0000000000e+00   0.0000000000e+00   4.4555020044e-01
   9.8784321490e+02   1.3413477415e-01   0.0000000000e+00   4.2431357021e-01   0.0000000000e+00   0.0000000000e+00   4.4155165564e-01
   9.8784321490e+02   1.3413477415e-01   0.0000000000e+00   4.2431357021e-01   0.0000000000e+00   0.0000000000e+00   4.4155165564e-01
   9.8784321490e+02   1.3413477415e-01   0.0000000000e+00   4.2431357021e-01   0.0000000000e+00   0.0000000000e+00   4.4155165564e-01
   9.8784321490e+02   1.3413477415e-01   0.0000000000e+00   4.2431357021e-01   0.0000000000e+00   0.0000000000e+00   4.4155165564e-01
   9.9044982723e+02   1.3534945401e-01   0.0000000000e+00   4.1910034554e-01   0.0000000000e+00   0.0000000000e+00   4.4555020044e-01
   9.9044982723e+02   1.3534945401e-01   0.0000000000e+00   4.1910034554e-01   0.0000000000e+00   0.0000000000e+00   4.4555020044e-01