# time = 10.6304
# Grid Poins = 256    variable_0    variable_1    variable_2    variable_3    variable_4    variable_5    variable_6
   8.8954175711e+02   8.8326350826e-02   0.0000000000e+00   6.2091648579e-01   0.0000000000e+00   0.0000000000e+00   2.9075716339e-01
   8.8954175711e+02   8.8326350826e-02   0.0000000000e+00   6.2091648579e-01   0.0000000000e+00   0.0000000000e+00   2.9075716339e-01
   8.9098705053e+02   8.8999856739e-02   0.0000000000e+00   6.1802589893e-01   0.0000000000e+00   0.0000000000e+00   2.9297424433e-01
   8.9098705053e+02   8.8999856739e-02   0.0000000000e+00   6.1802589893e-01   0.0000000000e+00   0.0000000000e+00   2.9297424433e-01
   8.8954175711e+02   8.8326350826e-02   0.0000000000e+00   6.2091648579e-01   0.0000000000e+00   0.0000000000e+00   2.9075716339e-01
   8.8954175711e+02   8.8326350826e-02   0.0000000000e+00   6.2091648579e-01   0.0000000000e+00   0.0000000000e+00   2.9075716339e-01
   8.9098705053e+02   8.8999856739e-02   0.0000000000e+00   6.1802589893e-01   0.0000000000e+00   0.0000000000e+00   2.9297424433e-01
   8.9098705053e+02   8.8999856739e-02   0.0000000000e+00   6.1802589893e-01   0.0000000000e+00   0.0000000000e+00   2.9297424433e-01
   8.8128691614e+02   8.4479599637e-02   0.0000000000e+00   6.3742616773e-01   0.0000000000e+00   0.0000000000e+00   2.7809423264e-01
   8.8128691614e+02   8.4479599637e-02   0.0000000000e+00   6.3742616773e-01   0.0000000000e+00   0.0000000000e+00   2.7809423264e-01
   8.8128691614e+02   8.4479599637e-02   0.0000000000e+00   6.3742616773e-01   0.0000000000e+00   0.0000000000e+00   2.7809423264e-01
   8.8128691614e+02   8.4479599637e-02   0.0000000000e+00   6.3742616773e-01   0.0000000000e+00   0.0000000000e+00   2.7809423264e-01
   8.8128691614e+02   8.4479599637e-02   0.0000000000e+00   6.3742616773e-01   0.0000000000e+00   0.0000000000e+00   2.7809423264e-01
   8.8128691614e+02   8.4479599637e-02   0.0000000000e+00   6.3742616773e-01   0.0000000000e+00   0.0000000000e+00   2.7809423264e-01
   8.8128691614e+02   8.4479599637e-02   0.0000000000e+00   6.3742616773e-01   0.0000000000e+00   0.0000000000e+00   2.7809423264e-01
   8.8128691614e+02   8.4479599637e-02   0.0000000000e+00   6.3742616773e-01   0.0000000000e+00   0.0000000000e+00   2.7809423264e-01
   8.8625213206e+02   8.6793387428e-02   0.0000000000e+00   6.2749573588e-01   0.0000000000e+00   0.0000000000e+00   2.8571087669e-01
   8.8625213206e+02   8.6793387428e-02   0.0000000000e+00   6.2749573588e-01   0.0000000000e+00   0.0000000000e+00   2.8571087669e-01
   8.9099003077e+02   8.9001245526e-02   0.0000000000e+00   6.1801993847e-01   0.0000000000e+00   0.0000000000e+00   2.9297881601e-01
   8.9099003077e+02   8.9001245526e-02   0.0000000000e+00   6.1801993847e-01   0.0000000000e+00   0.0000000000e+00   2.9297881601e-01
   8.8388318270e+02   8.5689458378e-02   0.0000000000e+00   6.3223363459e-01   0.0000000000e+00   0.0000000000e+00   2.8207690703e-01
   8.8388318270e+02   8.5689458378e-02   0.0000000000e+00   6.3223363459e-01   0.0000000000e+00   0.0000000000e+00   2.8207690703e-01
   8.8388318270e+02   8.5689458378e-02   0.0000000000e+00   6.3223363459e-01   0.0000000000e+00   0.0000000000e+00   2.8207690703e-01
   8.8388318270e+02   8.5689458378e-02   0.0000000000e+00   6.3223363459e-01   0.0000000000e+00   0.0000000000e+00   2.8207690703e-01
   8.7889612913e+02   8.3365494255e-02   0.0000000000e+00   6.4220774174e-01   0.0000000000e+00   0.0000000000e+00   2.7442676401e-01
   8.7889612913e+02   8.3365494255e-02   0.0000000000e+00   6.4220774174e-01   0.0000000000e+00   0.0000000000e+00   2.7442676401e-01
   8.7889612913e+02   8.3365494255e-02   0.0000000000e+00   6.4220774174e-01   0.0000000000e+00   0.0000000000e+00   2.7442676401e-01
   8.7889612913e+02   8.3365494255e-02   0.0000000000e+00   6.4220774174e-01   0.0000000000e+00   0.0000000000e+00   2.7442676401e-01
   8.7131727934e+02   7.9833754569e-02   0.0000000000e+00   6.5736544132e-01   0.0000000000e+00   0.0000000000e+00   2.6280080411e-01
   8.7131727934e+02   7.9833754569e-02   0.0000000000e+00   6.5736544132e-01   0.0000000000e+00   0.0000000000e+00   2.6280080411e-01
   8.7131727934e+02   7.9833754569e-02   0.0000000000e+00   6.5736544132e-01   0.0000000000e+00   0.0000000000e+00   2.6280080411e-01
   8.7131727934e+02   7.9833754569e-02   0.0000000000e+00   6.5736544132e-01   0.0000000000e+00   0.0000000000e+00   2.6280080411e-01
   8.9151808880e+02   8.9247320270e-02   0.0000000000e+00   6.1696382239e-01   0.0000000000e+00   0.0000000000e+00   2.9378885734e-01
   8.9151808880e+02   8.9247320270e-02   0.0000000000e+00   6.1696382239e-01   0.0000000000e+00   0.0000000000e+00   2.9378885734e-01
   8.9151808880e+02   8.9247320270e-02   0.0000000000e+00   6.1696382239e-01   0.0000000000e+00   0.0000000000e+00   2.9378885734e-01
   8.9151808880e+02   8.9247320270e-02   0.0000000000e+00   6.1696382239e-01   0.0000000000e+00   0.0000000000e+00   2.9378885734e-01
   8.9151808880e+02   8.9247320270e-02   0.0000000000e+00   6.1696382239e-01   0.0000000000e+00   0.0000000000e+00   2.9378885734e-01
   8.9151808880e+02   8.9247320270e-02   0.0000000000e+00   6.1696382239e-01   0.0000000000e+00   0.0000000000e+00   2.9378885734e-01
   8.9151808880e+02   8.9247320270e-02   0.0000000000e+00   6.1696382239e-01   0.0000000000e+00   0.0000000000e+00   2.9378885734e-01
   8.9151808880e+02   8.9247320270e-02   0.0000000000e+00   6.1696382239e-01   0.0000000000e+00   0.0000000000e+00   2.9378885734e-01
   9.4733615108e+02   1.1525850549e-01   0.0000000000e+00   5.0532769784e-01   0.0000000000e+00   0.0000000000e+00   3.7941379667e-01
   9.4733615108e+02   1.1525850549e-01   0.0000000000e+00   5.0532769784e-01   0.0000000000e+00   0.0000000000e+00   3.7941379667e-01
   9.4733615108e+02   1.1525850549e-01   0.0000000000e+00   5.0532769784e-01   0.0000000000e+00   0.0000000000e+00   3.7941379667e-01
   9.4733615108e+02   1.1525850549e-01   0.0000000000e+00   5.0532769784e-01   0.0000000000e+00   0.0000000000e+00   3.7941379667e-01
   9.7524518222e+02   1.2826409810e-01   0.0000000000e+00   4.4950963557e-01   0.0000000000e+00   0.0000000000e+00   4.2222626633e-01
   9.7524518222e+02   1.2826409810e-01   0.0000000000e+00   4.4950963557e-01   0.0000000000e+00   0.0000000000e+00   4.2222626633e-01
   9.1942711994e+02   1.0225291288e-01   0.0000000000e+00   5.6114576012e-01   0.0000000000e+00   0.0000000000e+00   3.3660132700e-01
   9.1942711994e+02   1.0225291288e-01   0.0000000000e+00   5.6114576012e-01   0.0000000000e+00   0.0000000000e+00   3.3660132700e-01
   9.3713641986e+02   1.1050543655e-01   0.0000000000e+00   5.2572716027e-01   0.0000000000e+00   0.0000000000e+00   3.6376740317e-01
   9.3713641986e+02   1.1050543655e-01   0.0000000000e+00   5.2572716027e-01   0.0000000000e+00   0.0000000000e+00   3.6376740317e-01
   9.3713641986e+02   1.1050543655e-01   0.0000000000e+00   5.2572716027e-01   0.0000000000e+00   0.0000000000e+00   3.6376740317e-01
   9.3713641986e+02   1.1050543655e-01   0.0000000000e+00   5.2572716027e-01   0.0000000000e+00   0.0000000000e+00   3.6376740317e-01
   9.3713641986e+02   1.1050543655e-01   0.0000000000e+00   5.2572716027e-01   0.0000000000e+00   0.0000000000e+00   3.6376740317e-01
   9.3713641986e+02   1.1050543655e-01   0.0000000000e+00   5.2572716027e-01   0.0000000000e+00   0.0000000000e+00   3.6376740317e-01
   9.3713641986e+02   1.1050543655e-01   0.0000000000e+00   5.2572716027e-01   0.0000000000e+00   0.0000000000e+00   3.6376740317e-01
   9.3713641986e+02   1.1050543655e-01   0.0000000000e+00   5.2572716027e-01   0.0000000000e+00   0.0000000000e+00   3.6376740317e-01
   9.3713641986e+02   1.1050543655e-01   0.0000000000e+00   5.2572716027e-01   0.0000000000e+00   0.0000000000e+00   3.6376740317e-01
   9.3713641986e+02   1.1050543655e-01   0.0000000000e+00   5.2572716027e-01   0.0000000000e+00   0.0000000000e+00   3.6376740317e-01
   9.3713641986e+02   1.1050543655e-01   0.0000000000e+00   5.2572716027e-01   0.0000000000e+00   0.0000000000e+00   3.6376740317e-01
   9.3713641986e+02   1.1050543655e-01   0.0000000000e+00   5.2572716027e-01   0.0000000000e+00   0.0000000000e+00   3.6376740317e-01
   9.3713641986e+02   1.1050543655e-01   0.0000000000e+00   5.2572716027e-01   0.0000000000e+00   0.0000000000e+00   3.6376740317e-01
   9.3713641986e+02   1.1050543655e-01   0.0000000000e+00   5.2572716027e-01   0.0000000000e+00   0.0000000000e+00   3.6376740317e-01
   9.3713641986e+02   1.1050543655e-01   0.0000000000e+00   5.2572716027e-01   0.0000000000e+00   0.0000000000e+00   3.6376740317e-01
   9.3713641986e+02   1.1050543655e-01   0.0000000000e+00   5.2572716027e-01   0.0000000000e+00   0.0000000000e+00   3.6376740317e-01
   9.8623220325e+02   1.3338404364e-01   0.0000000000e+00   4.2753559351e-01   0.0000000000e+00   0.0000000000e+00   4.3908036285e-01
   9.8623220325e+02   1.3338404364e-01   0.0000000000e+00   4.2753559351e-01   0.0000000000e+00   0.0000000000e+00   4.3908036285e-01
   9.8623220325e+02   1.3338404364e-01   0.0000000000e+00   4.2753559351e-01   0.0000000000e+00   0.0000000000e+00   4.3908036285e-01
   9.8623220325e+02   1.3338404364e-01   0.0000000000e+00   4.2753559351e-01   0.0000000000e+00   0.0000000000e+00   4.3908036285e-01
   9.8623220325e+02   1.3338404364e-01   0.0000000000e+00   4.2753559351e-01   0.0000000000e+00   0.0000000000e+00   4.3908036285e-01
   9.8623220325e+02   1.3338404364e-01   0.0000000000e+00   4.2753559351e-01   0.0000000000e+00   0.0000000000e+00   4.3908036285e-01
   9.8623220325e+02   1.3338404364e-01   0.0000000000e+00   4.2753559351e-01   0.0000000000e+00   0.0000000000e+00   4.3908036285e-01
   9.8623220325e+02   1.3338404364e-01   0.0000000000e+00   4.2753559351e-01   0.0000000000e+00   0.0000000000e+00   4.3908036285e-01
   9.9369881749e+02   1.3686348162e-01   0.0000000000e+00   4.1260236502e-01   0.0000000000e+00   0.0000000000e+00   4.5053415336e-01
   9.9369881749e+02   1.3686348162e-01   0.0000000000e+00   4.1260236502e-01   0.0000000000e+00   0.0000000000e+00   4.5053415336e-01
   9.9369881749e+02   1.3686348162e-01   0.0000000000e+00   4.1260236502e-01   0.0000000000e+00   0.0000000000e+00   4.5053415336e-01
   9.9369881749e+02   1.3686348162e-01   0.0000000000e+00   4.1260236502e-01   0.0000000000e+00   0.0000000000e+00   4.5053415336e-01
   9.9369881749e+02   1.3686348162e-01   0.0000000000e+00   4.1260236502e-01   0.0000000000e+00   0.0000000000e+00   4.5053415336e-01
   9.9369881749e+02   1.3686348162e-01   0.0000000000e+00   4.1260236502e-01   0.0000000000e+00   0.0000000000e+00   4.5053415336e-01
   9.9369881749e+02   1.3686348162e-01   0.0000000000e+00   4.1260236502e-01   0.0000000000e+00   0.0000000000e+00   4.5053415336e-01
   9.9369881749e+02   1.3686348162e-01   0.0000000000e+00   4.1260236502e-01   0.0000000000e+00   0.0000000000e+00   4.5053415336e-01
   9.1025235113e+02   9.7977475840e-02   0.0000000000e+00   5.7949529774e-01   0.0000000000e+00   0.0000000000e+00   3.2252722641e-01
   9.1025235113e+02   9.7977475840e-02   0.0000000000e+00   5.7949529774e-01   0.0000000000e+00   0.0000000000e+00   3.2252722641e-01
   9.1025235113e+02   9.7977475840e-02   0.0000000000e+00   5.7949529774e-01   0.0000000000e+00   0.0000000000e+00   3.2252722641e-01
   9.1025235113e+02   9.7977475840e-02   0.0000000000e+00   5.7949529774e-01   0.0000000000e+00   0.0000000000e+00   3.2252722641e-01
   9.1418424789e+02   9.9809737491e-02   0.0000000000e+00   5.7163150422e-01   0.0000000000e+00   0.0000000000e+00   3.2855875829e-01
   9.1418424789e+02   9.9809737491e-02   0.0000000000e+00   5.7163150422e-01   0.0000000000e+00   0.0000000000e+00   3.2855875829e-01
   9.1418424789e+02   9.9809737491e-02   0.0000000000e+00   5.7163150422e-01   0.0000000000e+00   0.0000000000e+00   3.2855875829e-01
   9.1418424789e+02   9.9809737491e-02   0.0000000000e+00   5.7163150422e-01   0.0000000000e+00   0.0000000000e+00   3.2855875829e-01
   9.1025235113e+02   9.7977475840e-02   0.0000000000e+00   5.7949529774e-01   0.0000000000e+00   0.0000000000e+00   3.2252722641e-01
   9.1025235113e+02   9.7977475840e-02   0.0000000000e+00   5.7949529774e-01   0.0000000000e+00   0.0000000000e+00   3.2252722641e-01
   9.1418424789e+02   9.9809737491e-02   0.0000000000e+00   5.7163150422e-01   0.0000000000e+00   0.0000000000e+00   3.2855875829e-01
   9.1418424789e+02   9.9809737491e-02   0.0000000000e+00   5.7163150422e-01   0.0000000000e+00   0.0000000000e+00   3.2855875829e-01
   9.1221829951e+02   9.8893606666e-02   0.0000000000e+00   5.7556340098e-01   0.0000000000e+00   0.0000000000e+00   3.2554299235e-01
   9.1221829951e+02   9.8893606666e-02   0.0000000000e+00   5.7556340098e-01   0.0000000000e+00   0.0000000000e+00   3.2554299235e-01
   9.1221829951e+02   9.8893606666e-02   0.0000000000e+00   5.7556340098e-01   0.0000000000e+00   0.0000000000e+00   3.2554299235e-01
   9.1221829951e+02   9.8893606666e-02   0.0000000000e+00   5.7556340098e-01   0.0000000000e+00   0.0000000000e+00   3.2554299235e-01
   9.2215364873e+02   1.0352347374e-01   0.0000000000e+00   5.5569270253e-01   0.0000000000e+00   0.0000000000e+00   3.4078382372e-01
   9.2215364873e+02   1.0352347374e-01   0.0000000000e+00   5.5569270253e-01   0.0000000000e+00   0.0000000000e+00   3.4078382372e-01
   9.2215364873e+02   1.0352347374e-01   0.0000000000e+00   5.5569270253e-01   0.0000000000e+00   0.0000000000e+00   3.4078382372e-01
   9.2215364873e+02   1.0352347374e-01   0.0000000000e+00   5.5569270253e-01   0.0000000000e+00   0.0000000000e+00   3.4078382372e-01
   9.2215364873e+02   1.0352347374e-01   0.0000000000e+00   5.5569270253e-01   0.0000000000e+00   0.0000000000e+00   3.4078382372e-01
   9.2215364873e+02   1.0352347374e-01   0.0000000000e+00   5.5569270253e-01   0.0000000000e+00   0.0000000000e+00   3.4078382372e-01
   9.2215364873e+02   1.0352347374e-01   0.0000000000e+00   5.5569270253e-01   0.0000000000e+00   0.0000000000e+00   3.4078382372e-01
   9.2215364873e+02   1.0352347374e-01   0.0000000000e+00   5.5569270253e-01   0.0000000000e+00   0.0000000000e+00   3.4078382372e-01
   9.2215364873e+02   1.0352347374e-01   0.0000000000e+00   5.5569270253e-01   0.0000000000e+00   0.0000000000e+00   3.4078382372e-01
   9.2215364873e+02   1.0352347374e-01   0.0000000000e+00   5.5569270253e-01   0.0000000000e+00   0.0000000000e+00   3.4078382372e-01
   9.2215364873e+02   1.0352347374e-01   0.0000000000e+00   5.5569270253e-01   0.0000000000e+00   0.0000000000e+00   3.4078382372e-01
   9.2215364873e+02   1.0352347374e-01   0.0000000000e+00   5.5569270253e-01   0.0000000000e+00   0.0000000000e+00   3.4078382372e-01
   9.2215364873e+02   1.0352347374e-01   0.0000000000e+00   5.5569270253e-01   0.0000000000e+00   0.0000000000e+00   3.4078382372e-01
   9.2215364873e+02   1.0352347374e-01   0.0000000000e+00   5.5569270253e-01   0.0000000000e+00   0.0000000000e+00   3.4078382372e-01
   9.2215364873e+02   1.0352347374e-01   0.0000000000e+00   5.5569270253e-01   0.0000000000e+00   0.0000000000e+00   3.4078382372e-01
   9.2215364873e+02   1.0352347374e-01   0.0000000000e+00   5.5569270253e-01   0.0000000000e+00   0.0000000000e+00   3.4078382372e-01
   9.6567441225e+02   1.2380412475e-01   0.0000000000e+00   4.6865117550e-01   0.0000000000e+00   0.0000000000e+00   4.0754469975e-01
   9.6567441225e+02   1.2380412475e-01   0.0000000000e+00   4.6865117550e-01   0.0000000000e+00   0.0000000000e+00   4.0754469975e-01
   9.6567441225e+02   1.2380412475e-01   0.0000000000e+00   4.6865117550e-01   0.0000000000e+00   0.0000000000e+00   4.0754469975e-01
   9.6567441225e+02   1.2380412475e-01   0.0000000000e+00   4.6865117550e-01   0.0000000000e+00   0.0000000000e+00   4.0754469975e-01
   9.6567441225e+02   1.2380412475e-01   0.0000000000e+00   4.6865117550e-01   0.0000000000e+00   0.0000000000e+00   4.0754469975e-01
   9.6567441225e+02   1.2380412475e-01   0.0000000000e+00   4.6865117550e-01   0.0000000000e+00   0.0000000000e+00   4.0754469975e-01
   9.6567441225e+02   1.2380412475e-01   0.0000000000e+00   4.6865117550e-01   0.0000000000e+00   0.0000000000e+00   4.0754469975e-01
   9.6567441225e+02   1.2380412475e-01   0.0000000000e+00   4.6865117550e-01   0.0000000000e+00   0.0000000000e+00   4.0754469975e-01
   9.8093570471e+02   1.3091587834e-01   0.0000000000e+00   4.3812859058e-01   0.0000000000e+00   0.0000000000e+00   4.3095553108e-01
   9.8093570471e+02   1.3091587834e-01   0.0000000000e+00   4.3812859058e-01   0.0000000000e+00   0.0000000000e+00   4.3095553108e-01
   9.8093570471e+02   1.3091587834e-01   0.0000000000e+00   4.3812859058e-01   0.0000000000e+00   0.0000000000e+00   4.3095553108e-01
   9.8093570471e+02   1.3091587834e-01   0.0000000000e+00   4.3812859058e-01   0.0000000000e+00   0.0000000000e+00   4.3095553108e-01
   9.8093570471e+02   1.3091587834e-01   0.0000000000e+00   4.3812859058e-01   0.0000000000e+00   0.0000000000e+00   4.3095553108e-01
   9.8093570471e+02   1.3091587834e-01   0.0000000000e+00   4.3812859058e-01   0.0000000000e+00   0.0000000000e+00   4.3095553108e-01
   9.8093570471e+02   1.3091587834e-01   0.0000000000e+00   4.3812859058e-01   0.0000000000e+00   0.0000000000e+00   4.3095553108e-01
   9.8093570471e+02   1.3091587834e-01   0.0000000000e+00   4.3812859058e-01   0.0000000000e+00   0.0000000000e+00   4.3095553108e-01
   9.7028934658e+02   1.2595468152e-01   0.0000000000e+00   4.5942130685e-01   0.0000000000e+00   0.0000000000e+00   4.1462401164e-01
   9.7028934658e+02   1.2595468152e-01   0.0000000000e+00   4.5942130685e-01   0.0000000000e+00   0.0000000000e+00   4.1462401164e-01
   9.7028934658e+02   1.2595468152e-01   0.0000000000e+00   4.5942130685e-01   0.0000000000e+00   0.0000000000e+00   4.1462401164e-01
   9.7028934658e+02   1.2595468152e-01   0.0000000000e+00   4.5942130685e-01   0.0000000000e+00   0.0000000000e+00   4.1462401164e-01
   9.6875076443e+02   1.2523770311e-01   0.0000000000e+00   4.6249847114e-01   0.0000000000e+00   0.0000000000e+00   4.1226382575e-01
   9.6875076443e+02   1.2523770311e-01   0.0000000000e+00   4.6249847114e-01   0.0000000000e+00   0.0000000000e+00   4.1226382575e-01
   9.6875076443e+02   1.2523770311e-01   0.0000000000e+00   4.6249847114e-01   0.0000000000e+00   0.0000000000e+00   4.1226382575e-01
   9.6875076443e+02   1.2523770311e-01   0.0000000000e+00   4.6249847114e-01   0.0000000000e+00   0.0000000000e+00   4.1226382575e-01
   9.6170122623e+02   1.2195262233e-01   0.0000000000e+00   4.7659754753e-01   0.0000000000e+00   0.0000000000e+00   4.0144983014e-01
   9.6170122623e+02   1.2195262233e-01   0.0000000000e+00   4.7659754753e-01   0.0000000000e+00   0.0000000000e+00   4.0144983014e-01
   9.6445670426e+02   1.2323667352e-01   0.0000000000e+00   4.7108659148e-01   0.0000000000e+00   0.0000000000e+00   4.0567673500e-01
   9.6445670426e+02   1.2323667352e-01   0.0000000000e+00   4.7108659148e-01   0.0000000000e+00   0.0000000000e+00   4.0567673500e-01
   9.6737302542e+02   1.2459567752e-01   0.0000000000e+00   4.6525394917e-01   0.0000000000e+00   0.0000000000e+00   4.1015037332e-01
   9.6737302542e+02   1.2459567752e-01   0.0000000000e+00   4.6525394917e-01   0.0000000000e+00   0.0000000000e+00   4.1015037332e-01
   9.6737302542e+02   1.2459567752e-01   0.0000000000e+00   4.6525394917e-01   0.0000000000e+00   0.0000000000e+00   4.1015037332e-01
   9.6737302542e+02   1.2459567752e-01   0.0000000000e+00   4.6525394917e-01   0.0000000000e+00   0.0000000000e+00   4.1015037332e-01
   9.6097211242e+02   1.2161285571e-01   0.0000000000e+00   4.7805577517e-01   0.0000000000e+00   0.0000000000e+00   4.0033136913e-01
   9.6097211242e+02   1.2161285571e-01   0.0000000000e+00   4.7805577517e-01   0.0000000000e+00   0.0000000000e+00   4.0033136913e-01
   9.7301624417e+02   1.2722541424e-01   0.0000000000e+00   4.5396751165e-01   0.0000000000e+00   0.0000000000e+00   4.1880707410e-01
   9.7301624417e+02   1.2722541424e-01   0.0000000000e+00   4.5396751165e-01   0.0000000000e+00   0.0000000000e+00   4.1880707410e-01
   9.7301624417e+02   1.2722541424e-01   0.0000000000e+00   4.5396751165e-01   0.0000000000e+00   0.0000000000e+00   4.1880707410e-01
   9.7301624417e+02   1.2722541424e-01   0.0000000000e+00   4.5396751165e-01   0.0000000000e+00   0.0000000000e+00   4.1880707410e-01
   9.6097211242e+02   1.2161285571e-01   0.0000000000e+00   4.7805577517e-01   0.0000000000e+00   0.0000000000e+00   4.0033136913e-01
   9.6097211242e+02   1.2161285571e-01   0.0000000000e+00   4.7805577517e-01   0.0000000000e+00   0.0000000000e+00   4.0033136913e-01
   9.5500720739e+02   1.1883321336e-01   0.0000000000e+00   4.8998558521e-01   0.0000000000e+00   0.0000000000e+00   3.9118120142e-01
   9.5500720739e+02   1.1883321336e-01   0.0000000000e+00   4.8998558521e-01   0.0000000000e+00   0.0000000000e+00   3.9118120142e-01
   9.5500720739e+02   1.1883321336e-01   0.0000000000e+00   4.8998558521e-01   0.0000000000e+00   0.0000000000e+00   3.9118120142e-01
   9.5500720739e+02   1.1883321336e-01   0.0000000000e+00   4.8998558521e-01   0.0000000000e+00   0.0000000000e+00   3.9118120142e-01
   9.5500720739e+02   1.1883321336e-01   0.0000000000e+00   4.8998558521e-01   0.0000000000e+00   0.0000000000e+00   3.9118120142e-01
   9.5500720739e+02   1.1883321336e-01   0.0000000000e+00   4.8998558521e-01   0.0000000000e+00   0.0000000000e+00   3.9118120142e-01
   9.5500720739e+02   1.1883321336e-01   0.0000000000e+00   4.8998558521e-01   0.0000000000e+00   0.0000000000e+00   3.9118120142e-01
   9.5500720739e+02   1.1883321336e-01   0.0000000000e+00   4.8998558521e-01   0.0000000000e+00   0.0000000000e+00   3.9118120142e-01
   9.5080426969e+02   1.1687464679e-01   0.0000000000e+00   4.9839146063e-01   0.0000000000e+00   0.0000000000e+00   3.8473389259e-01
   9.5080426969e+02   1.1687464679e-01   0.0000000000e+00   4.9839146063e-01   0.0000000000e+00   0.0000000000e+00   3.8473389259e-01
   9.5080426969e+02   1.1687464679e-01   0.0000000000e+00   4.9839146063e-01   0.0000000000e+00   0.0000000000e+00   3.8473389259e-01
   9.5080426969e+02   1.1687464679e-01   0.0000000000e+00   4.9839146063e-01   0.0000000000e+00   0.0000000000e+00   3.8473389259e-01
   9.5080426969e+02   1.1687464679e-01   0.0000000000e+00   4.9839146063e-01   0.0000000000e+00   0.0000000000e+00   3.8473389259e-01
   9.5080426969e+02   1.1687464679e-01   0.0000000000e+00   4.9839146063e-01   0.0000000000e+00   0.0000000000e+00   3.8473389259e-01
   9.5080426969e+02   1.1687464679e-01   0.0000000000e+00   4.9839146063e-01   0.0000000000e+00   0.0000000000e+00   3.8473389259e-01
   9.5080426969e+02   1.1687464679e-01   0.0000000000e+00   4.9839146063e-01   0.0000000000e+00   0.0000000000e+00   3.8473389259e-01
   9.3958901502e+02   1.1164834450e-01   0.0000000000e+00   5.2082196996e-01   0.0000000000e+00   0.0000000000e+00   3.6752968554e-01
   9.3958901502e+02   1.1164834450e-01   0.0000000000e+00   5.2082196996e-01   0.0000000000e+00   0.0000000000e+00   3.6752968554e-01
   9.3958901502e+02   1.1164834450e-01   0.0000000000e+00   5.2082196996e-01   0.0000000000e+00   0.0000000000e+00   3.6752968554e-01
   9.3958901502e+02   1.1164834450e-01   0.0000000000e+00   5.2082196996e-01   0.0000000000e+00   0.0000000000e+00   3.6752968554e-01
   9.6201952435e+02   1.2210094907e-01   0.0000000000e+00   4.7596095130e-01   0.0000000000e+00   0.0000000000e+00   4.0193809963e-01
   9.6201952435e+02   1.2210094907e-01   0.0000000000e+00   4.7596095130e-01   0.0000000000e+00   0.0000000000e+00   4.0193809963e-01
   9.6201952435e+02   1.2210094907e-01   0.0000000000e+00   4.7596095130e-01   0.0000000000e+00   0.0000000000e+00   4.0193809963e-01
   9.6201952435e+02   1.2210094907e-01   0.0000000000e+00   4.7596095130e-01   0.0000000000e+00   0.0000000000e+00   4.0193809963e-01
   9.4180516414e+02   1.1268106873e-01   0.0000000000e+00   5.1638967171e-01   0.0000000000e+00   0.0000000000e+00   3.7092925956e-01
   9.4180516414e+02   1.1268106873e-01   0.0000000000e+00   5.1638967171e-01   0.0000000000e+00   0.0000000000e+00   3.7092925956e-01
   9.4180516414e+02   1.1268106873e-01   0.0000000000e+00   5.1638967171e-01   0.0000000000e+00   0.0000000000e+00   3.7092925956e-01
   9.4180516414e+02   1.1268106873e-01   0.0000000000e+00   5.1638967171e-01   0.0000000000e+00   0.0000000000e+00   3.7092925956e-01
   9.4180516414e+02   1.1268106873e-01   0.0000000000e+00   5.1638967171e-01   0.0000000000e+00   0.0000000000e+00   3.7092925956e-01
   9.4180516414e+02   1.1268106873e-01   0.0000000000e+00   5.1638967171e-01   0.0000000000e+00   0.0000000000e+00   3.7092925956e-01
   9.4180516414e+02   1.1268106873e-01   0.0000000000e+00   5.1638967171e-01   0.0000000000e+00   0.0000000000e+00   3.7092925956e-01
   9.4180516414e+02   1.1268106873e-01   0.0000000000e+00   5.1638967171e-01   0.0000000000e+00   0.0000000000e+00   3.7092925956e-01
   9.4180516414e+02   1.1268106873e-01   0.0000000000e+00   5.1638967171e-01   0.0000000000e+00   0.0000000000e+00   3.7092925956e-01
   9.4180516414e+02   1.1268106873e-01   0.0000000000e+00   5.1638967171e-01   0.0000000000e+00   0.0000000000e+00   3.7092925956e-01
   9.4180516414e+02   1.1268106873e-01   0.0000000000e+00   5.1638967171e-01   0.0000000000e+00   0.0000000000e+00   3.7092925956e-01
   9.4180516414e+02   1.1268106873e-01   0.0000000000e+00   5.1638967171e-01   0.0000000000e+00   0.0000000000e+00   3.7092925956e-01
   9.4180516414e+02   1.1268106873e-01   0.0000000000e+00   5.1638967171e-01   0.0000000000e+00   0.0000000000e+00   3.7092925956e-01
   9.4180516414e+02   1.1268106873e-01   0.0000000000e+00   5.1638967171e-01   0.0000000000e+00   0.0000000000e+00   3.7092925956e-01
   9.4180516414e+02   1.1268106873e-01   0.0000000000e+00   5.1638967171e-01   0.0000000000e+00   0.0000000000e+00   3.7092925956e-01
   9.4180516414e+02   1.1268106873e-01   0.0000000000e+00   5.1638967171e-01   0.0000000000e+00   0.0000000000e+00   3.7092925956e-01
   8.9133877754e+02   8.9163761325e-02   0.0000000000e+00   6.1732244492e-01   0.0000000000e+00   0.0000000000e+00   2.9351379376e-01
   8.9133877754e+02   8.9163761325e-02   0.0000000000e+00   6.1732244492e-01   0.0000000000e+00   0.0000000000e+00   2.9351379376e-01
   8.9133877754e+02   8.9163761325e-02   0.0000000000e+00   6.1732244492e-01   0.0000000000e+00   0.0000000000e+00   2.9351379376e-01
   8.9133877754e+02   8.9163761325e-02   0.0000000000e+00   6.1732244492e-01   0.0000000000e+00   0.0000000000e+00   2.9351379376e-01
   8.9133877754e+02   8.9163761325e-02   0.0000000000e+00   6.1732244492e-01   0.0000000000e+00   0.0000000000e+00   2.9351379376e-01
   8.9133877754e+02   8.9163761325e-02   0.0000000000e+00   6.1732244492e-01   0.0000000000e+00   0.0000000000e+00   2.9351379376e-01
   8.9133877754e+02   8.9163761325e-02   0.0000000000e+00   6.1732244492e-01   0.0000000000e+00   0.0000000000e+00   2.9351379376e-01
   8.9133877754e+02   8.9163761325e-02   0.0000000000e+00   6.1732244492e-01   0.0000000000e+00   0.0000000000e+00   2.9351379376e-01
   8.8729186058e+02   8.7277900327e-02   0.0000000000e+00   6.2541627884e-01   0.0000000000e+00   0.0000000000e+00   2.8730582083e-01
   8.8729186058e+02   8.7277900327e-02   0.0000000000e+00   6.2541627884e-01   0.0000000000e+00   0.0000000000e+00   2.8730582083e-01
   8.8729186058e+02   8.7277900327e-02   0.0000000000e+00   6.2541627884e-01   0.0000000000e+00   0.0000000000e+00   2.8730582083e-01
   8.8729186058e+02   8.7277900327e-02   0.0000000000e+00   6.2541627884e-01   0.0000000000e+00   0.0000000000e+00   2.8730582083e-01
   8.8729186058e+02   8.7277900327e-02   0.0000000000e+00   6.2541627884e-01   0.0000000000e+00   0.0000000000e+00   2.8730582083e-01
   8.8729186058e+02   8.7277900327e-02   0.0000000000e+00   6.2541627884e-01   0.0000000000e+00   0.0000000000e+00   2.8730582083e-01
   8.8729186058e+02   8.7277900327e-02   0.0000000000e+00   6.2541627884e-01   0.0000000000e+00   0.0000000000e+00   2.8730582083e-01
   8.8729186058e+02   8.7277900327e-02   0.0000000000e+00   6.2541627884e-01   0.0000000000e+00   0.0000000000e+00   2.8730582083e-01
   1.0080508709e+03   1.4355153033e-01   0.0000000000e+00   3.8389825821e-01   0.0000000000e+00   0.0000000000e+00   4.7255021146e-01
   1.0080508709e+03   1.4355153033e-01   0.0000000000e+00   3.8389825821e-01   0.0000000000e+00   0.0000000000e+00   4.7255021146e-01
   1.0080508709e+03   1.4355153033e-01   0.0000000000e+00   3.8389825821e-01   0.0000000000e+00   0.0000000000e+00   4.7255021146e-01
   1.0080508709e+03   1.4355153033e-01   0.0000000000e+00   3.8389825821e-01   0.0000000000e+00   0.0000000000e+00   4.7255021146e-01
   1.0080508709e+03   1.4355153033e-01   0.0000000000e+00   3.8389825821e-01   0.0000000000e+00   0.0000000000e+00   4.7255021146e-01
   1.0080508709e+03   1.4355153033e-01   0.0000000000e+00   3.8389825821e-01   0.0000000000e+00   0.0000000000e+00   4.7255021146e-01
   1.0080508709e+03   1.4355153033e-01   0.0000000000e+00   3.8389825821e-01   0.0000000000e+00   0.0000000000e+00   4.7255021146e-01
   1.0080508709e+03   1.4355153033e-01   0.0000000000e+00   3.8389825821e-01   0.0000000000e+00   0.0000000000e+00   4.7255021146e-01
   1.0927192688e+03   1.8300695552e-01   0.0000000000e+00   2.1456146240e-01   0.0000000000e+00   0.0000000000e+00   6.0243158208e-01
   1.0927192688e+03   1.8300695552e-01   0.0000000000e+00   2.1456146240e-01   0.0000000000e+00   0.0000000000e+00   6.0243158208e-01
   1.0927192688e+03   1.8300695552e-01   0.0000000000e+00   2.1456146240e-01   0.0000000000e+00   0.0000000000e+00   6.0243158208e-01
   1.0927192688e+03   1.8300695552e-01   0.0000000000e+00   2.1456146240e-01   0.0000000000e+00   0.0000000000e+00   6.0243158208e-01
   9.2338247299e+02   1.0409610515e-01   0.0000000000e+00   5.5323505402e-01   0.0000000000e+00   0.0000000000e+00   3.4266884084e-01
   9.2338247299e+02   1.0409610515e-01   0.0000000000e+00   5.5323505402e-01   0.0000000000e+00   0.0000000000e+00   3.4266884084e-01
   9.2338247299e+02   1.0409610515e-01   0.0000000000e+00   5.5323505402e-01   0.0000000000e+00   0.0000000000e+00   3.4266884084e-01
   9.2338247299e+02   1.0409610515e-01   0.0000000000e+00   5.5323505402e-01   0.0000000000e+00   0.0000000000e+00   3.4266884084e-01
   9.8489685059e+02   1.3276177006e-01   0.0000000000e+00   4.3020629883e-01   0.0000000000e+00   0.0000000000e+00   4.3703193111e-01
   9.8489685059e+02   1.3276177006e-01   0.0000000000e+00   4.3020629883e-01   0.0000000000e+00   0.0000000000e+00   4.3703193111e-01
   9.8489685059e+02   1.3276177006e-01   0.0000000000e+00   4.3020629883e-01   0.0000000000e+00   0.0000000000e+00   4.3703193111e-01
   9.8489685059e+02   1.3276177006e-01   0.0000000000e+00   4.3020629883e-01   0.0000000000e+00   0.0000000000e+00   4.3703193111e-01
   1.1209804535e+03   1.9617665149e-01   0.0000000000e+00   1.5803909302e-01   0.0000000000e+00   0.0000000000e+00   6.4578425550e-01
   1.1209804535e+03   1.9617665149e-01   0.0000000000e+00   1.5803909302e-01   0.0000000000e+00   0.0000000000e+00   6.4578425550e-01
   1.1209804535e+03   1.9617665149e-01   0.0000000000e+00   1.5803909302e-01   0.0000000000e+00   0.0000000000e+00   6.4578425550e-01
   1.1209804535e+03   1.9617665149e-01   0.0000000000e+00   1.5803909302e-01   0.0000000000e+00   0.0000000000e+00   6.4578425550e-01
   1.0529386520e+03   1.6446921077e-01   0.0000000000e+00   2.9412269592e-01   0.0000000000e+00   0.0000000000e+00   5.4140809330e-01
   1.0529386520e+03   1.6446921077e-01   0.0000000000e+00   2.9412269592e-01   0.0000000000e+00   0.0000000000e+00   5.4140809330e-01
   1.0529386520e+03   1.6446921077e-01   0.0000000000e+00   2.9412269592e-01   0.0000000000e+00   0.0000000000e+00   5.4140809330e-01
   1.0529386520e+03   1.6446921077e-01   0.0000000000e+00   2.9412269592e-01   0.0000000000e+00   0.0000000000e+00   5.4140809330e-01
   9.8489685059e+02   1.3276177006e-01   0.0000000000e+00   4.3020629883e-01   0.0000000000e+00   0.0000000000e+00   4.3703193111e-01
   9.8489685059e+02   1.3276177006e-01   0.0000000000e+00   4.3020629883e-01   0.0000000000e+00   0.0000000000e+00   4.3703193111e-01
   1.1209804535e+03   1.9617665149e-01   0.0000000000e+00   1.5803909302e-01   0.0000000000e+00   0.0000000000e+00   6.4578425550e-01
   1.1209804535e+03   1.9617665149e-01   0.0000000000e+00   1.5803909302e-01   0.0000000000e+00   0.0000000000e+00   6.4578425550e-01
   1.0292179704e+03   1.5341538663e-01   0.0000000000e+00   3.4156405926e-01   0.0000000000e+00   0.0000000000e+00   5.0502055411e-01
   1.0292179704e+03   1.5341538663e-01   0.0000000000e+00   3.4156405926e-01   0.0000000000e+00   0.0000000000e+00   5.0502055411e-01
   1.0292179704e+03   1.5341538663e-01   0.0000000000e+00   3.4156405926e-01   0.0000000000e+00   0.0000000000e+00   5.0502055411e-01
   1.0292179704e+03   1.5341538663e-01   0.0000000000e+00   3.4156405926e-01   0.0000000000e+00   0.0000000000e+00   5.0502055411e-01
   8.8373489380e+02   8.5620355833e-02   0.0000000000e+00   6.3253021240e-01   0.0000000000e+00   0.0000000000e+00   2.8184943176e-01
   8.8373489380e+02   8.5620355833e-02   0.0000000000e+00   6.3253021240e-01   0.0000000000e+00   0.0000000000e+00   2.8184943176e-01
   9.6571667194e+02   1.2382381774e-01   0.0000000000e+00   4.6856665611e-01   0.0000000000e+00   0.0000000000e+00   4.0760952615e-01
   9.6571667194e+02   1.2382381774e-01   0.0000000000e+00   4.6856665611e-01   0.0000000000e+00   0.0000000000e+00   4.0760952615e-01
   1.0503850698e+03   1.6327924293e-01   0.0000000000e+00   2.9922986031e-01   0.0000000000e+00   0.0000000000e+00   5.3749089677e-01
   1.0503850698e+03   1.6327924293e-01   0.0000000000e+00   2.9922986031e-01   0.0000000000e+00   0.0000000000e+00   5.3749089677e-01
   1.0391298652e+03   1.5803432396e-01   0.0000000000e+00   3.2174026966e-01   0.0000000000e+00   0.0000000000e+00   5.2022540638e-01
   1.0391298652e+03   1.5803432396e-01   0.0000000000e+00   3.2174026966e-01   0.0000000000e+00   0.0000000000e+00   5.2022540638e-01
   1.0391298652e+03   1.5803432396e-01   0.0000000000e+00   3.2174026966e-01   0.0000000000e+00   0.0000000000e+00   5.2022540638e-01
   1.0391298652e+03   1.5803432396e-01   0.0000000000e+00   3.2174026966e-01   0.0000000000e+00   0.0000000000e+00   5.2022540638e-01
   1.0278746605e+03   1.5278940499e-01   0.0000000000e+00   3.4425067902e-01   0.0000000000e+00   0.0000000000e+00   5.0295991599e-01
   1.0278746605e+03   1.5278940499e-01   0.0000000000e+00   3.4425067902e-01   0.0000000000e+00   0.0000000000e+00   5.0295991599e-01