# time = 54.3141
# Grid Poins = 256    variable_0    variable_1    variable_2    variable_3    variable_4    variable_5    variable_6
   9.4998437493e+02   1.1649257630e-01   0.0000000000e+00   5.0003125014e-01   0.0000000000e+00   0.0000000000e+00   3.8347617357e-01
   9.4998437493e+02   1.1649257630e-01   0.0000000000e+00   5.0003125014e-01   0.0000000000e+00   0.0000000000e+00   3.8347617357e-01
   9.4998437493e+02   1.1649257630e-01   0.0000000000e+00   5.0003125014e-01   0.0000000000e+00   0.0000000000e+00   3.8347617357e-01
   9.4998437493e+02   1.1649257630e-01   0.0000000000e+00   5.0003125014e-01   0.0000000000e+00   0.0000000000e+00   3.8347617357e-01
   9.5004541055e+02   1.1652101886e-01   0.0000000000e+00   4.9990917891e-01   0.0000000000e+00   0.0000000000e+00   3.8356980223e-01
   9.5004541055e+02   1.1652101886e-01   0.0000000000e+00   4.9990917891e-01   0.0000000000e+00   0.0000000000e+00   3.8356980223e-01
   9.5004541055e+02   1.1652101886e-01   0.0000000000e+00   4.9990917891e-01   0.0000000000e+00   0.0000000000e+00   3.8356980223e-01
   9.5004541055e+02   1.1652101886e-01   0.0000000000e+00   4.9990917891e-01   0.0000000000e+00   0.0000000000e+00   3.8356980223e-01
   9.4998437493e+02   1.1649257630e-01   0.0000000000e+00   5.0003125014e-01   0.0000000000e+00   0.0000000000e+00   3.8347617357e-01
   9.4998437493e+02   1.1649257630e-01   0.0000000000e+00   5.0003125014e-01   0.0000000000e+00   0.0000000000e+00   3.8347617357e-01
   9.4998437493e+02   1.1649257630e-01   0.0000000000e+00   5.0003125014e-01   0.0000000000e+00   0.0000000000e+00   3.8347617357e-01
   9.4998437493e+02   1.1649257630e-01   0.0000000000e+00   5.0003125014e-01   0.0000000000e+00   0.0000000000e+00   3.8347617357e-01
   9.5004744862e+02   1.1652196860e-01   0.0000000000e+00   4.9990510276e-01   0.0000000000e+00   0.0000000000e+00   3.8357292864e-01
   9.5004744862e+02   1.1652196860e-01   0.0000000000e+00   4.9990510276e-01   0.0000000000e+00   0.0000000000e+00   3.8357292864e-01
   9.5004744862e+02   1.1652196860e-01   0.0000000000e+00   4.9990510276e-01   0.0000000000e+00   0.0000000000e+00   3.8357292864e-01
   9.5004744862e+02   1.1652196860e-01   0.0000000000e+00   4.9990510276e-01   0.0000000000e+00   0.0000000000e+00   3.8357292864e-01
   9.4992852976e+02   1.1646655248e-01   0.0000000000e+00   5.0014294048e-01   0.0000000000e+00   0.0000000000e+00   3.8339050704e-01
   9.4992852976e+02   1.1646655248e-01   0.0000000000e+00   5.0014294048e-01   0.0000000000e+00   0.0000000000e+00   3.8339050704e-01
   9.4992852976e+02   1.1646655248e-01   0.0000000000e+00   5.0014294048e-01   0.0000000000e+00   0.0000000000e+00   3.8339050704e-01
   9.4992852976e+02   1.1646655248e-01   0.0000000000e+00   5.0014294048e-01   0.0000000000e+00   0.0000000000e+00   3.8339050704e-01
   9.4992852976e+02   1.1646655248e-01   0.0000000000e+00   5.0014294048e-01   0.0000000000e+00   0.0000000000e+00   3.8339050704e-01
   9.4992852976e+02   1.1646655248e-01   0.0000000000e+00   5.0014294048e-01   0.0000000000e+00   0.0000000000e+00   3.8339050704e-01
   9.4992852976e+02   1.1646655248e-01   0.0000000000e+00   5.0014294048e-01   0.0000000000e+00   0.0000000000e+00   3.8339050704e-01
   9.4992852976e+02   1.1646655248e-01   0.0000000000e+00   5.0014294048e-01   0.0000000000e+00   0.0000000000e+00   3.8339050704e-01
   9.4992914438e+02   1.1646683889e-01   0.0000000000e+00   5.0014171124e-01   0.0000000000e+00   0.0000000000e+00   3.8339144987e-01
   9.4992914438e+02   1.1646683889e-01   0.0000000000e+00   5.0014171124e-01   0.0000000000e+00   0.0000000000e+00   3.8339144987e-01
   9.4992914438e+02   1.1646683889e-01   0.0000000000e+00   5.0014171124e-01   0.0000000000e+00   0.0000000000e+00   3.8339144987e-01
   9.4992914438e+02   1.1646683889e-01   0.0000000000e+00   5.0014171124e-01   0.0000000000e+00   0.0000000000e+00   3.8339144987e-01
   9.4992914438e+02   1.1646683889e-01   0.0000000000e+00   5.0014171124e-01   0.0000000000e+00   0.0000000000e+00   3.8339144987e-01
   9.4992914438e+02   1.1646683889e-01   0.0000000000e+00   5.0014171124e-01   0.0000000000e+00   0.0000000000e+00   3.8339144987e-01
   9.4992914438e+02   1.1646683889e-01   0.0000000000e+00   5.0014171124e-01   0.0000000000e+00   0.0000000000e+00   3.8339144987e-01
   9.4992914438e+02   1.1646683889e-01   0.0000000000e+00   5.0014171124e-01   0.0000000000e+00   0.0000000000e+00   3.8339144987e-01
   9.5004756184e+02   1.1652202136e-01   0.0000000000e+00   4.9990487631e-01   0.0000000000e+00   0.0000000000e+00   3.8357310233e-01
   9.5004756184e+02   1.1652202136e-01   0.0000000000e+00   4.9990487631e-01   0.0000000000e+00   0.0000000000e+00   3.8357310233e-01
   9.5004439151e+02   1.1652054399e-01   0.0000000000e+00   4.9991121698e-01   0.0000000000e+00   0.0000000000e+00   3.8356823903e-01
   9.5004439151e+02   1.1652054399e-01   0.0000000000e+00   4.9991121698e-01   0.0000000000e+00   0.0000000000e+00   3.8356823903e-01
   9.5004597668e+02   1.1652128268e-01   0.0000000000e+00   4.9990804664e-01   0.0000000000e+00   0.0000000000e+00   3.8357067068e-01
   9.5004597668e+02   1.1652128268e-01   0.0000000000e+00   4.9990804664e-01   0.0000000000e+00   0.0000000000e+00   3.8357067068e-01
   9.5004597668e+02   1.1652128268e-01   0.0000000000e+00   4.9990804664e-01   0.0000000000e+00   0.0000000000e+00   3.8357067068e-01
   9.5004597668e+02   1.1652128268e-01   0.0000000000e+00   4.9990804664e-01   0.0000000000e+00   0.0000000000e+00   3.8357067068e-01
   9.4998437493e+02   1.1649257630e-01   0.0000000000e+00   5.0003125014e-01   0.0000000000e+00   0.0000000000e+00   3.8347617357e-01
   9.4998437493e+02   1.1649257630e-01   0.0000000000e+00   5.0003125014e-01   0.0000000000e+00   0.0000000000e+00   3.8347617357e-01
   9.4998437493e+02   1.1649257630e-01   0.0000000000e+00   5.0003125014e-01   0.0000000000e+00   0.0000000000e+00   3.8347617357e-01
   9.4998437493e+02   1.1649257630e-01   0.0000000000e+00   5.0003125014e-01   0.0000000000e+00   0.0000000000e+00   3.8347617357e-01
   9.4998437493e+02   1.1649257630e-01   0.0000000000e+00   5.0003125014e-01   0.0000000000e+00   0.0000000000e+00   3.8347617357e-01
   9.4998437493e+02   1.1649257630e-01   0.0000000000e+00   5.0003125014e-01   0.0000000000e+00   0.0000000000e+00   3.8347617357e-01
   9.4998437493e+02   1.1649257630e-01   0.0000000000e+00   5.0003125014e-01   0.0000000000e+00   0.0000000000e+00   3.8347617357e-01
   9.4998437493e+02   1.1649257630e-01   0.0000000000e+00   5.0003125014e-01   0.0000000000e+00   0.0000000000e+00   3.8347617357e-01
   9.5001273407e+02   1.1650579164e-01   0.0000000000e+00   4.9997453186e-01   0.0000000000e+00   0.0000000000e+00   3.8351967650e-01
   9.5001273407e+02   1.1650579164e-01   0.0000000000e+00   4.9997453186e-01   0.0000000000e+00   0.0000000000e+00   3.8351967650e-01
   9.5001273407e+02   1.1650579164e-01   0.0000000000e+00   4.9997453186e-01   0.0000000000e+00   0.0000000000e+00   3.8351967650e-01
   9.5001273407e+02   1.1650579164e-01   0.0000000000e+00   4.9997453186e-01   0.0000000000e+00   0.0000000000e+00   3.8351967650e-01
   9.5001212249e+02   1.1650550664e-01   0.0000000000e+00   4.9997575502e-01   0.0000000000e+00   0.0000000000e+00   3.8351873833e-01
   9.5001212249e+02   1.1650550664e-01   0.0000000000e+00   4.9997575502e-01   0.0000000000e+00   0.0000000000e+00   3.8351873833e-01
   9.5001334565e+02   1.1650607664e-01   0.0000000000e+00   4.9997330869e-01   0.0000000000e+00   0.0000000000e+00   3.8352061467e-01
   9.5001334565e+02   1.1650607664e-01   0.0000000000e+00   4.9997330869e-01   0.0000000000e+00   0.0000000000e+00   3.8352061467e-01
   9.5001151091e+02   1.1650522165e-01   0.0000000000e+00   4.9997697819e-01   0.0000000000e+00   0.0000000000e+00   3.8351780017e-01
   9.5001151091e+02   1.1650522165e-01   0.0000000000e+00   4.9997697819e-01   0.0000000000e+00   0.0000000000e+00   3.8351780017e-01
   9.5001151091e+02   1.1650522165e-01   0.0000000000e+00   4.9997697819e-01   0.0000000000e+00   0.0000000000e+00   3.8351780017e-01
   9.5001151091e+02   1.1650522165e-01   0.0000000000e+00   4.9997697819e-01   0.0000000000e+00   0.0000000000e+00   3.8351780017e-01
   9.5001151091e+02   1.1650522165e-01   0.0000000000e+00   4.9997697819e-01   0.0000000000e+00   0.0000000000e+00   3.8351780017e-01
   9.5001151091e+02   1.1650522165e-01   0.0000000000e+00   4.9997697819e-01   0.0000000000e+00   0.0000000000e+00   3.8351780017e-01
   9.5001151091e+02   1.1650522165e-01   0.0000000000e+00   4.9997697819e-01   0.0000000000e+00   0.0000000000e+00   3.8351780017e-01
   9.5001151091e+02   1.1650522165e-01   0.0000000000e+00   4.9997697819e-01   0.0000000000e+00   0.0000000000e+00   3.8351780017e-01
   9.5000171251e+02   1.1650065560e-01   0.0000000000e+00   4.9999657497e-01   0.0000000000e+00   0.0000000000e+00   3.8350276943e-01
   9.5000171251e+02   1.1650065560e-01   0.0000000000e+00   4.9999657497e-01   0.0000000000e+00   0.0000000000e+00   3.8350276943e-01
   9.5007405686e+02   1.1653436802e-01   0.0000000000e+00   4.9985188629e-01   0.0000000000e+00   0.0000000000e+00   3.8361374569e-01
   9.5007405686e+02   1.1653436802e-01   0.0000000000e+00   4.9985188629e-01   0.0000000000e+00   0.0000000000e+00   3.8361374569e-01
   9.5000171251e+02   1.1650065560e-01   0.0000000000e+00   4.9999657497e-01   0.0000000000e+00   0.0000000000e+00   3.8350276943e-01
   9.5000171251e+02   1.1650065560e-01   0.0000000000e+00   4.9999657497e-01   0.0000000000e+00   0.0000000000e+00   3.8350276943e-01
   9.4992936817e+02   1.1646694318e-01   0.0000000000e+00   5.0014126365e-01   0.0000000000e+00   0.0000000000e+00   3.8339179317e-01
   9.4992936817e+02   1.1646694318e-01   0.0000000000e+00   5.0014126365e-01   0.0000000000e+00   0.0000000000e+00   3.8339179317e-01
   9.5007482158e+02   1.1653472438e-01   0.0000000000e+00   4.9985035685e-01   0.0000000000e+00   0.0000000000e+00   3.8361491877e-01
   9.5007482158e+02   1.1653472438e-01   0.0000000000e+00   4.9985035685e-01   0.0000000000e+00   0.0000000000e+00   3.8361491877e-01
   9.5007482158e+02   1.1653472438e-01   0.0000000000e+00   4.9985035685e-01   0.0000000000e+00   0.0000000000e+00   3.8361491877e-01
   9.5007482158e+02   1.1653472438e-01   0.0000000000e+00   4.9985035685e-01   0.0000000000e+00   0.0000000000e+00   3.8361491877e-01
   9.5007558630e+02   1.1653508074e-01   0.0000000000e+00   4.9984882741e-01   0.0000000000e+00   0.0000000000e+00   3.8361609185e-01
   9.5007558630e+02   1.1653508074e-01   0.0000000000e+00   4.9984882741e-01   0.0000000000e+00   0.0000000000e+00   3.8361609185e-01
   9.5007405686e+02   1.1653436802e-01   0.0000000000e+00   4.9985188629e-01   0.0000000000e+00   0.0000000000e+00   3.8361374569e-01
   9.5007405686e+02   1.1653436802e-01   0.0000000000e+00   4.9985188629e-01   0.0000000000e+00   0.0000000000e+00   3.8361374569e-01
   9.4993145304e+02   1.1646791473e-01   0.0000000000e+00   5.0013709391e-01   0.0000000000e+00   0.0000000000e+00   3.8339499136e-01
   9.4993145304e+02   1.1646791473e-01   0.0000000000e+00   5.0013709391e-01   0.0000000000e+00   0.0000000000e+00   3.8339499136e-01
   9.4993145304e+02   1.1646791473e-01   0.0000000000e+00   5.0013709391e-01   0.0000000000e+00   0.0000000000e+00   3.8339499136e-01
   9.4993145304e+02   1.1646791473e-01   0.0000000000e+00   5.0013709391e-01   0.0000000000e+00   0.0000000000e+00   3.8339499136e-01
   9.4993145304e+02   1.1646791473e-01   0.0000000000e+00   5.0013709391e-01   0.0000000000e+00   0.0000000000e+00   3.8339499136e-01
   9.4993145304e+02   1.1646791473e-01   0.0000000000e+00   5.0013709391e-01   0.0000000000e+00   0.0000000000e+00   3.8339499136e-01
   9.4993145304e+02   1.1646791473e-01   0.0000000000e+00   5.0013709391e-01   0.0000000000e+00   0.0000000000e+00   3.8339499136e-01
   9.4993145304e+02   1.1646791473e-01   0.0000000000e+00   5.0013709391e-01   0.0000000000e+00   0.0000000000e+00   3.8339499136e-01
   9.5007375097e+02   1.1653422548e-01   0.0000000000e+00   4.9985249807e-01   0.0000000000e+00   0.0000000000e+00   3.8361327646e-01
   9.5007375097e+02   1.1653422548e-01   0.0000000000e+00   4.9985249807e-01   0.0000000000e+00   0.0000000000e+00   3.8361327646e-01
   9.4992936817e+02   1.1646694318e-01   0.0000000000e+00   5.0014126365e-01   0.0000000000e+00   0.0000000000e+00   3.8339179317e-01
   9.4992936817e+02   1.1646694318e-01   0.0000000000e+00   5.0014126365e-01   0.0000000000e+00   0.0000000000e+00   3.8339179317e-01
   9.5000155957e+02   1.1650058433e-01   0.0000000000e+00   4.9999688086e-01   0.0000000000e+00   0.0000000000e+00   3.8350253481e-01
   9.5000155957e+02   1.1650058433e-01   0.0000000000e+00   4.9999688086e-01   0.0000000000e+00   0.0000000000e+00   3.8350253481e-01
   9.5000155957e+02   1.1650058433e-01   0.0000000000e+00   4.9999688086e-01   0.0000000000e+00   0.0000000000e+00   3.8350253481e-01
   9.5000155957e+02   1.1650058433e-01   0.0000000000e+00   4.9999688086e-01   0.0000000000e+00   0.0000000000e+00   3.8350253481e-01
   9.5000898611e+02   1.1650404509e-01   0.0000000000e+00   4.9998202778e-01   0.0000000000e+00   0.0000000000e+00   3.8351392713e-01
   9.5000898611e+02   1.1650404509e-01   0.0000000000e+00   4.9998202778e-01   0.0000000000e+00   0.0000000000e+00   3.8351392713e-01
   9.5001140354e+02   1.1650517162e-01   0.0000000000e+00   4.9997719291e-01   0.0000000000e+00   0.0000000000e+00   3.8351763547e-01
   9.5001140354e+02   1.1650517162e-01   0.0000000000e+00   4.9997719291e-01   0.0000000000e+00   0.0000000000e+00   3.8351763547e-01
   9.5000898611e+02   1.1650404509e-01   0.0000000000e+00   4.9998202778e-01   0.0000000000e+00   0.0000000000e+00   3.8351392713e-01
   9.5000898611e+02   1.1650404509e-01   0.0000000000e+00   4.9998202778e-01   0.0000000000e+00   0.0000000000e+00   3.8351392713e-01
   9.5001140354e+02   1.1650517162e-01   0.0000000000e+00   4.9997719291e-01   0.0000000000e+00   0.0000000000e+00   3.8351763547e-01
   9.5001140354e+02   1.1650517162e-01   0.0000000000e+00   4.9997719291e-01   0.0000000000e+00   0.0000000000e+00   3.8351763547e-01
   9.4998437493e+02   1.1649257630e-01   0.0000000000e+00   5.0003125014e-01   0.0000000000e+00   0.0000000000e+00   3.8347617357e-01
   9.4998437493e+02   1.1649257630e-01   0.0000000000e+00   5.0003125014e-01   0.0000000000e+00   0.0000000000e+00   3.8347617357e-01
   9.4998437493e+02   1.1649257630e-01   0.0000000000e+00   5.0003125014e-01   0.0000000000e+00   0.0000000000e+00   3.8347617357e-01
   9.4998437493e+02   1.1649257630e-01   0.0000000000e+00   5.0003125014e-01   0.0000000000e+00   0.0000000000e+00   3.8347617357e-01
   9.4998437493e+02   1.1649257630e-01   0.0000000000e+00   5.0003125014e-01   0.0000000000e+00   0.0000000000e+00   3.8347617357e-01
   9.4998437493e+02   1.1649257630e-01   0.0000000000e+00   5.0003125014e-01   0.0000000000e+00   0.0000000000e+00   3.8347617357e-01
   9.4998437493e+02   1.1649257630e-01   0.0000000000e+00   5.0003125014e-01   0.0000000000e+00   0.0000000000e+00   3.8347617357e-01
   9.4998437493e+02   1.1649257630e-01   0.0000000000e+00   5.0003125014e-01   0.0000000000e+00   0.0000000000e+00   3.8347617357e-01
   9.4998437493e+02   1.1649257630e-01   0.0000000000e+00   5.0003125014e-01   0.0000000000e+00   0.0000000000e+00   3.8347617357e-01
   9.4998437493e+02   1.1649257630e-01   0.0000000000e+00   5.0003125014e-01   0.0000000000e+00   0.0000000000e+00   3.8347617357e-01
   9.4998437493e+02   1.1649257630e-01   0.0000000000e+00   5.0003125014e-01   0.0000000000e+00   0.0000000000e+00   3.8347617357e-01
   9.4998437493e+02   1.1649257630e-01   0.0000000000e+00   5.0003125014e-01   0.0000000000e+00   0.0000000000e+00   3.8347617357e-01
   9.4998437493e+02   1.1649257630e-01   0.0000000000e+00   5.0003125014e-01   0.0000000000e+00   0.0000000000e+00   3.8347617357e-01
   9.4998437493e+02   1.1649257630e-01   0.0000000000e+00   5.0003125014e-01   0.0000000000e+00   0.0000000000e+00   3.8347617357e-01
   9.4998437493e+02   1.1649257630e-01   0.0000000000e+00   5.0003125014e-01   0.0000000000e+00   0.0000000000e+00   3.8347617357e-01
   9.4998437493e+02   1.1649257630e-01   0.0000000000e+00   5.0003125014e-01   0.0000000000e+00   0.0000000000e+00   3.8347617357e-01
   9.5001382098e+02   1.1650629814e-01   0.0000000000e+00   4.9997235804e-01   0.0000000000e+00   0.0000000000e+00   3.8352134382e-01
   9.5001382098e+02   1.1650629814e-01   0.0000000000e+00   4.9997235804e-01   0.0000000000e+00   0.0000000000e+00   3.8352134382e-01
   9.5001140354e+02   1.1650517162e-01   0.0000000000e+00   4.9997719291e-01   0.0000000000e+00   0.0000000000e+00   3.8351763547e-01
   9.5001140354e+02   1.1650517162e-01   0.0000000000e+00   4.9997719291e-01   0.0000000000e+00   0.0000000000e+00   3.8351763547e-01
   9.5001382098e+02   1.1650629814e-01   0.0000000000e+00   4.9997235804e-01   0.0000000000e+00   0.0000000000e+00   3.8352134382e-01
   9.5001382098e+02   1.1650629814e-01   0.0000000000e+00   4.9997235804e-01   0.0000000000e+00   0.0000000000e+00   3.8352134382e-01
   9.5001140354e+02   1.1650517162e-01   0.0000000000e+00   4.9997719291e-01   0.0000000000e+00   0.0000000000e+00   3.8351763547e-01
   9.5001140354e+02   1.1650517162e-01   0.0000000000e+00   4.9997719291e-01   0.0000000000e+00   0.0000000000e+00   3.8351763547e-01
   9.5002073666e+02   1.1650952084e-01   0.0000000000e+00   4.9995852667e-01   0.0000000000e+00   0.0000000000e+00   3.8353195248e-01
   9.5002073666e+02   1.1650952084e-01   0.0000000000e+00   4.9995852667e-01   0.0000000000e+00   0.0000000000e+00   3.8353195248e-01
   9.5002073666e+02   1.1650952084e-01   0.0000000000e+00   4.9995852667e-01   0.0000000000e+00   0.0000000000e+00   3.8353195248e-01
   9.5002073666e+02   1.1650952084e-01   0.0000000000e+00   4.9995852667e-01   0.0000000000e+00   0.0000000000e+00   3.8353195248e-01
   9.5002522060e+02   1.1651161036e-01   0.0000000000e+00   4.9994955879e-01   0.0000000000e+00   0.0000000000e+00   3.8353883085e-01
   9.5002522060e+02   1.1651161036e-01   0.0000000000e+00   4.9994955879e-01   0.0000000000e+00   0.0000000000e+00   3.8353883085e-01
   9.5002522060e+02   1.1651161036e-01   0.0000000000e+00   4.9994955879e-01   0.0000000000e+00   0.0000000000e+00   3.8353883085e-01
   9.5002522060e+02   1.1651161036e-01   0.0000000000e+00   4.9994955879e-01   0.0000000000e+00   0.0000000000e+00   3.8353883085e-01
   9.5002522060e+02   1.1651161036e-01   0.0000000000e+00   4.9994955879e-01   0.0000000000e+00   0.0000000000e+00   3.8353883085e-01
   9.5002522060e+02   1.1651161036e-01   0.0000000000e+00   4.9994955879e-01   0.0000000000e+00   0.0000000000e+00   3.8353883085e-01
   9.5002522060e+02   1.1651161036e-01   0.0000000000e+00   4.9994955879e-01   0.0000000000e+00   0.0000000000e+00   3.8353883085e-01
   9.5002522060e+02   1.1651161036e-01   0.0000000000e+00   4.9994955879e-01   0.0000000000e+00   0.0000000000e+00   3.8353883085e-01
   9.5002073666e+02   1.1650952084e-01   0.0000000000e+00   4.9995852667e-01   0.0000000000e+00   0.0000000000e+00   3.8353195248e-01
   9.5002073666e+02   1.1650952084e-01   0.0000000000e+00   4.9995852667e-01   0.0000000000e+00   0.0000000000e+00   3.8353195248e-01
   9.5002073666e+02   1.1650952084e-01   0.0000000000e+00   4.9995852667e-01   0.0000000000e+00   0.0000000000e+00   3.8353195248e-01
   9.5002073666e+02   1.1650952084e-01   0.0000000000e+00   4.9995852667e-01   0.0000000000e+00   0.0000000000e+00   3.8353195248e-01
   9.4992328865e+02   1.1646411012e-01   0.0000000000e+00   5.0015342271e-01   0.0000000000e+00   0.0000000000e+00   3.8338246717e-01
   9.4992328865e+02   1.1646411012e-01   0.0000000000e+00   5.0015342271e-01   0.0000000000e+00   0.0000000000e+00   3.8338246717e-01
   9.4992328865e+02   1.1646411012e-01   0.0000000000e+00   5.0015342271e-01   0.0000000000e+00   0.0000000000e+00   3.8338246717e-01
   9.4992328865e+02   1.1646411012e-01   0.0000000000e+00   5.0015342271e-01   0.0000000000e+00   0.0000000000e+00   3.8338246717e-01
   9.4992328865e+02   1.1646411012e-01   0.0000000000e+00   5.0015342271e-01   0.0000000000e+00   0.0000000000e+00   3.8338246717e-01
   9.4992328865e+02   1.1646411012e-01   0.0000000000e+00   5.0015342271e-01   0.0000000000e+00   0.0000000000e+00   3.8338246717e-01
   9.4992328865e+02   1.1646411012e-01   0.0000000000e+00   5.0015342271e-01   0.0000000000e+00   0.0000000000e+00   3.8338246717e-01
   9.4992328865e+02   1.1646411012e-01   0.0000000000e+00   5.0015342271e-01   0.0000000000e+00   0.0000000000e+00   3.8338246717e-01
   9.4990501662e+02   1.1645559537e-01   0.0000000000e+00   5.0018996676e-01   0.0000000000e+00   0.0000000000e+00   3.8335443787e-01
   9.4990501662e+02   1.1645559537e-01   0.0000000000e+00   5.0018996676e-01   0.0000000000e+00   0.0000000000e+00   3.8335443787e-01
   9.4992328865e+02   1.1646411012e-01   0.0000000000e+00   5.0015342271e-01   0.0000000000e+00   0.0000000000e+00   3.8338246717e-01
   9.4992328865e+02   1.1646411012e-01   0.0000000000e+00   5.0015342271e-01   0.0000000000e+00   0.0000000000e+00   3.8338246717e-01
   9.4990501662e+02   1.1645559537e-01   0.0000000000e+00   5.0018996676e-01   0.0000000000e+00   0.0000000000e+00   3.8335443787e-01
   9.4990501662e+02   1.1645559537e-01   0.0000000000e+00   5.0018996676e-01   0.0000000000e+00   0.0000000000e+00   3.8335443787e-01
   9.4992328865e+02   1.1646411012e-01   0.0000000000e+00   5.0015342271e-01   0.0000000000e+00   0.0000000000e+00   3.8338246717e-01
   9.4992328865e+02   1.1646411012e-01   0.0000000000e+00   5.0015342271e-01   0.0000000000e+00   0.0000000000e+00   3.8338246717e-01
   9.4992331151e+02   1.1646412078e-01   0.0000000000e+00   5.0015337698e-01   0.0000000000e+00   0.0000000000e+00   3.8338250225e-01
   9.4992331151e+02   1.1646412078e-01   0.0000000000e+00   5.0015337698e-01   0.0000000000e+00   0.0000000000e+00   3.8338250225e-01
   9.4991417550e+02   1.1645986340e-01   0.0000000000e+00   5.0017164900e-01   0.0000000000e+00   0.0000000000e+00   3.8336848760e-01
   9.4991417550e+02   1.1645986340e-01   0.0000000000e+00   5.0017164900e-01   0.0000000000e+00   0.0000000000e+00   3.8336848760e-01
   9.4991417550e+02   1.1645986340e-01   0.0000000000e+00   5.0017164900e-01   0.0000000000e+00   0.0000000000e+00   3.8336848760e-01
   9.4991417550e+02   1.1645986340e-01   0.0000000000e+00   5.0017164900e-01   0.0000000000e+00   0.0000000000e+00   3.8336848760e-01
   9.4992331151e+02   1.1646412078e-01   0.0000000000e+00   5.0015337698e-01   0.0000000000e+00   0.0000000000e+00   3.8338250225e-01
   9.4992331151e+02   1.1646412078e-01   0.0000000000e+00   5.0015337698e-01   0.0000000000e+00   0.0000000000e+00   3.8338250225e-01
   9.4991417550e+02   1.1645986340e-01   0.0000000000e+00   5.0017164900e-01   0.0000000000e+00   0.0000000000e+00   3.8336848760e-01
   9.4991417550e+02   1.1645986340e-01   0.0000000000e+00   5.0017164900e-01   0.0000000000e+00   0.0000000000e+00   3.8336848760e-01
   9.4991417550e+02   1.1645986340e-01   0.0000000000e+00   5.0017164900e-01   0.0000000000e+00   0.0000000000e+00   3.8336848760e-01
   9.4991417550e+02   1.1645986340e-01   0.0000000000e+00   5.0017164900e-01   0.0000000000e+00   0.0000000000e+00   3.8336848760e-01
   9.4992331151e+02   1.1646412078e-01   0.0000000000e+00   5.0015337698e-01   0.0000000000e+00   0.0000000000e+00   3.8338250225e-01
   9.4992331151e+02   1.1646412078e-01   0.0000000000e+00   5.0015337698e-01   0.0000000000e+00   0.0000000000e+00   3.8338250225e-01
   9.4992331151e+02   1.1646412078e-01   0.0000000000e+00   5.0015337698e-01   0.0000000000e+00   0.0000000000e+00   3.8338250225e-01
   9.4992331151e+02   1.1646412078e-01   0.0000000000e+00   5.0015337698e-01   0.0000000000e+00   0.0000000000e+00   3.8338250225e-01
   9.5000709272e+02   1.1650316278e-01   0.0000000000e+00   4.9998581455e-01   0.0000000000e+00   0.0000000000e+00   3.8351102267e-01
   9.5000709272e+02   1.1650316278e-01   0.0000000000e+00   4.9998581455e-01   0.0000000000e+00   0.0000000000e+00   3.8351102267e-01
   9.5000709272e+02   1.1650316278e-01   0.0000000000e+00   4.9998581455e-01   0.0000000000e+00   0.0000000000e+00   3.8351102267e-01
   9.5000709272e+02   1.1650316278e-01   0.0000000000e+00   4.9998581455e-01   0.0000000000e+00   0.0000000000e+00   3.8351102267e-01
   9.5000709272e+02   1.1650316278e-01   0.0000000000e+00   4.9998581455e-01   0.0000000000e+00   0.0000000000e+00   3.8351102267e-01
   9.5000709272e+02   1.1650316278e-01   0.0000000000e+00   4.9998581455e-01   0.0000000000e+00   0.0000000000e+00   3.8351102267e-01
   9.5000709272e+02   1.1650316278e-01   0.0000000000e+00   4.9998581455e-01   0.0000000000e+00   0.0000000000e+00   3.8351102267e-01
   9.5000709272e+02   1.1650316278e-01   0.0000000000e+00   4.9998581455e-01   0.0000000000e+00   0.0000000000e+00   3.8351102267e-01
   9.5000709272e+02   1.1650316278e-01   0.0000000000e+00   4.9998581455e-01   0.0000000000e+00   0.0000000000e+00   3.8351102267e-01
   9.5000709272e+02   1.1650316278e-01   0.0000000000e+00   4.9998581455e-01   0.0000000000e+00   0.0000000000e+00   3.8351102267e-01
   9.5000709272e+02   1.1650316278e-01   0.0000000000e+00   4.9998581455e-01   0.0000000000e+00   0.0000000000e+00   3.8351102267e-01
   9.5000709272e+02   1.1650316278e-01   0.0000000000e+00   4.9998581455e-01   0.0000000000e+00   0.0000000000e+00   3.8351102267e-01
   9.5000709272e+02   1.1650316278e-01   0.0000000000e+00   4.9998581455e-01   0.0000000000e+00   0.0000000000e+00   3.8351102267e-01
   9.5000709272e+02   1.1650316278e-01   0.0000000000e+00   4.9998581455e-01   0.0000000000e+00   0.0000000000e+00   3.8351102267e-01
   9.5000709272e+02   1.1650316278e-01   0.0000000000e+00   4.9998581455e-01   0.0000000000e+00   0.0000000000e+00   3.8351102267e-01
   9.5000709272e+02   1.1650316278e-01   0.0000000000e+00   4.9998581455e-01   0.0000000000e+00   0.0000000000e+00   3.8351102267e-01
   9.5005947073e+02   1.1652757090e-01   0.0000000000e+00   4.9988105854e-01   0.0000000000e+00   0.0000000000e+00   3.8359137057e-01
   9.5005947073e+02   1.1652757090e-01   0.0000000000e+00   4.9988105854e-01   0.0000000000e+00   0.0000000000e+00   3.8359137057e-01
   9.5005947073e+02   1.1652757090e-01   0.0000000000e+00   4.9988105854e-01   0.0000000000e+00   0.0000000000e+00   3.8359137057e-01
   9.5005947073e+02   1.1652757090e-01   0.0000000000e+00   4.9988105854e-01   0.0000000000e+00   0.0000000000e+00   3.8359137057e-01
   9.5005947073e+02   1.1652757090e-01   0.0000000000e+00   4.9988105854e-01   0.0000000000e+00   0.0000000000e+00   3.8359137057e-01
   9.5005947073e+02   1.1652757090e-01   0.0000000000e+00   4.9988105854e-01   0.0000000000e+00   0.0000000000e+00   3.8359137057e-01
   9.5005947073e+02   1.1652757090e-01   0.0000000000e+00   4.9988105854e-01   0.0000000000e+00   0.0000000000e+00   3.8359137057e-01
   9.5005947073e+02   1.1652757090e-01   0.0000000000e+00   4.9988105854e-01   0.0000000000e+00   0.0000000000e+00   3.8359137057e-01
   9.5005894461e+02   1.1652732573e-01   0.0000000000e+00   4.9988211077e-01   0.0000000000e+00   0.0000000000e+00   3.8359056350e-01
   9.5005894461e+02   1.1652732573e-01   0.0000000000e+00   4.9988211077e-01   0.0000000000e+00   0.0000000000e+00   3.8359056350e-01
   9.5005894461e+02   1.1652732573e-01   0.0000000000e+00   4.9988211077e-01   0.0000000000e+00   0.0000000000e+00   3.8359056350e-01
   9.5005894461e+02   1.1652732573e-01   0.0000000000e+00   4.9988211077e-01   0.0000000000e+00   0.0000000000e+00   3.8359056350e-01
   9.5005929536e+02   1.1652748917e-01   0.0000000000e+00   4.9988140928e-01   0.0000000000e+00   0.0000000000e+00   3.8359110154e-01
   9.5005929536e+02   1.1652748917e-01   0.0000000000e+00   4.9988140928e-01   0.0000000000e+00   0.0000000000e+00   3.8359110154e-01
   9.5005929536e+02   1.1652748917e-01   0.0000000000e+00   4.9988140928e-01   0.0000000000e+00   0.0000000000e+00   3.8359110154e-01
   9.5005929536e+02   1.1652748917e-01   0.0000000000e+00   4.9988140928e-01   0.0000000000e+00   0.0000000000e+00   3.8359110154e-01
   9.5006109048e+02   1.1652832570e-01   0.0000000000e+00   4.9987781904e-01   0.0000000000e+00   0.0000000000e+00   3.8359385526e-01
   9.5006109048e+02   1.1652832570e-01   0.0000000000e+00   4.9987781904e-01   0.0000000000e+00   0.0000000000e+00   3.8359385526e-01
   9.5006109048e+02   1.1652832570e-01   0.0000000000e+00   4.9987781904e-01   0.0000000000e+00   0.0000000000e+00   3.8359385526e-01
   9.5006109048e+02   1.1652832570e-01   0.0000000000e+00   4.9987781904e-01   0.0000000000e+00   0.0000000000e+00   3.8359385526e-01
   9.5006165348e+02   1.1652858806e-01   0.0000000000e+00   4.9987669305e-01   0.0000000000e+00   0.0000000000e+00   3.8359471890e-01
   9.5006165348e+02   1.1652858806e-01   0.0000000000e+00   4.9987669305e-01   0.0000000000e+00   0.0000000000e+00   3.8359471890e-01
   9.5006165348e+02   1.1652858806e-01   0.0000000000e+00   4.9987669305e-01   0.0000000000e+00   0.0000000000e+00   3.8359471890e-01
   9.5006165348e+02   1.1652858806e-01   0.0000000000e+00   4.9987669305e-01   0.0000000000e+00   0.0000000000e+00   3.8359471890e-01
   9.5006123123e+02   1.1652839129e-01   0.0000000000e+00   4.9987753754e-01   0.0000000000e+00   0.0000000000e+00   3.8359407117e-01
   9.5006123123e+02   1.1652839129e-01   0.0000000000e+00   4.9987753754e-01   0.0000000000e+00   0.0000000000e+00   3.8359407117e-01
   9.5006123123e+02   1.1652839129e-01   0.0000000000e+00   4.9987753754e-01   0.0000000000e+00   0.0000000000e+00   3.8359407117e-01
   9.5006123123e+02   1.1652839129e-01   0.0000000000e+00   4.9987753754e-01   0.0000000000e+00   0.0000000000e+00   3.8359407117e-01
   9.5006059786e+02   1.1652809614e-01   0.0000000000e+00   4.9987880429e-01   0.0000000000e+00   0.0000000000e+00   3.8359309958e-01
   9.5006059786e+02   1.1652809614e-01   0.0000000000e+00   4.9987880429e-01   0.0000000000e+00   0.0000000000e+00   3.8359309958e-01
   9.5006186460e+02   1.1652868644e-01   0.0000000000e+00   4.9987627080e-01   0.0000000000e+00   0.0000000000e+00   3.8359504276e-01
   9.5006186460e+02   1.1652868644e-01   0.0000000000e+00   4.9987627080e-01   0.0000000000e+00   0.0000000000e+00   3.8359504276e-01
   9.5002720700e+02   1.1651253601e-01   0.0000000000e+00   4.9994558601e-01   0.0000000000e+00   0.0000000000e+00   3.8354187798e-01
   9.5002720700e+02   1.1651253601e-01   0.0000000000e+00   4.9994558601e-01   0.0000000000e+00   0.0000000000e+00   3.8354187798e-01
   9.5002720700e+02   1.1651253601e-01   0.0000000000e+00   4.9994558601e-01   0.0000000000e+00   0.0000000000e+00   3.8354187798e-01
   9.5002720700e+02   1.1651253601e-01   0.0000000000e+00   4.9994558601e-01   0.0000000000e+00   0.0000000000e+00   3.8354187798e-01
   9.5002720700e+02   1.1651253601e-01   0.0000000000e+00   4.9994558601e-01   0.0000000000e+00   0.0000000000e+00   3.8354187798e-01
   9.5002720700e+02   1.1651253601e-01   0.0000000000e+00   4.9994558601e-01   0.0000000000e+00   0.0000000000e+00   3.8354187798e-01
   9.5002720700e+02   1.1651253601e-01   0.0000000000e+00   4.9994558601e-01   0.0000000000e+00   0.0000000000e+00   3.8354187798e-01
   9.5002720700e+02   1.1651253601e-01   0.0000000000e+00   4.9994558601e-01   0.0000000000e+00   0.0000000000e+00   3.8354187798e-01
   9.5000823273e+02   1.1650369402e-01   0.0000000000e+00   4.9998353455e-01   0.0000000000e+00   0.0000000000e+00   3.8351277144e-01
   9.5000823273e+02   1.1650369402e-01   0.0000000000e+00   4.9998353455e-01   0.0000000000e+00   0.0000000000e+00   3.8351277144e-01
   9.5000823273e+02   1.1650369402e-01   0.0000000000e+00   4.9998353455e-01   0.0000000000e+00   0.0000000000e+00   3.8351277144e-01
   9.5000823273e+02   1.1650369402e-01   0.0000000000e+00   4.9998353455e-01   0.0000000000e+00   0.0000000000e+00   3.8351277144e-01
   9.5000823273e+02   1.1650369402e-01   0.0000000000e+00   4.9998353455e-01   0.0000000000e+00   0.0000000000e+00   3.8351277144e-01
   9.5000823273e+02   1.1650369402e-01   0.0000000000e+00   4.9998353455e-01   0.0000000000e+00   0.0000000000e+00   3.8351277144e-01
   9.5000823273e+02   1.1650369402e-01   0.0000000000e+00   4.9998353455e-01   0.0000000000e+00   0.0000000000e+00   3.8351277144e-01
   9.5000823273e+02   1.1650369402e-01   0.0000000000e+00   4.9998353455e-01   0.0000000000e+00   0.0000000000e+00   3.8351277144e-01
   9.5001570672e+02   1.1650717689e-01   0.0000000000e+00   4.9996858656e-01   0.0000000000e+00   0.0000000000e+00   3.8352423654e-01
   9.5001570672e+02   1.1650717689e-01   0.0000000000e+00   4.9996858656e-01   0.0000000000e+00   0.0000000000e+00   3.8352423654e-01
   9.5002840973e+02   1.1651309649e-01   0.0000000000e+00   4.9994318054e-01   0.0000000000e+00   0.0000000000e+00   3.8354372298e-01
   9.5002840973e+02   1.1651309649e-01   0.0000000000e+00   4.9994318054e-01   0.0000000000e+00   0.0000000000e+00   3.8354372298e-01
   9.5002840973e+02   1.1651309649e-01   0.0000000000e+00   4.9994318054e-01   0.0000000000e+00   0.0000000000e+00   3.8354372298e-01
   9.5002840973e+02   1.1651309649e-01   0.0000000000e+00   4.9994318054e-01   0.0000000000e+00   0.0000000000e+00   3.8354372298e-01
   9.5001570672e+02   1.1650717689e-01   0.0000000000e+00   4.9996858656e-01   0.0000000000e+00   0.0000000000e+00   3.8352423654e-01
   9.5001570672e+02   1.1650717689e-01   0.0000000000e+00   4.9996858656e-01   0.0000000000e+00   0.0000000000e+00   3.8352423654e-01
   9.5002205822e+02   1.1651013669e-01   0.0000000000e+00   4.9995588355e-01   0.0000000000e+00   0.0000000000e+00   3.8353397976e-01
   9.5002205822e+02   1.1651013669e-01   0.0000000000e+00   4.9995588355e-01   0.0000000000e+00   0.0000000000e+00   3.8353397976e-01
   9.5002205822e+02   1.1651013669e-01   0.0000000000e+00   4.9995588355e-01   0.0000000000e+00   0.0000000000e+00   3.8353397976e-01
   9.5002205822e+02   1.1651013669e-01   0.0000000000e+00   4.9995588355e-01   0.0000000000e+00   0.0000000000e+00   3.8353397976e-01
   9.5002205822e+02   1.1651013669e-01   0.0000000000e+00   4.9995588355e-01   0.0000000000e+00   0.0000000000e+00   3.8353397976e-01
   9.5002205822e+02   1.1651013669e-01   0.0000000000e+00   4.9995588355e-01   0.0000000000e+00   0.0000000000e+00   3.8353397976e-01
   9.5002205822e+02   1.1651013669e-01   0.0000000000e+00   4.9995588355e-01   0.0000000000e+00   0.0000000000e+00   3.8353397976e-01
   9.5002205822e+02   1.1651013669e-01   0.0000000000e+00   4.9995588355e-01   0.0000000000e+00   0.0000000000e+00   3.8353397976e-01