# time = 60.6171
# Grid Poins = 256    variable_0    variable_1    variable_2    variable_3    variable_4    variable_5    variable_6
   9.4997371244e+02   1.1648760758e-01   0.0000000000e+00   5.0005257513e-01   0.0000000000e+00   0.0000000000e+00   3.8345981729e-01
   9.4997371244e+02   1.1648760758e-01   0.0000000000e+00   5.0005257513e-01   0.0000000000e+00   0.0000000000e+00   3.8345981729e-01
   9.4997371244e+02   1.1648760758e-01   0.0000000000e+00   5.0005257513e-01   0.0000000000e+00   0.0000000000e+00   3.8345981729e-01
   9.4997371244e+02   1.1648760758e-01   0.0000000000e+00   5.0005257513e-01   0.0000000000e+00   0.0000000000e+00   3.8345981729e-01
   9.4997371244e+02   1.1648760758e-01   0.0000000000e+00   5.0005257513e-01   0.0000000000e+00   0.0000000000e+00   3.8345981729e-01
   9.4997371244e+02   1.1648760758e-01   0.0000000000e+00   5.0005257513e-01   0.0000000000e+00   0.0000000000e+00   3.8345981729e-01
   9.4997371244e+02   1.1648760758e-01   0.0000000000e+00   5.0005257513e-01   0.0000000000e+00   0.0000000000e+00   3.8345981729e-01
   9.4997371244e+02   1.1648760758e-01   0.0000000000e+00   5.0005257513e-01   0.0000000000e+00   0.0000000000e+00   3.8345981729e-01
   9.4998494345e+02   1.1649284123e-01   0.0000000000e+00   5.0003011310e-01   0.0000000000e+00   0.0000000000e+00   3.8347704567e-01
   9.4998494345e+02   1.1649284123e-01   0.0000000000e+00   5.0003011310e-01   0.0000000000e+00   0.0000000000e+00   3.8347704567e-01
   9.4998810283e+02   1.1649431349e-01   0.0000000000e+00   5.0002379434e-01   0.0000000000e+00   0.0000000000e+00   3.8348189216e-01
   9.4998810283e+02   1.1649431349e-01   0.0000000000e+00   5.0002379434e-01   0.0000000000e+00   0.0000000000e+00   3.8348189216e-01
   9.4998494345e+02   1.1649284123e-01   0.0000000000e+00   5.0003011310e-01   0.0000000000e+00   0.0000000000e+00   3.8347704567e-01
   9.4998494345e+02   1.1649284123e-01   0.0000000000e+00   5.0003011310e-01   0.0000000000e+00   0.0000000000e+00   3.8347704567e-01
   9.4998810283e+02   1.1649431349e-01   0.0000000000e+00   5.0002379434e-01   0.0000000000e+00   0.0000000000e+00   3.8348189216e-01
   9.4998810283e+02   1.1649431349e-01   0.0000000000e+00   5.0002379434e-01   0.0000000000e+00   0.0000000000e+00   3.8348189216e-01
   9.4999603778e+02   1.1649801118e-01   0.0000000000e+00   5.0000792444e-01   0.0000000000e+00   0.0000000000e+00   3.8349406438e-01
   9.4999603778e+02   1.1649801118e-01   0.0000000000e+00   5.0000792444e-01   0.0000000000e+00   0.0000000000e+00   3.8349406438e-01
   9.4999603778e+02   1.1649801118e-01   0.0000000000e+00   5.0000792444e-01   0.0000000000e+00   0.0000000000e+00   3.8349406438e-01
   9.4999603778e+02   1.1649801118e-01   0.0000000000e+00   5.0000792444e-01   0.0000000000e+00   0.0000000000e+00   3.8349406438e-01
   9.4999603778e+02   1.1649801118e-01   0.0000000000e+00   5.0000792444e-01   0.0000000000e+00   0.0000000000e+00   3.8349406438e-01
   9.4999603778e+02   1.1649801118e-01   0.0000000000e+00   5.0000792444e-01   0.0000000000e+00   0.0000000000e+00   3.8349406438e-01
   9.4999603778e+02   1.1649801118e-01   0.0000000000e+00   5.0000792444e-01   0.0000000000e+00   0.0000000000e+00   3.8349406438e-01
   9.4999603778e+02   1.1649801118e-01   0.0000000000e+00   5.0000792444e-01   0.0000000000e+00   0.0000000000e+00   3.8349406438e-01
   9.4999603778e+02   1.1649801118e-01   0.0000000000e+00   5.0000792444e-01   0.0000000000e+00   0.0000000000e+00   3.8349406438e-01
   9.4999603778e+02   1.1649801118e-01   0.0000000000e+00   5.0000792444e-01   0.0000000000e+00   0.0000000000e+00   3.8349406438e-01
   9.4999603778e+02   1.1649801118e-01   0.0000000000e+00   5.0000792444e-01   0.0000000000e+00   0.0000000000e+00   3.8349406438e-01
   9.4999603778e+02   1.1649801118e-01   0.0000000000e+00   5.0000792444e-01   0.0000000000e+00   0.0000000000e+00   3.8349406438e-01
   9.4999603778e+02   1.1649801118e-01   0.0000000000e+00   5.0000792444e-01   0.0000000000e+00   0.0000000000e+00   3.8349406438e-01
   9.4999603778e+02   1.1649801118e-01   0.0000000000e+00   5.0000792444e-01   0.0000000000e+00   0.0000000000e+00   3.8349406438e-01
   9.4999603778e+02   1.1649801118e-01   0.0000000000e+00   5.0000792444e-01   0.0000000000e+00   0.0000000000e+00   3.8349406438e-01
   9.4999603778e+02   1.1649801118e-01   0.0000000000e+00   5.0000792444e-01   0.0000000000e+00   0.0000000000e+00   3.8349406438e-01
   9.4998288815e+02   1.1649188346e-01   0.0000000000e+00   5.0003422370e-01   0.0000000000e+00   0.0000000000e+00   3.8347389284e-01
   9.4998288815e+02   1.1649188346e-01   0.0000000000e+00   5.0003422370e-01   0.0000000000e+00   0.0000000000e+00   3.8347389284e-01
   9.4998488549e+02   1.1649281422e-01   0.0000000000e+00   5.0003022901e-01   0.0000000000e+00   0.0000000000e+00   3.8347695677e-01
   9.4998488549e+02   1.1649281422e-01   0.0000000000e+00   5.0003022901e-01   0.0000000000e+00   0.0000000000e+00   3.8347695677e-01
   9.4998288815e+02   1.1649188346e-01   0.0000000000e+00   5.0003422370e-01   0.0000000000e+00   0.0000000000e+00   3.8347389284e-01
   9.4998288815e+02   1.1649188346e-01   0.0000000000e+00   5.0003422370e-01   0.0000000000e+00   0.0000000000e+00   3.8347389284e-01
   9.4998488549e+02   1.1649281422e-01   0.0000000000e+00   5.0003022901e-01   0.0000000000e+00   0.0000000000e+00   3.8347695677e-01
   9.4998488549e+02   1.1649281422e-01   0.0000000000e+00   5.0003022901e-01   0.0000000000e+00   0.0000000000e+00   3.8347695677e-01
   9.4998488549e+02   1.1649281422e-01   0.0000000000e+00   5.0003022901e-01   0.0000000000e+00   0.0000000000e+00   3.8347695677e-01
   9.4998488549e+02   1.1649281422e-01   0.0000000000e+00   5.0003022901e-01   0.0000000000e+00   0.0000000000e+00   3.8347695677e-01
   9.4998488549e+02   1.1649281422e-01   0.0000000000e+00   5.0003022901e-01   0.0000000000e+00   0.0000000000e+00   3.8347695677e-01
   9.4998488549e+02   1.1649281422e-01   0.0000000000e+00   5.0003022901e-01   0.0000000000e+00   0.0000000000e+00   3.8347695677e-01
   9.4998288815e+02   1.1649188346e-01   0.0000000000e+00   5.0003422370e-01   0.0000000000e+00   0.0000000000e+00   3.8347389284e-01
   9.4998288815e+02   1.1649188346e-01   0.0000000000e+00   5.0003422370e-01   0.0000000000e+00   0.0000000000e+00   3.8347389284e-01
   9.4998288815e+02   1.1649188346e-01   0.0000000000e+00   5.0003422370e-01   0.0000000000e+00   0.0000000000e+00   3.8347389284e-01
   9.4998288815e+02   1.1649188346e-01   0.0000000000e+00   5.0003422370e-01   0.0000000000e+00   0.0000000000e+00   3.8347389284e-01
   9.4998768384e+02   1.1649411825e-01   0.0000000000e+00   5.0002463232e-01   0.0000000000e+00   0.0000000000e+00   3.8348124943e-01
   9.4998768384e+02   1.1649411825e-01   0.0000000000e+00   5.0002463232e-01   0.0000000000e+00   0.0000000000e+00   3.8348124943e-01
   9.4998768384e+02   1.1649411825e-01   0.0000000000e+00   5.0002463232e-01   0.0000000000e+00   0.0000000000e+00   3.8348124943e-01
   9.4998768384e+02   1.1649411825e-01   0.0000000000e+00   5.0002463232e-01   0.0000000000e+00   0.0000000000e+00   3.8348124943e-01
   9.4998536244e+02   1.1649303647e-01   0.0000000000e+00   5.0002927513e-01   0.0000000000e+00   0.0000000000e+00   3.8347768840e-01
   9.4998536244e+02   1.1649303647e-01   0.0000000000e+00   5.0002927513e-01   0.0000000000e+00   0.0000000000e+00   3.8347768840e-01
   9.4998536244e+02   1.1649303647e-01   0.0000000000e+00   5.0002927513e-01   0.0000000000e+00   0.0000000000e+00   3.8347768840e-01
   9.4998536244e+02   1.1649303647e-01   0.0000000000e+00   5.0002927513e-01   0.0000000000e+00   0.0000000000e+00   3.8347768840e-01
   9.4997281427e+02   1.1648718903e-01   0.0000000000e+00   5.0005437147e-01   0.0000000000e+00   0.0000000000e+00   3.8345843950e-01
   9.4997281427e+02   1.1648718903e-01   0.0000000000e+00   5.0005437147e-01   0.0000000000e+00   0.0000000000e+00   3.8345843950e-01
   9.4997281427e+02   1.1648718903e-01   0.0000000000e+00   5.0005437147e-01   0.0000000000e+00   0.0000000000e+00   3.8345843950e-01
   9.4997281427e+02   1.1648718903e-01   0.0000000000e+00   5.0005437147e-01   0.0000000000e+00   0.0000000000e+00   3.8345843950e-01
   9.4997281427e+02   1.1648718903e-01   0.0000000000e+00   5.0005437147e-01   0.0000000000e+00   0.0000000000e+00   3.8345843950e-01
   9.4997281427e+02   1.1648718903e-01   0.0000000000e+00   5.0005437147e-01   0.0000000000e+00   0.0000000000e+00   3.8345843950e-01
   9.4997281427e+02   1.1648718903e-01   0.0000000000e+00   5.0005437147e-01   0.0000000000e+00   0.0000000000e+00   3.8345843950e-01
   9.4997281427e+02   1.1648718903e-01   0.0000000000e+00   5.0005437147e-01   0.0000000000e+00   0.0000000000e+00   3.8345843950e-01
   9.4999381681e+02   1.1649697621e-01   0.0000000000e+00   5.0001236638e-01   0.0000000000e+00   0.0000000000e+00   3.8349065741e-01
   9.4999381681e+02   1.1649697621e-01   0.0000000000e+00   5.0001236638e-01   0.0000000000e+00   0.0000000000e+00   3.8349065741e-01
   9.4999381681e+02   1.1649697621e-01   0.0000000000e+00   5.0001236638e-01   0.0000000000e+00   0.0000000000e+00   3.8349065741e-01
   9.4999381681e+02   1.1649697621e-01   0.0000000000e+00   5.0001236638e-01   0.0000000000e+00   0.0000000000e+00   3.8349065741e-01
   9.4999414552e+02   1.1649712938e-01   0.0000000000e+00   5.0001170897e-01   0.0000000000e+00   0.0000000000e+00   3.8349116165e-01
   9.4999414552e+02   1.1649712938e-01   0.0000000000e+00   5.0001170897e-01   0.0000000000e+00   0.0000000000e+00   3.8349116165e-01
   9.4999480293e+02   1.1649743574e-01   0.0000000000e+00   5.0001039414e-01   0.0000000000e+00   0.0000000000e+00   3.8349217012e-01
   9.4999480293e+02   1.1649743574e-01   0.0000000000e+00   5.0001039414e-01   0.0000000000e+00   0.0000000000e+00   3.8349217012e-01
   9.4999432608e+02   1.1649721353e-01   0.0000000000e+00   5.0001134784e-01   0.0000000000e+00   0.0000000000e+00   3.8349143863e-01
   9.4999432608e+02   1.1649721353e-01   0.0000000000e+00   5.0001134784e-01   0.0000000000e+00   0.0000000000e+00   3.8349143863e-01
   9.4999432608e+02   1.1649721353e-01   0.0000000000e+00   5.0001134784e-01   0.0000000000e+00   0.0000000000e+00   3.8349143863e-01
   9.4999432608e+02   1.1649721353e-01   0.0000000000e+00   5.0001134784e-01   0.0000000000e+00   0.0000000000e+00   3.8349143863e-01
   9.4999451302e+02   1.1649730064e-01   0.0000000000e+00   5.0001097396e-01   0.0000000000e+00   0.0000000000e+00   3.8349172540e-01
   9.4999451302e+02   1.1649730064e-01   0.0000000000e+00   5.0001097396e-01   0.0000000000e+00   0.0000000000e+00   3.8349172540e-01
   9.4999451302e+02   1.1649730064e-01   0.0000000000e+00   5.0001097396e-01   0.0000000000e+00   0.0000000000e+00   3.8349172540e-01
   9.4999451302e+02   1.1649730064e-01   0.0000000000e+00   5.0001097396e-01   0.0000000000e+00   0.0000000000e+00   3.8349172540e-01
   9.4999376149e+02   1.1649695043e-01   0.0000000000e+00   5.0001247703e-01   0.0000000000e+00   0.0000000000e+00   3.8349057255e-01
   9.4999376149e+02   1.1649695043e-01   0.0000000000e+00   5.0001247703e-01   0.0000000000e+00   0.0000000000e+00   3.8349057255e-01
   9.4999376149e+02   1.1649695043e-01   0.0000000000e+00   5.0001247703e-01   0.0000000000e+00   0.0000000000e+00   3.8349057255e-01
   9.4999376149e+02   1.1649695043e-01   0.0000000000e+00   5.0001247703e-01   0.0000000000e+00   0.0000000000e+00   3.8349057255e-01
   9.4999451302e+02   1.1649730064e-01   0.0000000000e+00   5.0001097396e-01   0.0000000000e+00   0.0000000000e+00   3.8349172540e-01
   9.4999451302e+02   1.1649730064e-01   0.0000000000e+00   5.0001097396e-01   0.0000000000e+00   0.0000000000e+00   3.8349172540e-01
   9.4999451302e+02   1.1649730064e-01   0.0000000000e+00   5.0001097396e-01   0.0000000000e+00   0.0000000000e+00   3.8349172540e-01
   9.4999451302e+02   1.1649730064e-01   0.0000000000e+00   5.0001097396e-01   0.0000000000e+00   0.0000000000e+00   3.8349172540e-01
   9.4999376149e+02   1.1649695043e-01   0.0000000000e+00   5.0001247703e-01   0.0000000000e+00   0.0000000000e+00   3.8349057255e-01
   9.4999376149e+02   1.1649695043e-01   0.0000000000e+00   5.0001247703e-01   0.0000000000e+00   0.0000000000e+00   3.8349057255e-01
   9.4999376149e+02   1.1649695043e-01   0.0000000000e+00   5.0001247703e-01   0.0000000000e+00   0.0000000000e+00   3.8349057255e-01
   9.4999376149e+02   1.1649695043e-01   0.0000000000e+00   5.0001247703e-01   0.0000000000e+00   0.0000000000e+00   3.8349057255e-01
   9.4999488690e+02   1.1649747487e-01   0.0000000000e+00   5.0001022620e-01   0.0000000000e+00   0.0000000000e+00   3.8349229893e-01
   9.4999488690e+02   1.1649747487e-01   0.0000000000e+00   5.0001022620e-01   0.0000000000e+00   0.0000000000e+00   3.8349229893e-01
   9.4999451302e+02   1.1649730064e-01   0.0000000000e+00   5.0001097396e-01   0.0000000000e+00   0.0000000000e+00   3.8349172540e-01
   9.4999451302e+02   1.1649730064e-01   0.0000000000e+00   5.0001097396e-01   0.0000000000e+00   0.0000000000e+00   3.8349172540e-01
   9.4998488301e+02   1.1649281306e-01   0.0000000000e+00   5.0003023399e-01   0.0000000000e+00   0.0000000000e+00   3.8347695295e-01
   9.4998488301e+02   1.1649281306e-01   0.0000000000e+00   5.0003023399e-01   0.0000000000e+00   0.0000000000e+00   3.8347695295e-01
   9.4998481708e+02   1.1649278234e-01   0.0000000000e+00   5.0003036584e-01   0.0000000000e+00   0.0000000000e+00   3.8347685182e-01
   9.4998481708e+02   1.1649278234e-01   0.0000000000e+00   5.0003036584e-01   0.0000000000e+00   0.0000000000e+00   3.8347685182e-01
   9.4998481708e+02   1.1649278234e-01   0.0000000000e+00   5.0003036584e-01   0.0000000000e+00   0.0000000000e+00   3.8347685182e-01
   9.4998481708e+02   1.1649278234e-01   0.0000000000e+00   5.0003036584e-01   0.0000000000e+00   0.0000000000e+00   3.8347685182e-01
   9.4998488301e+02   1.1649281306e-01   0.0000000000e+00   5.0003023399e-01   0.0000000000e+00   0.0000000000e+00   3.8347695295e-01
   9.4998488301e+02   1.1649281306e-01   0.0000000000e+00   5.0003023399e-01   0.0000000000e+00   0.0000000000e+00   3.8347695295e-01
   9.5000996936e+02   1.1650450329e-01   0.0000000000e+00   4.9998006128e-01   0.0000000000e+00   0.0000000000e+00   3.8351543543e-01
   9.5000996936e+02   1.1650450329e-01   0.0000000000e+00   4.9998006128e-01   0.0000000000e+00   0.0000000000e+00   3.8351543543e-01
   9.5000996936e+02   1.1650450329e-01   0.0000000000e+00   4.9998006128e-01   0.0000000000e+00   0.0000000000e+00   3.8351543543e-01
   9.5000996936e+02   1.1650450329e-01   0.0000000000e+00   4.9998006128e-01   0.0000000000e+00   0.0000000000e+00   3.8351543543e-01
   9.5003211535e+02   1.1651482330e-01   0.0000000000e+00   4.9993576931e-01   0.0000000000e+00   0.0000000000e+00   3.8354940739e-01
   9.5003211535e+02   1.1651482330e-01   0.0000000000e+00   4.9993576931e-01   0.0000000000e+00   0.0000000000e+00   3.8354940739e-01
   9.5000476424e+02   1.1650207771e-01   0.0000000000e+00   4.9999047151e-01   0.0000000000e+00   0.0000000000e+00   3.8350745078e-01
   9.5000476424e+02   1.1650207771e-01   0.0000000000e+00   4.9999047151e-01   0.0000000000e+00   0.0000000000e+00   3.8350745078e-01
   9.5000996936e+02   1.1650450329e-01   0.0000000000e+00   4.9998006128e-01   0.0000000000e+00   0.0000000000e+00   3.8351543543e-01
   9.5000996936e+02   1.1650450329e-01   0.0000000000e+00   4.9998006128e-01   0.0000000000e+00   0.0000000000e+00   3.8351543543e-01
   9.5000996936e+02   1.1650450329e-01   0.0000000000e+00   4.9998006128e-01   0.0000000000e+00   0.0000000000e+00   3.8351543543e-01
   9.5000996936e+02   1.1650450329e-01   0.0000000000e+00   4.9998006128e-01   0.0000000000e+00   0.0000000000e+00   3.8351543543e-01
   9.5001843980e+02   1.1650845050e-01   0.0000000000e+00   4.9996312041e-01   0.0000000000e+00   0.0000000000e+00   3.8352842909e-01
   9.5001843980e+02   1.1650845050e-01   0.0000000000e+00   4.9996312041e-01   0.0000000000e+00   0.0000000000e+00   3.8352842909e-01
   9.5001843980e+02   1.1650845050e-01   0.0000000000e+00   4.9996312041e-01   0.0000000000e+00   0.0000000000e+00   3.8352842909e-01
   9.5001843980e+02   1.1650845050e-01   0.0000000000e+00   4.9996312041e-01   0.0000000000e+00   0.0000000000e+00   3.8352842909e-01
   9.4998447559e+02   1.1649262320e-01   0.0000000000e+00   5.0003104882e-01   0.0000000000e+00   0.0000000000e+00   3.8347632797e-01
   9.4998447559e+02   1.1649262320e-01   0.0000000000e+00   5.0003104882e-01   0.0000000000e+00   0.0000000000e+00   3.8347632797e-01
   9.4998447559e+02   1.1649262320e-01   0.0000000000e+00   5.0003104882e-01   0.0000000000e+00   0.0000000000e+00   3.8347632797e-01
   9.4998447559e+02   1.1649262320e-01   0.0000000000e+00   5.0003104882e-01   0.0000000000e+00   0.0000000000e+00   3.8347632797e-01
   9.4998509265e+02   1.1649291075e-01   0.0000000000e+00   5.0002981471e-01   0.0000000000e+00   0.0000000000e+00   3.8347727454e-01
   9.4998509265e+02   1.1649291075e-01   0.0000000000e+00   5.0002981471e-01   0.0000000000e+00   0.0000000000e+00   3.8347727454e-01
   9.4998509265e+02   1.1649291075e-01   0.0000000000e+00   5.0002981471e-01   0.0000000000e+00   0.0000000000e+00   3.8347727454e-01
   9.4998509265e+02   1.1649291075e-01   0.0000000000e+00   5.0002981471e-01   0.0000000000e+00   0.0000000000e+00   3.8347727454e-01
   9.5002334735e+02   1.1651073742e-01   0.0000000000e+00   4.9995330529e-01   0.0000000000e+00   0.0000000000e+00   3.8353595728e-01
   9.5002334735e+02   1.1651073742e-01   0.0000000000e+00   4.9995330529e-01   0.0000000000e+00   0.0000000000e+00   3.8353595728e-01
   9.5002334735e+02   1.1651073742e-01   0.0000000000e+00   4.9995330529e-01   0.0000000000e+00   0.0000000000e+00   3.8353595728e-01
   9.5002334735e+02   1.1651073742e-01   0.0000000000e+00   4.9995330529e-01   0.0000000000e+00   0.0000000000e+00   3.8353595728e-01
   9.5002245677e+02   1.1651032241e-01   0.0000000000e+00   4.9995508645e-01   0.0000000000e+00   0.0000000000e+00   3.8353459113e-01
   9.5002245677e+02   1.1651032241e-01   0.0000000000e+00   4.9995508645e-01   0.0000000000e+00   0.0000000000e+00   3.8353459113e-01
   9.5002305049e+02   1.1651059909e-01   0.0000000000e+00   4.9995389901e-01   0.0000000000e+00   0.0000000000e+00   3.8353550190e-01
   9.5002305049e+02   1.1651059909e-01   0.0000000000e+00   4.9995389901e-01   0.0000000000e+00   0.0000000000e+00   3.8353550190e-01
   9.5002305049e+02   1.1651059909e-01   0.0000000000e+00   4.9995389901e-01   0.0000000000e+00   0.0000000000e+00   3.8353550190e-01
   9.5002305049e+02   1.1651059909e-01   0.0000000000e+00   4.9995389901e-01   0.0000000000e+00   0.0000000000e+00   3.8353550190e-01
   9.5002305049e+02   1.1651059909e-01   0.0000000000e+00   4.9995389901e-01   0.0000000000e+00   0.0000000000e+00   3.8353550190e-01
   9.5002305049e+02   1.1651059909e-01   0.0000000000e+00   4.9995389901e-01   0.0000000000e+00   0.0000000000e+00   3.8353550190e-01
   9.5002305049e+02   1.1651059909e-01   0.0000000000e+00   4.9995389901e-01   0.0000000000e+00   0.0000000000e+00   3.8353550190e-01
   9.5002305049e+02   1.1651059909e-01   0.0000000000e+00   4.9995389901e-01   0.0000000000e+00   0.0000000000e+00   3.8353550190e-01
   9.5002305049e+02   1.1651059909e-01   0.0000000000e+00   4.9995389901e-01   0.0000000000e+00   0.0000000000e+00   3.8353550190e-01
   9.5002305049e+02   1.1651059909e-01   0.0000000000e+00   4.9995389901e-01   0.0000000000e+00   0.0000000000e+00   3.8353550190e-01
   9.5002262722e+02   1.1651040184e-01   0.0000000000e+00   4.9995474557e-01   0.0000000000e+00   0.0000000000e+00   3.8353485259e-01
   9.5002262722e+02   1.1651040184e-01   0.0000000000e+00   4.9995474557e-01   0.0000000000e+00   0.0000000000e+00   3.8353485259e-01
   9.5002262722e+02   1.1651040184e-01   0.0000000000e+00   4.9995474557e-01   0.0000000000e+00   0.0000000000e+00   3.8353485259e-01
   9.5002262722e+02   1.1651040184e-01   0.0000000000e+00   4.9995474557e-01   0.0000000000e+00   0.0000000000e+00   3.8353485259e-01
   9.5002262722e+02   1.1651040184e-01   0.0000000000e+00   4.9995474557e-01   0.0000000000e+00   0.0000000000e+00   3.8353485259e-01
   9.5002262722e+02   1.1651040184e-01   0.0000000000e+00   4.9995474557e-01   0.0000000000e+00   0.0000000000e+00   3.8353485259e-01
   9.5002262722e+02   1.1651040184e-01   0.0000000000e+00   4.9995474557e-01   0.0000000000e+00   0.0000000000e+00   3.8353485259e-01
   9.5002262722e+02   1.1651040184e-01   0.0000000000e+00   4.9995474557e-01   0.0000000000e+00   0.0000000000e+00   3.8353485259e-01
   9.5001944875e+02   1.1650892068e-01   0.0000000000e+00   4.9996110250e-01   0.0000000000e+00   0.0000000000e+00   3.8352997683e-01
   9.5001944875e+02   1.1650892068e-01   0.0000000000e+00   4.9996110250e-01   0.0000000000e+00   0.0000000000e+00   3.8352997683e-01
   9.5001944875e+02   1.1650892068e-01   0.0000000000e+00   4.9996110250e-01   0.0000000000e+00   0.0000000000e+00   3.8352997683e-01
   9.5001944875e+02   1.1650892068e-01   0.0000000000e+00   4.9996110250e-01   0.0000000000e+00   0.0000000000e+00   3.8352997683e-01
   9.5001944875e+02   1.1650892068e-01   0.0000000000e+00   4.9996110250e-01   0.0000000000e+00   0.0000000000e+00   3.8352997683e-01
   9.5001944875e+02   1.1650892068e-01   0.0000000000e+00   4.9996110250e-01   0.0000000000e+00   0.0000000000e+00   3.8352997683e-01
   9.5001944875e+02   1.1650892068e-01   0.0000000000e+00   4.9996110250e-01   0.0000000000e+00   0.0000000000e+00   3.8352997683e-01
   9.5001944875e+02   1.1650892068e-01   0.0000000000e+00   4.9996110250e-01   0.0000000000e+00   0.0000000000e+00   3.8352997683e-01
   9.5001671440e+02   1.1650764647e-01   0.0000000000e+00   4.9996657119e-01   0.0000000000e+00   0.0000000000e+00   3.8352578233e-01
   9.5001671440e+02   1.1650764647e-01   0.0000000000e+00   4.9996657119e-01   0.0000000000e+00   0.0000000000e+00   3.8352578233e-01
   9.5000534374e+02   1.1650234775e-01   0.0000000000e+00   4.9998931252e-01   0.0000000000e+00   0.0000000000e+00   3.8350833973e-01
   9.5000534374e+02   1.1650234775e-01   0.0000000000e+00   4.9998931252e-01   0.0000000000e+00   0.0000000000e+00   3.8350833973e-01
   9.5001102907e+02   1.1650499711e-01   0.0000000000e+00   4.9997794186e-01   0.0000000000e+00   0.0000000000e+00   3.8351706103e-01
   9.5001102907e+02   1.1650499711e-01   0.0000000000e+00   4.9997794186e-01   0.0000000000e+00   0.0000000000e+00   3.8351706103e-01
   9.5001102907e+02   1.1650499711e-01   0.0000000000e+00   4.9997794186e-01   0.0000000000e+00   0.0000000000e+00   3.8351706103e-01
   9.5001102907e+02   1.1650499711e-01   0.0000000000e+00   4.9997794186e-01   0.0000000000e+00   0.0000000000e+00   3.8351706103e-01
   9.5001082610e+02   1.1650490253e-01   0.0000000000e+00   4.9997834779e-01   0.0000000000e+00   0.0000000000e+00   3.8351674968e-01
   9.5001082610e+02   1.1650490253e-01   0.0000000000e+00   4.9997834779e-01   0.0000000000e+00   0.0000000000e+00   3.8351674968e-01
   9.5001082610e+02   1.1650490253e-01   0.0000000000e+00   4.9997834779e-01   0.0000000000e+00   0.0000000000e+00   3.8351674968e-01
   9.5001082610e+02   1.1650490253e-01   0.0000000000e+00   4.9997834779e-01   0.0000000000e+00   0.0000000000e+00   3.8351674968e-01
   9.5003463901e+02   1.1651599933e-01   0.0000000000e+00   4.9993072198e-01   0.0000000000e+00   0.0000000000e+00   3.8355327869e-01
   9.5003463901e+02   1.1651599933e-01   0.0000000000e+00   4.9993072198e-01   0.0000000000e+00   0.0000000000e+00   3.8355327869e-01
   9.5003463901e+02   1.1651599933e-01   0.0000000000e+00   4.9993072198e-01   0.0000000000e+00   0.0000000000e+00   3.8355327869e-01
   9.5003463901e+02   1.1651599933e-01   0.0000000000e+00   4.9993072198e-01   0.0000000000e+00   0.0000000000e+00   3.8355327869e-01
   9.5003404118e+02   1.1651572074e-01   0.0000000000e+00   4.9993191763e-01   0.0000000000e+00   0.0000000000e+00   3.8355236163e-01
   9.5003404118e+02   1.1651572074e-01   0.0000000000e+00   4.9993191763e-01   0.0000000000e+00   0.0000000000e+00   3.8355236163e-01
   9.5003468978e+02   1.1651602299e-01   0.0000000000e+00   4.9993062044e-01   0.0000000000e+00   0.0000000000e+00   3.8355335657e-01
   9.5003468978e+02   1.1651602299e-01   0.0000000000e+00   4.9993062044e-01   0.0000000000e+00   0.0000000000e+00   3.8355335657e-01
   9.5002089322e+02   1.1650959380e-01   0.0000000000e+00   4.9995821357e-01   0.0000000000e+00   0.0000000000e+00   3.8353219264e-01
   9.5002089322e+02   1.1650959380e-01   0.0000000000e+00   4.9995821357e-01   0.0000000000e+00   0.0000000000e+00   3.8353219264e-01
   9.5002089322e+02   1.1650959380e-01   0.0000000000e+00   4.9995821357e-01   0.0000000000e+00   0.0000000000e+00   3.8353219264e-01
   9.5002089322e+02   1.1650959380e-01   0.0000000000e+00   4.9995821357e-01   0.0000000000e+00   0.0000000000e+00   3.8353219264e-01
   9.5000199689e+02   1.1650078812e-01   0.0000000000e+00   4.9999600622e-01   0.0000000000e+00   0.0000000000e+00   3.8350320566e-01
   9.5000199689e+02   1.1650078812e-01   0.0000000000e+00   4.9999600622e-01   0.0000000000e+00   0.0000000000e+00   3.8350320566e-01
   9.5000199689e+02   1.1650078812e-01   0.0000000000e+00   4.9999600622e-01   0.0000000000e+00   0.0000000000e+00   3.8350320566e-01
   9.5000199689e+02   1.1650078812e-01   0.0000000000e+00   4.9999600622e-01   0.0000000000e+00   0.0000000000e+00   3.8350320566e-01
   9.5000199689e+02   1.1650078812e-01   0.0000000000e+00   4.9999600622e-01   0.0000000000e+00   0.0000000000e+00   3.8350320566e-01
   9.5000199689e+02   1.1650078812e-01   0.0000000000e+00   4.9999600622e-01   0.0000000000e+00   0.0000000000e+00   3.8350320566e-01
   9.5000199689e+02   1.1650078812e-01   0.0000000000e+00   4.9999600622e-01   0.0000000000e+00   0.0000000000e+00   3.8350320566e-01
   9.5000199689e+02   1.1650078812e-01   0.0000000000e+00   4.9999600622e-01   0.0000000000e+00   0.0000000000e+00   3.8350320566e-01
   9.5000203951e+02   1.1650080798e-01   0.0000000000e+00   4.9999592097e-01   0.0000000000e+00   0.0000000000e+00   3.8350327105e-01
   9.5000203951e+02   1.1650080798e-01   0.0000000000e+00   4.9999592097e-01   0.0000000000e+00   0.0000000000e+00   3.8350327105e-01
   9.5000203951e+02   1.1650080798e-01   0.0000000000e+00   4.9999592097e-01   0.0000000000e+00   0.0000000000e+00   3.8350327105e-01
   9.5000203951e+02   1.1650080798e-01   0.0000000000e+00   4.9999592097e-01   0.0000000000e+00   0.0000000000e+00   3.8350327105e-01
   9.5000203951e+02   1.1650080798e-01   0.0000000000e+00   4.9999592097e-01   0.0000000000e+00   0.0000000000e+00   3.8350327105e-01
   9.5000203951e+02   1.1650080798e-01   0.0000000000e+00   4.9999592097e-01   0.0000000000e+00   0.0000000000e+00   3.8350327105e-01
   9.5000203951e+02   1.1650080798e-01   0.0000000000e+00   4.9999592097e-01   0.0000000000e+00   0.0000000000e+00   3.8350327105e-01
   9.5000203951e+02   1.1650080798e-01   0.0000000000e+00   4.9999592097e-01   0.0000000000e+00   0.0000000000e+00   3.8350327105e-01
   9.5000303913e+02   1.1650127380e-01   0.0000000000e+00   4.9999392175e-01   0.0000000000e+00   0.0000000000e+00   3.8350480445e-01
   9.5000303913e+02   1.1650127380e-01   0.0000000000e+00   4.9999392175e-01   0.0000000000e+00   0.0000000000e+00   3.8350480445e-01
   9.5000303913e+02   1.1650127380e-01   0.0000000000e+00   4.9999392175e-01   0.0000000000e+00   0.0000000000e+00   3.8350480445e-01
   9.5000303913e+02   1.1650127380e-01   0.0000000000e+00   4.9999392175e-01   0.0000000000e+00   0.0000000000e+00   3.8350480445e-01
   9.5000004029e+02   1.1649987634e-01   0.0000000000e+00   4.9999991942e-01   0.0000000000e+00   0.0000000000e+00   3.8350020423e-01
   9.5000004029e+02   1.1649987634e-01   0.0000000000e+00   4.9999991942e-01   0.0000000000e+00   0.0000000000e+00   3.8350020423e-01
   9.5000203951e+02   1.1650080798e-01   0.0000000000e+00   4.9999592097e-01   0.0000000000e+00   0.0000000000e+00   3.8350327105e-01
   9.5000203951e+02   1.1650080798e-01   0.0000000000e+00   4.9999592097e-01   0.0000000000e+00   0.0000000000e+00   3.8350327105e-01
   9.5000732466e+02   1.1650327086e-01   0.0000000000e+00   4.9998535068e-01   0.0000000000e+00   0.0000000000e+00   3.8351137846e-01
   9.5000732466e+02   1.1650327086e-01   0.0000000000e+00   4.9998535068e-01   0.0000000000e+00   0.0000000000e+00   3.8351137846e-01
   9.5001944456e+02   1.1650891873e-01   0.0000000000e+00   4.9996111087e-01   0.0000000000e+00   0.0000000000e+00   3.8352997040e-01
   9.5001944456e+02   1.1650891873e-01   0.0000000000e+00   4.9996111087e-01   0.0000000000e+00   0.0000000000e+00   3.8352997040e-01
   9.5000732466e+02   1.1650327086e-01   0.0000000000e+00   4.9998535068e-01   0.0000000000e+00   0.0000000000e+00   3.8351137846e-01
   9.5000732466e+02   1.1650327086e-01   0.0000000000e+00   4.9998535068e-01   0.0000000000e+00   0.0000000000e+00   3.8351137846e-01
   9.5002103781e+02   1.1650966118e-01   0.0000000000e+00   4.9995792437e-01   0.0000000000e+00   0.0000000000e+00   3.8353241445e-01
   9.5002103781e+02   1.1650966118e-01   0.0000000000e+00   4.9995792437e-01   0.0000000000e+00   0.0000000000e+00   3.8353241445e-01
   9.4999654983e+02   1.1649824979e-01   0.0000000000e+00   5.0000690034e-01   0.0000000000e+00   0.0000000000e+00   3.8349484986e-01
   9.4999654983e+02   1.1649824979e-01   0.0000000000e+00   5.0000690034e-01   0.0000000000e+00   0.0000000000e+00   3.8349484986e-01
   9.4999654983e+02   1.1649824979e-01   0.0000000000e+00   5.0000690034e-01   0.0000000000e+00   0.0000000000e+00   3.8349484986e-01
   9.4999654983e+02   1.1649824979e-01   0.0000000000e+00   5.0000690034e-01   0.0000000000e+00   0.0000000000e+00   3.8349484986e-01
   9.4999654983e+02   1.1649824979e-01   0.0000000000e+00   5.0000690034e-01   0.0000000000e+00   0.0000000000e+00   3.8349484986e-01
   9.4999654983e+02   1.1649824979e-01   0.0000000000e+00   5.0000690034e-01   0.0000000000e+00   0.0000000000e+00   3.8349484986e-01
   9.4999654983e+02   1.1649824979e-01   0.0000000000e+00   5.0000690034e-01   0.0000000000e+00   0.0000000000e+00   3.8349484986e-01
   9.4999654983e+02   1.1649824979e-01   0.0000000000e+00   5.0000690034e-01   0.0000000000e+00   0.0000000000e+00   3.8349484986e-01
   9.5000732466e+02   1.1650327086e-01   0.0000000000e+00   4.9998535068e-01   0.0000000000e+00   0.0000000000e+00   3.8351137846e-01
   9.5000732466e+02   1.1650327086e-01   0.0000000000e+00   4.9998535068e-01   0.0000000000e+00   0.0000000000e+00   3.8351137846e-01
   9.5000732466e+02   1.1650327086e-01   0.0000000000e+00   4.9998535068e-01   0.0000000000e+00   0.0000000000e+00   3.8351137846e-01
   9.5000732466e+02   1.1650327086e-01   0.0000000000e+00   4.9998535068e-01   0.0000000000e+00   0.0000000000e+00   3.8351137846e-01
   9.5002103781e+02   1.1650966118e-01   0.0000000000e+00   4.9995792437e-01   0.0000000000e+00   0.0000000000e+00   3.8353241445e-01
   9.5002103781e+02   1.1650966118e-01   0.0000000000e+00   4.9995792437e-01   0.0000000000e+00   0.0000000000e+00   3.8353241445e-01
   9.5002900406e+02   1.1651337344e-01   0.0000000000e+00   4.9994199189e-01   0.0000000000e+00   0.0000000000e+00   3.8354463467e-01
   9.5002900406e+02   1.1651337344e-01   0.0000000000e+00   4.9994199189e-01   0.0000000000e+00   0.0000000000e+00   3.8354463467e-01
   9.4999654983e+02   1.1649824979e-01   0.0000000000e+00   5.0000690034e-01   0.0000000000e+00   0.0000000000e+00   3.8349484986e-01
   9.4999654983e+02   1.1649824979e-01   0.0000000000e+00   5.0000690034e-01   0.0000000000e+00   0.0000000000e+00   3.8349484986e-01
   9.4999305937e+02   1.1649662324e-01   0.0000000000e+00   5.0001388126e-01   0.0000000000e+00   0.0000000000e+00   3.8348949550e-01
   9.4999305937e+02   1.1649662324e-01   0.0000000000e+00   5.0001388126e-01   0.0000000000e+00   0.0000000000e+00   3.8348949550e-01
   9.4999654983e+02   1.1649824979e-01   0.0000000000e+00   5.0000690034e-01   0.0000000000e+00   0.0000000000e+00   3.8349484986e-01
   9.4999654983e+02   1.1649824979e-01   0.0000000000e+00   5.0000690034e-01   0.0000000000e+00   0.0000000000e+00   3.8349484986e-01
   9.5000004029e+02   1.1649987634e-01   0.0000000000e+00   4.9999991942e-01   0.0000000000e+00   0.0000000000e+00   3.8350020423e-01
   9.5000004029e+02   1.1649987634e-01   0.0000000000e+00   4.9999991942e-01   0.0000000000e+00   0.0000000000e+00   3.8350020423e-01
   9.4998303184e+02   1.1649195042e-01   0.0000000000e+00   5.0003393633e-01   0.0000000000e+00   0.0000000000e+00   3.8347411326e-01
   9.4998303184e+02   1.1649195042e-01   0.0000000000e+00   5.0003393633e-01   0.0000000000e+00   0.0000000000e+00   3.8347411326e-01
   9.4998303184e+02   1.1649195042e-01   0.0000000000e+00   5.0003393633e-01   0.0000000000e+00   0.0000000000e+00   3.8347411326e-01
   9.4998303184e+02   1.1649195042e-01   0.0000000000e+00   5.0003393633e-01   0.0000000000e+00   0.0000000000e+00   3.8347411326e-01
   9.4998303184e+02   1.1649195042e-01   0.0000000000e+00   5.0003393633e-01   0.0000000000e+00   0.0000000000e+00   3.8347411326e-01
   9.4998303184e+02   1.1649195042e-01   0.0000000000e+00   5.0003393633e-01   0.0000000000e+00   0.0000000000e+00   3.8347411326e-01
   9.4998303184e+02   1.1649195042e-01   0.0000000000e+00   5.0003393633e-01   0.0000000000e+00   0.0000000000e+00   3.8347411326e-01
   9.4998303184e+02   1.1649195042e-01   0.0000000000e+00   5.0003393633e-01   0.0000000000e+00   0.0000000000e+00   3.8347411326e-01
   9.4998387039e+02   1.1649234118e-01   0.0000000000e+00   5.0003225921e-01   0.0000000000e+00   0.0000000000e+00   3.8347539960e-01
   9.4998387039e+02   1.1649234118e-01   0.0000000000e+00   5.0003225921e-01   0.0000000000e+00   0.0000000000e+00   3.8347539960e-01
   9.4998387039e+02   1.1649234118e-01   0.0000000000e+00   5.0003225921e-01   0.0000000000e+00   0.0000000000e+00   3.8347539960e-01
   9.4998387039e+02   1.1649234118e-01   0.0000000000e+00   5.0003225921e-01   0.0000000000e+00   0.0000000000e+00   3.8347539960e-01
   9.4998387039e+02   1.1649234118e-01   0.0000000000e+00   5.0003225921e-01   0.0000000000e+00   0.0000000000e+00   3.8347539960e-01
   9.4998387039e+02   1.1649234118e-01   0.0000000000e+00   5.0003225921e-01   0.0000000000e+00   0.0000000000e+00   3.8347539960e-01
   9.4998387039e+02   1.1649234118e-01   0.0000000000e+00   5.0003225921e-01   0.0000000000e+00   0.0000000000e+00   3.8347539960e-01
   9.4998387039e+02   1.1649234118e-01   0.0000000000e+00   5.0003225921e-01   0.0000000000e+00   0.0000000000e+00   3.8347539960e-01